0 1.2 3.3965833333333335 5.515613602285989 21.568 1.229 0 0
10 0.9 1.3024444444444445 0.15102914443621748 21.568 0.943 3.3965833333333335 12
20 1 1.7169 1.1938117481412216 21.568 0.865 2.4990952380952383 21
30 1.2 1.2822499999999997 0.14180745455252577 21.568 0.865 2.2467741935483874 31
40 0.7 1.987 1.417016080158786 21.568 0.865 1.977604651162791 43
50 1.3 1.3623076923076924 0.09262030398384134 21.568 0.865 1.9789200000000002 50
60 1.8 2.3006666666666664 3.2688516332192252 21.568 0.865 1.8516825396825398 63
70 2 1.30295 0.15994107508704572 21.568 0.812 1.9514567901234565 81
80 3.7 1.444675675675676 0.9804349297992649 21.568 0.76 1.8230396039603958 101
90 3.4 1.5522352941176472 1.091757462260453 21.568 0.76 1.7215942028985507 138
100 3.9 1.3353333333333335 0.38414249047905785 21.568 0.76 1.6881162790697675 172
110 3.1 1.298612903225807 0.1579041516991537 21.568 0.76 1.6229099526066348 211
120 3 1.4654333333333334 1.0441218857117314 21.568 0.76 1.5813677685950411 242
130 2.5 1.2519599999999997 0.1384111209404793 21.568 0.76 1.5685808823529412 272
140 4.7 1.5776382978723402 2.0033995089786325 21.568 0.76 1.541929292929293 297
150 6 1.17485 0.26144584047178865 21.568 0.76 1.5468081395348836 344
160 2.1 1.7635714285714283 1.7376232692532465 21.568 0.76 1.4915668316831683 404
170 0.9 1.3355555555555556 0.07773332062765924 21.568 0.76 1.5050070588235291 425
180 2.5 2.1638 4.198669208213479 22.692 0.76 1.5014930875576036 434
190 1.6 1.360125 0.13268566002021467 22.692 0.76 1.5375664488017429 459
200 1.5 1.3744 0.10418240414452587 22.692 0.76 1.5315894736842102 475
210 1.6 1.2923125000000002 0.1685136191640011 22.692 0.76 1.5267775510204078 490
220 0.8 1.3228749999999998 0.11710725585974606 22.692 0.76 1.5193636363636362 506
230 1 1.3825999999999996 0.07678567574749882 22.692 0.76 1.5163054474708169 514
240 2.1 1.705047619047619 1.1797234331337187 22.692 0.76 1.5137538167938929 524
250 2.8 1.3574285714285712 0.16544904881897035 22.692 0.76 1.5211247706422018 545
254 1.1 1.1900909090909093 0.27798706789589217 22.692 0.76 1.5131256544502618 573
