0 0.1 3521.0546875 0 3521.0546875 3521.0546875 0 0
10 0.1 3522.05078125 0.0 3522.05078125 3521.0546875 3521.0546875 1
20 0.1 3521.7734375 0.0 3522.05078125 3521.0546875 3521.552734375 2
30 0.1 3521.67578125 0.0 3522.05078125 3521.0546875 3521.6263020833335 3
40 0.1 3521.6015625 0.0 3522.05078125 3521.0546875 3521.638671875 4
50 0.1 3521.83984375 0.0 3522.05078125 3521.0546875 3521.63125 5
60 0.1 3520.765625 0.0 3522.05078125 3520.765625 3521.666015625 6
70 0.1 3520.41015625 0.0 3522.05078125 3520.41015625 3521.5373883928573 7
80 0.1 3519.5703125 0.0 3522.05078125 3519.5703125 3521.396484375 8
90 0.1 3518.59765625 0.0 3522.05078125 3518.59765625 3521.1935763888887 9
100 0.1 3518.34765625 0.0 3522.05078125 3518.34765625 3520.933984375 10
110 0.1 3517.7265625 0.0 3522.05078125 3517.7265625 3520.6988636363635 11
120 0.1 3516.265625 0.0 3522.05078125 3516.265625 3520.451171875 12
130 0.1 3515.44921875 0.0 3522.05078125 3515.44921875 3520.129206730769 13
140 0.1 3513.65234375 0.0 3522.05078125 3513.65234375 3519.794921875 14
150 0.1 3513.3828125 0.0 3522.05078125 3513.3828125 3519.3854166666665 15
160 0.1 3512.140625 0.0 3522.05078125 3512.140625 3519.01025390625 16
170 0.1 3513.109375 0.0 3522.05078125 3512.140625 3518.606158088235 17
180 0.1 3512.046875 0.0 3522.05078125 3512.046875 3518.30078125 18
190 0.1 3511.09765625 0.0 3522.05078125 3511.09765625 3517.9716282894738 19
200 0.1 3511.10546875 0.0 3522.05078125 3511.09765625 3517.6279296875 20
210 0.1 3510.9921875 0.0 3522.05078125 3510.9921875 3517.317336309524 21
220 0.1 3511.09375 0.0 3522.05078125 3510.9921875 3517.0298295454545 22
230 0.1 3511.2265625 0.0 3522.05078125 3510.9921875 3516.771739130435 23
240 0.1 3511.234375 0.0 3522.05078125 3510.9921875 3516.5406901041665 24
250 0.1 3511.2421875 0.0 3522.05078125 3510.9921875 3516.3284375 25
254 0.1 3511.25 0.0 3522.05078125 3510.9921875 3516.1328125 26
