0 9.22421875 9.22421875
10 7.31796875 16.5421875
20 5.82109375 22.36328125
30 18.5734375 40.93671875
40 14.93359375 55.8703125
50 26.665625 82.5359375
60 22.34765625 104.88359375
70 21.13203125 126.015625
80 48.42421875 174.43984375
90 49.3875 223.82734375
100 54.17109375 277.9984375
110 53.40703125 331.40546875
120 50.04453125 381.45
130 54.215625 435.665625
140 61.47578125 497.14140625
150 98.6453125 595.78671875
160 36.49296875 632.2796875
170 50.19140625 682.47109375
180 69.21953125 751.690625
190 39.3640625 791.0546875
200 23.7046875 814.759375
210 25.284375 840.04375
220 12.64375 852.6875
230 15.8015625 868.4890625
240 33.18671875 901.67578125
250 38.0875 939.76328125
254 7.7 947.46328125
