0 9 90
10 11.2 202
20 9.2 294
30 17.1 465
40 25.5 720
50 25.7 977
60 29 1267
70 38.5 1652
80 38.6 2038
90 46.6 2504
100 49.3 2997
110 55.2 3549
120 56.2 4111
130 62.1 4732
140 64.2 5374
150 73.9 6113
160 76.1 6874
170 76.1 7635
180 79.8 8433
190 89 9323
200 88.8 10211
210 97.3 11184
220 99.4 12178
230 94.6 13124
240 109.5 14219
250 103.5 15254
260 120.4 16458
270 119.9 17657
280 130.9 18966
290 123.4 20200
300 125.6 21456
310 122.8 22684
320 124.4 23928
330 114.5 25073
340 82.4 25897
350 83.3 26730
360 55.9 27289
370 26.3 27552
