0 0.1 2.0709796961152955 0 2.0709796961152955 2.0709796961152955 0 0
10 0.1 1.898101898101898 0.0 2.0709796961152955 1.898101898101898 2.0709796961152955 1
20 0.1 2.0874751491053676 0.0 2.0874751491053676 1.898101898101898 1.9845407971085969 2
30 0.1 3.48605577689243 0.0 3.48605577689243 1.898101898101898 2.0188522477741873 3
40 0.1 1.998001998001998 0.0 3.48605577689243 1.898101898101898 2.385653130053748 4
50 0.1 1.9076305220883536 0.0 3.48605577689243 1.898101898101898 2.308122903643398 5
60 0.1 1.6096579476861168 0.0 3.48605577689243 1.6096579476861168 2.241374173384224 6
70 0.1 1.8181818181818181 0.0 3.48605577689243 1.6096579476861168 2.151128998284494 7
80 0.1 2.327935222672065 0.0 3.48605577689243 1.6096579476861168 2.1095106007716593 8
90 0.1 2.82258064516129 0.0 3.48605577689243 1.6096579476861168 2.133780003205038 9
100 0.1 4.568527918781726 0.0 4.568527918781726 1.6096579476861168 2.202660067400663 10
110 0.1 4.124748490945674 0.0 4.568527918781726 1.6096579476861168 2.4177389629807595 11
120 0.1 4.133064516129032 0.0 4.568527918781726 1.6096579476861168 2.559989756977836 12
130 0.1 3.4552845528455287 0.0 4.568527918781726 1.6096579476861168 2.6809955076817737 13
140 0.1 4.934541792547835 0.0 4.934541792547835 1.6096579476861168 2.7363018680506133 14
150 0.1 4.471544715447155 0.0 4.934541792547835 1.6096579476861168 2.882851196350428 15
160 0.1 5.696846388606307 0.0 5.696846388606307 1.6096579476861168 2.982144541293973 16
170 0.1 5.268490374873354 0.0 5.696846388606307 1.6096579476861168 3.141832885253522 17
180 0.1 6.0606060606060606 0.0 6.0606060606060606 1.6096579476861168 3.259980523565735 18
190 0.1 6.180344478216818 0.0 6.180344478216818 1.6096579476861168 3.407381867620489 19
200 0.1 4.94335736354274 0.0 6.180344478216818 1.6096579476861168 3.5460299981503054 20
210 0.1 5.112474437627812 0.0 6.180344478216818 1.6096579476861168 3.6125693965023267 21
220 0.1 5.95482546201232 0.0 6.180344478216818 1.6096579476861168 3.6807468983716665 22
230 0.1 7.785642062689585 0.0 7.785642062689585 1.6096579476861168 3.7796198793995215 23
240 0.1 10.552763819095476 0.0 10.552763819095476 1.6096579476861168 3.946537470369941 24
250 0.1 7.8491335372069315 0.0 10.552763819095476 1.6096579476861168 4.210786524318962 25
260 0.1 7.267144319344933 0.0 10.552763819095476 1.6096579476861168 4.350722947891577 26
270 0.1 7.8491335372069315 0.0 10.552763819095476 1.6096579476861168 4.458738554241702 27
280 0.1 7.357512953367876 0.0 10.552763819095476 1.6096579476861168 4.5798240893476025 28
290 0.1 8.539094650205762 0.0 10.552763819095476 1.6096579476861168 4.675606463968991 29
300 0.1 8.49539406345957 0.0 10.552763819095476 1.6096579476861168 4.804389403510217 30
310 0.1 8.367768595041323 0.0 10.552763819095476 1.6096579476861168 4.923454069960196 31
320 0.1 9.230769230769232 0.0 10.552763819095476 1.6096579476861168 5.0310888988689815 32
330 0.1 9.053497942386832 0.0 10.552763819095476 1.6096579476861168 5.158351939229595 33
340 0.1 5.5045871559633035 0.0 10.552763819095476 1.6096579476861168 5.272915056969514 34
350 0.1 5.544354838709677 0.0 10.552763819095476 1.6096579476861168 5.279534259797908 35
360 0.1 5.065856129685916 0.0 10.552763819095476 1.6096579476861168 5.2868903869899 36
370 0.1 3.3468559837728193 0.0 10.552763819095476 1.6096579476861168 5.2809164881438475 37
