0 9.7 40.96853608247424 43.4126852818703 248.802 8.168 0 0
10 10.8 30.699055555555567 17.751645563697352 248.802 8.168 40.96853608247424 97
20 9.7 32.65816494845359 23.267002863743578 248.802 8.168 35.558273170731724 205
30 17.8 25.903011235955056 15.370728587626562 248.802 8.168 34.62678145695365 302
40 25.2 27.443523809523803 17.48138756148464 248.802 6.283 31.39171666666667 480
50 24.9 36.43142168674698 50.893093455130256 397.29 6.283 30.032502732240438 732
60 28.3 27.436144876325102 16.183384323629276 397.29 6.283 31.656693170234455 981
70 37.9 26.536414248021117 16.079555395273367 397.29 6.283 30.71174446202532 1264
80 42.9 24.715976689976703 16.528435588457473 397.29 6.259 29.748597687157645 1643
90 51.4 25.43979571984435 16.635368286700025 397.29 6.259 28.70661196911198 2072
100 53.2 27.895898496240587 17.946162877437946 397.29 6.259 28.05729118329467 2586
110 58.2 28.157240549828153 18.342748368736007 397.29 6.259 28.029754008980117 3118
120 63.6 25.924088050314456 16.721037767921946 397.29 6.259 28.049807297297292 3700
130 69.4 27.75187463976947 18.505814299348714 397.29 6.259 27.73800899446494 4336
140 73.5 28.766122448979594 20.520308530022625 397.29 6.259 27.73992206759443 5030
150 82.8 38.41965942028984 41.465583898789816 397.29 6.259 27.870755941023415 5765
160 85.9 31.104599534342245 21.642291825607867 397.29 6.259 29.195568936751098 6593
170 88.5 29.79944971751415 20.94251572294179 397.29 6.259 29.415624932903917 7452
180 96.3 31.77968847352028 22.588196780829865 397.29 6.259 29.45636919755308 8337
190 102.1 33.18444074436822 22.81818859566059 397.29 6.259 29.69694516129033 9300
200 100.2 34.3555918163673 24.803747211230316 397.29 6.259 30.041943997674647 10321
210 109.9 37.81099727024562 26.76347197545689 397.29 6.259 30.42366925726398 11323
220 115.1 44.99382797567333 43.67807649125156 397.29 6.259 31.07724142650137 12422
230 113.4 46.60823721340395 61.23740282186936 574.511 6.259 32.25737780888529 13573
240 127.8 48.53657276995299 41.24176431629427 574.511 6.259 33.36391718229415 14707
250 124.4 48.81478778135049 43.34735737647792 574.511 6.259 34.57697028464185 15985
260 130.6 56.30452143950992 41.64706609014887 574.511 6.259 35.60499541470776 17229
270 142 68.80535281690128 56.50205028074941 574.511 6.259 37.063510709468574 18535
280 149 160.1557194630873 140.2737854701297 903.609 6.259 39.322263693309935 19955
290 144.9 92.99828226363013 73.20628779546169 903.609 6.259 47.71778008859874 21445
300 148.1 171.10144294395678 131.40836429768558 903.609 6.259 50.58365969249585 22894
310 144.4 682.9529439058175 461.12201642809634 2650.974 6.259 57.906196594871794 24375
320 153.3 1475.6402635355537 891.2897206074981 4025.503 0.568 92.86368925984742 25819
330 138.9 1133.2181749460024 1047.8179457586293 4252.494 0.568 170.364292081018 27352
340 112.7 38.80218633540374 27.049927267472853 4252.494 0.568 216.89726042935186 28741
350 110.8 35.190055956678705 25.96627793101529 4252.494 0.568 210.17725411811978 29868
360 84.5 25.262186982248533 21.986310333501038 4252.494 0.568 203.91802711776867 30976
370 54.4 12.672272058823523 5.018958820601713 4252.494 0.568 199.17385864680566 31821
