0 105 105
10 213 213
20 302 302
30 385 385
40 467 467
50 562 562
60 694 697
70 829 829
80 921 923
90 1024 1024
100 1130 1133
110 1259 1260
120 1331 1333
130 1413 1418
140 1496 1496
150 1636 1637
160 1757 1757
170 1852 1855
180 1904 1905
190 1965 1966
200 2036 2044
210 2185 2192
220 2258 2259
230 2314 2314
240 2455 2467
250 2544 2548
260 2661 2661
270 2757 2762
280 2871 2873
290 2944 2946
300 3081 3081
310 3208 3211
320 3298 3305
330 2810 3311
340 2218 3311
350 1676 3311
360 1192 3311
370 914 3311
