0 10.5 105
10 10.8 213
20 8.9 302
30 10.9 411
40 14.1 552
50 14.5 697
60 18 877
70 20.2 1079
80 19.6 1275
90 24.4 1519
100 24.6 1765
110 27.3 2038
120 25.8 2296
130 27.6 2572
140 29.6 2868
150 36.9 3237
160 35.6 3593
170 35.6 3949
180 34.7 4296
190 38.6 4682
200 37.6 5058
210 45.4 5512
220 42.2 5934
230 44.3 6377
240 51 6887
250 48.9 7376
260 49.6 7872
270 52.9 8401
280 56.2 8963
290 54.9 9512
300 57.1 10083
310 57.7 10660
320 58.5 11245
330 6.7 11312
340 0 11312
350 0 11312
360 0 11312
370 0 11312
