0 0.1 9.447687080756163 0 9.447687080756163 9.447687080756163 0 0
10 0.1 1.310483870967742 0.0 9.447687080756163 1.310483870967742 9.447687080756163 1
20 0.1 0.6072874493927125 0.0 9.447687080756163 0.6072874493927125 5.379085475861952 2
30 0.1 0.9054325955734407 0.0 9.447687080756163 0.6072874493927125 3.7884861337055393 3
40 0.1 3.118712273641851 0.0 9.447687080756163 0.6072874493927125 3.0677227491725145 4
50 0.1 1.5228426395939088 0.0 9.447687080756163 0.6072874493927125 3.0779206540663817 5
60 0.1 1.6177957532861478 0.0 9.447687080756163 0.6072874493927125 2.8187409849876364 6
70 0.1 2.327935222672065 0.0 9.447687080756163 0.6072874493927125 2.6471773804588525 7
80 0.1 2.9292929292929295 0.0 9.447687080756163 0.6072874493927125 2.607272110735504 8
90 0.1 3.4274193548387095 0.0 9.447687080756163 0.6072874493927125 2.643052201686329 9
100 0.1 3.9235412474849096 0.0 9.447687080756163 0.6072874493927125 2.721488917001567 10
110 0.1 3.7449392712550607 0.0 9.447687080756163 0.6072874493927125 2.830766401590962 11
120 0.1 3.0395136778115504 0.0 9.447687080756163 0.6072874493927125 2.9069474740629704 12
130 0.1 6.834170854271357 0.0 9.447687080756163 0.6072874493927125 2.9171448743513224 13
140 0.1 4.65587044534413 0.0 9.447687080756163 0.6072874493927125 3.1969324443456104 14
150 0.1 4.476093591047812 0.0 9.447687080756163 0.6072874493927125 3.2941949777455117 15
160 0.1 4.582484725050916 0.0 9.447687080756163 0.6072874493927125 3.3680636410769056 16
170 0.1 5.583756345177665 0.0 9.447687080756163 0.6072874493927125 3.439500175428318 17
180 0.1 5.595116988809766 0.0 9.447687080756163 0.6072874493927125 3.5586255181921707 18
190 0.1 7.50256937307297 0.0 9.447687080756163 0.6072874493927125 3.665809279803623 19
200 0.1 5.737704918032787 0.0 9.447687080756163 0.6072874493927125 3.8576472844670904 20
210 0.1 6.147540983606557 0.0 9.447687080756163 0.6072874493927125 3.9471738384464095 21
220 0.1 9.081632653061225 0.0 9.447687080756163 0.6072874493927125 4.04719052686278 22
230 0.1 7.926829268292683 0.0 9.447687080756163 0.6072874493927125 4.266079314958364 23
240 0.1 7.637474541751528 0.0 9.447687080756163 0.6072874493927125 4.41861056301396 24
250 0.1 8.478038815117467 0.0 9.447687080756163 0.6072874493927125 4.547365122163463 25
260 0.1 9.687184661957618 0.0 9.687184661957618 0.6072874493927125 4.69854487958477 26
270 0.1 11.866125760649087 0.0 11.866125760649087 0.6072874493927125 4.88330931596895 27
280 0.1 9.528688524590164 0.0 11.866125760649087 0.6072874493927125 5.13269561756467 28
290 0.1 8.515057113187954 0.0 11.866125760649087 0.6072874493927125 5.284281579875893 29
300 0.1 13.272543059777103 0.0 13.272543059777103 0.6072874493927125 5.391974097652962 30
310 0.1 11.269035532994923 0.0 13.272543059777103 0.6072874493927125 5.646185999656967 31
320 0.1 11.156186612576064 0.0 13.272543059777103 0.6072874493927125 5.821900047573778 32
330 0.1 10.725229826353422 0.0 13.272543059777103 0.6072874493927125 5.983545094998091 33
340 0.1 5.775075987841945 0.0 13.272543059777103 0.6072874493927125 6.123006410626188 34
350 0.1 4.601226993865031 0.0 13.272543059777103 0.6072874493927125 6.113065541403781 35
360 0.1 5.273833671399594 0.0 13.272543059777103 0.6072874493927125 6.071070026194372 36
370 0.1 5.555555555555555 0.0 13.272543059777103 0.6072874493927125 6.0495230976864045 37
380 0.1 2.9381965552178317 0.0 13.272543059777103 0.6072874493927125 6.036523951840856 38
390 0.1 2.5432349949135302 0.0 13.272543059777103 0.6072874493927125 5.957079659619753 39
400 0.1 3.0425963488843815 0.0 13.272543059777103 0.6072874493927125 5.8717335430020965 40
405 0.1 1.411290322580645 0.0 13.272543059777103 0.6072874493927125 5.802730196804104 41
