0 0 0
10 0 0
20 0 0
30 2.1 21
40 5.8 79
50 6.3 142
60 4.4 186
70 8 266
80 12.8 394
90 12.4 518
100 14.7 665
110 17 835
120 18.1 1016
130 20.2 1218
140 21.5 1433
150 22.4 1657
160 23.7 1894
170 27.7 2171
180 26.9 2440
190 27.6 2716
200 32.2 3038
210 31.9 3357
220 33.6 3693
230 35.2 4045
240 36.4 4409
250 40.3 4812
260 39.2 5204
270 41.3 5617
280 44.6 6063
290 45.2 6515
300 43.2 6947
310 45 7397
320 56.8 7965
330 60.1 8566
340 62.3 9189
350 57 9759
360 45.1 10210
370 26.5 10475
380 22.8 10703
390 25.4 10957
400 29.5 11252
405 9.6 11348
