0 0.1 3515.50390625 0 3515.50390625 3515.50390625 0 0
10 0.1 3514.43359375 0.0 3515.50390625 3514.43359375 3515.50390625 1
20 0.1 3511.62109375 0.0 3515.50390625 3511.62109375 3514.96875 2
30 0.1 3509.5546875 0.0 3515.50390625 3509.5546875 3513.8528645833335 3
40 0.1 3498.58984375 0.0 3515.50390625 3498.58984375 3512.7783203125 4
50 0.1 3491.1328125 0.0 3515.50390625 3491.1328125 3509.940625 5
60 0.1 3489.4296875 0.0 3515.50390625 3489.4296875 3506.8059895833335 6
70 0.1 3482.8046875 0.0 3515.50390625 3482.8046875 3504.323660714286 7
80 0.1 3473.50390625 0.0 3515.50390625 3473.50390625 3501.6337890625 8
90 0.1 3472.51171875 0.0 3515.50390625 3472.51171875 3498.508246527778 9
100 0.1 3469.52734375 0.0 3515.50390625 3469.52734375 3495.90859375 10
110 0.1 3467.75390625 0.0 3515.50390625 3467.75390625 3493.5102982954545 11
120 0.1 3466.9609375 0.0 3515.50390625 3466.9609375 3491.3639322916665 12
130 0.1 3450.0390625 0.0 3515.50390625 3450.0390625 3489.486778846154 13
140 0.1 3447.42578125 0.0 3515.50390625 3447.42578125 3486.6690848214284 14
150 0.1 3446.0546875 0.0 3515.50390625 3446.0546875 3484.0528645833333 15
160 0.1 3444.984375 0.0 3515.50390625 3444.984375 3481.677978515625 16
170 0.1 3443.6484375 0.0 3515.50390625 3443.6484375 3479.51953125 17
180 0.1 3442.43359375 0.0 3515.50390625 3442.43359375 3477.5266927083335 18
190 0.1 3427.984375 0.0 3515.50390625 3427.984375 3475.6796875 19
200 0.1 3426.85546875 0.0 3515.50390625 3426.85546875 3473.294921875 20
210 0.1 3425.6484375 0.0 3515.50390625 3425.6484375 3471.083519345238 21
220 0.1 3407.93359375 0.0 3515.50390625 3407.93359375 3469.0182883522725 22
230 0.1 3406.375 0.0 3515.50390625 3406.375 3466.3624320652175 23
240 0.1 3405.2265625 0.0 3515.50390625 3405.2265625 3463.8629557291665 24
250 0.1 3402.37890625 0.0 3515.50390625 3402.37890625 3461.5175 25
260 0.1 3400.62890625 0.0 3515.50390625 3400.62890625 3459.242938701923 26
270 0.1 3398.546875 0.0 3515.50390625 3398.546875 3457.0720486111113 27
280 0.1 3382.0859375 0.0 3515.50390625 3382.0859375 3454.981863839286 28
290 0.1 3380.3828125 0.0 3515.50390625 3380.3828125 3452.4682112068967 29
300 0.1 3363.6484375 0.0 3515.50390625 3363.6484375 3450.065364583333 30
310 0.1 3347.609375 0.0 3515.50390625 3347.609375 3447.2777217741937 31
320 0.1 3317.92578125 0.0 3515.50390625 3317.92578125 3444.1630859375 32
330 0.1 3313.5703125 0.0 3515.50390625 3313.5703125 3440.337713068182 33
340 0.1 3312.67578125 0.0 3515.50390625 3312.67578125 3436.609260110294 34
350 0.1 3312.06640625 0.0 3515.50390625 3312.06640625 3433.0683035714287 35
360 0.1 3312.16796875 0.0 3515.50390625 3312.06640625 3429.7071397569443 36
370 0.1 3311.8359375 0.0 3515.50390625 3311.8359375 3426.5304054054054 37
380 0.1 3328.10546875 0.0 3515.50390625 3311.8359375 3423.5121299342104 38
390 0.1 3329.59765625 0.0 3515.50390625 3311.8359375 3421.0658052884614 39
400 0.1 3351.84765625 0.0 3515.50390625 3311.8359375 3418.7791015625 40
405 0.1 3352.5703125 0.0 3515.50390625 3311.8359375 3417.1466272865855 41
