0 0.1 0.140625 0 0.140625 0.140625 0 0
10 0.1 0.12109375 0.0 0.140625 0.12109375 0.140625 1
20 0.1 0.1015625 0.0 0.140625 0.1015625 0.130859375 2
30 0.1 0.078125 0.0 0.140625 0.078125 0.12109375 3
40 0.1 0.0703125 0.0 0.140625 0.0703125 0.1103515625 4
50 0.1 0.140625 0.0 0.140625 0.0703125 0.10234375 5
60 0.1 0.12109375 0.0 0.140625 0.0703125 0.10872395833333333 6
70 0.1 0.1015625 0.0 0.140625 0.0703125 0.11049107142857142 7
80 0.1 0.078125 0.0 0.140625 0.0703125 0.109375 8
90 0.1 0.0703125 0.0 0.140625 0.0703125 0.10590277777777778 9
100 0.1 0.140625 0.0 0.140625 0.0703125 0.10234375 10
110 0.1 0.12109375 0.0 0.140625 0.0703125 0.10582386363636363 11
120 0.1 0.1015625 0.0 0.140625 0.0703125 0.10709635416666667 12
130 0.1 0.078125 0.0 0.140625 0.0703125 0.10667067307692307 13
140 0.1 0.0703125 0.0 0.140625 0.0703125 0.10463169642857142 14
150 0.1 0.05859375 0.0 0.140625 0.05859375 0.10234375 15
160 0.1 0.05078125 0.0 0.140625 0.05078125 0.099609375 16
170 0.1 0.0390625 0.0 0.140625 0.0390625 0.09673713235294118 17
180 0.1 0.03125 0.0 0.140625 0.03125 0.0935329861111111 18
190 0.1 0.25 0.0 0.25 0.03125 0.09025493421052631 19
200 0.1 0.2109375 0.0 0.25 0.03125 0.0982421875 20
210 0.1 0.1796875 0.0 0.25 0.03125 0.10360863095238096 21
220 0.1 0.1484375 0.0 0.25 0.03125 0.10706676136363637 22
230 0.1 0.12890625 0.0 0.25 0.03125 0.10886548913043478 23
240 0.1 0.109375 0.0 0.25 0.03125 0.10970052083333333 24
250 0.1 0.08984375 0.0 0.25 0.03125 0.1096875 25
260 0.1 0.16015625 0.0 0.25 0.03125 0.10892427884615384 26
270 0.1 0.12890625 0.0 0.25 0.03125 0.11082175925925926 27
280 0.1 0.19140625 0.0 0.25 0.03125 0.11146763392857142 28
290 0.1 0.16015625 0.0 0.25 0.03125 0.11422413793103449 29
300 0.1 0.140625 0.0 0.25 0.03125 0.11575520833333333 30
310 0.1 0.12109375 0.0 0.25 0.03125 0.11655745967741936 31
320 0.1 0.171875 0.0 0.25 0.03125 0.11669921875 32
330 0.1 0.140625 0.0 0.25 0.03125 0.11837121212121213 33
340 0.1 0.12109375 0.0 0.25 0.03125 0.11902573529411764 34
350 0.1 0.1015625 0.0 0.25 0.03125 0.11908482142857142 35
360 0.1 0.08984375 0.0 0.25 0.03125 0.11859809027777778 36
370 0.1 0.1484375 0.0 0.25 0.03125 0.11782094594594594 37
380 0.1 0.12109375 0.0 0.25 0.03125 0.1186266447368421 38
390 0.1 0.1015625 0.0 0.25 0.03125 0.11868990384615384 39
400 0.1 0.08984375 0.0 0.25 0.03125 0.11826171875 40
405 0.1 0.0703125 0.0 0.25 0.03125 0.11756859756097561 41
