0 9 33.30121111111112 25.81667570281505 210.078 10.245 0 0
10 11.1 29.08490990990991 17.800481658909714 210.078 6.616 33.30121111111112 90
20 10.1 28.823237623762374 18.08015094574054 210.078 6.49 30.97280597014926 201
30 17.9 37.67049162011172 53.16314217737433 410.96 6.49 30.253910596026493 302
40 27.6 25.19210507246378 15.551890428212696 410.96 6.49 33.01392723492723 481
50 25.8 27.20173255813953 15.977732326966677 410.96 6.49 30.16211360634082 757
60 28.6 27.333248251748223 16.1589025647076 410.96 6.49 29.40962266009852 1015
70 41.5 30.216860240963854 28.883774041020974 410.96 6.49 28.953171406610295 1301
80 44.3 24.137819413092522 15.65626215878311 410.96 5.905 29.258783799533795 1716
90 52.8 27.00883522727273 17.22068830357796 410.96 5.905 28.208025474756823 2159
100 54.9 27.79383242258653 18.828283542089448 410.96 5.905 27.972382582806098 2687
110 56.5 25.979619469026556 16.50921204410262 410.96 5.905 27.942090852904816 3236
120 67.2 30.140977678571442 19.53138848098203 410.96 5.905 27.650379110760323 3801
130 70.4 26.921107954545462 17.08965973615147 410.96 5.905 28.02455354348312 4473
140 71.7 38.7302273361227 50.28250872710247 410.96 5.905 27.874500289743093 5177
150 77.5 29.692440000000012 19.641237810969173 410.96 5.905 29.195090091618592 5894
160 84.6 30.28181087470449 21.386881082943297 410.96 5.905 29.252886789623627 6669
170 89.5 31.342170949720696 21.097937710883965 410.96 5.905 29.368717764471057 7515
180 93.1 34.93617615467245 23.52867205718493 410.96 5.905 29.578734482758623 8410
190 97.4 34.62320739219717 24.24768383562243 410.96 5.905 30.112700674446 9341
200 104.5 37.59556459330142 27.072109969414385 410.96 5.905 30.538607949587995 10315
210 101.5 61.260735960591106 83.6955985901221 719.107 5.905 31.18777341549297 11360
220 115 49.01287043478262 43.219223424382484 719.107 5.905 33.65436387878789 12375
230 114.3 45.31571391076117 37.14311958296884 719.107 5.905 34.96026277264327 13525
240 126.8 57.81565063091494 43.55707360523927 719.107 5.905 35.767208549222815 14668
250 132.6 61.66238009049772 48.32921991739423 719.107 5.905 37.521565010040185 15936
260 127.6 54.868695141065835 42.14624728044919 719.107 5.905 39.375968949136855 17262
270 138.8 81.61596469740637 67.39648954740593 719.107 5.905 40.44235791347504 18538
280 148.8 180.06447311827964 167.28398855317067 1195.617 5.905 43.31041804677308 19926
290 145.1 155.2180820124053 109.31744273471978 1195.617 5.905 52.81308144204728 21414
300 144.3 545.409555786555 427.5903941240907 2317.055 5.905 59.31164500328014 22865
310 158.3 1391.1407751105492 865.057799875077 4105.497 0.45 88.16795919038996 24308
320 169 1496.184196449702 1072.536200821167 4246.534 0.45 167.8329380479703 25891
330 133.5 845.6880224719102 936.2359048196149 4246.534 0.45 249.22642003553153 27581
340 120.8 89.61474172185443 138.96454363810167 4246.534 0.45 276.7639853714205 28916
350 113.9 32.658964003511876 20.30472708447466 4246.534 0.45 269.25912923250553 30124
360 75.8 22.462638522427422 15.712774812551949 4246.534 0.45 260.6391123372676 31263
370 49.3 13.285403651115626 5.5060251649429155 4246.534 0.45 255.00100712032716 32021
380 48.6 13.457039094650197 5.4617753320973375 4246.534 0.45 251.33594614627532 32514
390 55.4 13.642918772563185 5.630740884195833 4246.534 0.45 247.8326386060605 33000
400 39.2 10.929145408163269 5.460812698989803 4246.534 0.45 243.9660025928353 33554
405 9.8 8.346204081632653 1.5820876801677082 4246.534 0.45 241.2749506863841 33946
