0 7.6 1.8065526315789473 3.6886293110853976 31.951 0.869 0 0
10 10.9 1.3046972477064223 1.1818295450185121 31.951 0.848 1.8065526315789473 76
20 9.1 1.5964065934065934 1.9981969673673532 31.951 0.848 1.5108648648648648 185
30 12.1 1.0738016528925618 0.35222974799009926 31.951 0.796 1.5390688405797102 276
40 15.4 1.1488636363636362 0.8755126518120003 31.951 0.796 1.3972619647355162 397
50 15.5 9.301412903225806 34.334181703310804 261.712 0.796 1.3278366606170597 551
60 20 1.2392850000000009 1.8074173463190513 261.712 0.796 3.078409348441926 706
70 23.3 0.9787982832618031 0.17170782549467167 261.712 0.796 2.672421633554084 906
80 24.8 0.9686169354838706 0.37325937216195615 261.712 0.74 2.325964881474978 1139
90 32.8 0.9367286585365857 0.36402054874745143 261.712 0.74 2.0832667627974044 1387
100 33.5 0.9985014925373129 0.29017577662695404 261.712 0.74 1.8639871720116619 1715
110 30.6 0.9718954248366006 0.47753912563790574 261.712 0.74 1.7225541463414633 2050
120 30.5 1.100452459016394 0.6278508895774009 261.712 0.74 1.625057724957555 2356
130 38 1.0244657894736844 0.4024450095003605 261.712 0.74 1.5649282224727548 2661
140 40.8 0.9834975490196074 0.1947898691699535 261.712 0.74 1.4973926340019732 3041
150 44 1.0359477272727278 0.5113012717071806 261.712 0.74 1.436601333719919 3449
160 44 1.0050590909090922 0.19581037013835337 261.712 0.74 1.3912715350989973 3889
170 49.2 0.9388841463414638 0.4052948851083651 261.712 0.74 1.3520168630168632 4329
180 48.7 1.0507125256673524 0.7351896649413245 261.712 0.74 1.3098552167600084 4821
190 50.5 0.9039029702970299 0.14251243645953438 261.712 0.74 1.286079314242653 5308
200 52.7 0.947582542694497 0.3903568750080118 261.712 0.74 1.252878031997248 5813
210 59.1 0.9970152284263942 0.8136308700273703 261.712 0.708 1.2275009463722402 6340
220 63.5 2.979880314960629 12.812804650153623 261.712 0.708 1.20784764103304 6931
230 59.4 1.0042558922558917 0.4143526229376554 261.712 0.708 1.3565709754163364 7566
240 66.4 1.148015060240964 1.0690369412236878 261.712 0.708 1.3309245098039217 8160
250 71.9 8.9263337969402 32.908175771558746 261.712 0.708 1.3171606980961015 8824
260 69.8 1.0521833810888253 0.3021202642168501 261.712 0.708 1.8904600230535475 9543
270 68.4 1.0806388888888887 0.6489529441279487 261.712 0.685 1.8333252612049606 10241
280 78.6 6.4108371501272305 25.941913269070852 261.712 0.685 1.7862005491990849 10925
290 82.6 0.9541755447941889 0.5209573041695073 261.712 0.685 2.0965894458201695 11711
300 78.3 1.0625338441890149 0.9718402280885481 261.712 0.685 2.0213215282763026 12537
310 85.1 1.8760317273795548 6.868412965374034 261.712 0.685 1.9649603603603607 13320
320 87.4 0.96466247139588 0.46874338003448934 261.712 0.678 1.9596199985886673 14171
330 31.9 1.0133918495297813 0.21221808161781303 261.712 0.678 1.9018205383848457 15045
340 23.3 1.0733390557939912 0.4170456393473975 261.712 0.678 1.8833742514970062 15364
350 27.2 0.9691066176470597 0.14085487300879723 261.712 0.678 1.8712733217926527 15597
360 27.9 1.1029247311827957 0.9690105425693735 261.712 0.678 1.855809880899868 15869
370 24.4 2.048938524590163 11.732600817505988 261.712 0.678 1.8428017711171665 16148
380 27.2 1.0862941176470586 0.8341477564983801 261.712 0.678 1.845870180575891 16392
390 26.6 1.0272368421052636 0.7722048699658984 261.712 0.678 1.8334719155064814 16664
400 12.7 1.0476141732283473 0.18826748634135643 261.712 0.678 1.8208045481393977 16930
407 0 0 0 261.712 0.678 1.8150476637157766 17057
