0 76 76
10 185 109
20 276 91
30 380 104
40 483 103
50 598 115
60 728 130
70 854 126
80 927 73
90 1035 108
100 1176 141
110 1234 58
120 1246 12
130 1327 81
140 1370 43
150 1501 131
160 1553 52
170 1673 120
180 1784 111
190 1880 96
200 1988 108
210 2069 81
220 2211 142
230 2331 120
240 2398 67
250 2514 116
260 2531 17
270 2585 54
280 2667 82
290 2755 88
300 2798 43
310 2816 18
320 2856 40
330 2463 -393
340 1983 -480
350 1554 -429
360 1059 -495
370 785 -274
380 542 -243
390 267 -275
400 127 -140
407 0 -127
