0 0.1 1.9772478931071444 0 1.9772478931071444 1.9772478931071444 0 0
10 0.1 1.8924302788844622 0.0 1.9772478931071444 1.8924302788844622 1.9772478931071444 1
20 0.1 4.8804780876494025 0.0 4.8804780876494025 1.8924302788844622 1.9348390859958033 2
30 0.1 1.8054162487462388 0.0 4.8804780876494025 1.8054162487462388 2.91671875321367 3
40 0.1 2.095808383233533 0.0 4.8804780876494025 1.8054162487462388 2.638893127096812 4
50 0.1 2.5 0.0 4.8804780876494025 1.8054162487462388 2.5302761783241565 5
60 0.1 2.783300198807157 0.0 4.8804780876494025 1.8054162487462388 2.525230148603464 6
70 0.1 2.6052104208416833 0.0 4.8804780876494025 1.8054162487462388 2.5620972986325627 7
80 0.1 3.0120481927710845 0.0 4.8804780876494025 1.8054162487462388 2.567486438908703 8
90 0.1 3.2225579053373616 0.0 4.8804780876494025 1.8054162487462388 2.616882189337856 9
100 0.1 4.444444444444445 0.0 4.8804780876494025 1.8054162487462388 2.6774497609378067 10
110 0.1 4.609218436873747 0.0 4.8804780876494025 1.8054162487462388 2.838085641256592 11
120 0.1 3.707414829659319 0.0 4.8804780876494025 1.8054162487462388 2.9856800408913546 12
130 0.1 4.929577464788732 0.0 4.929577464788732 1.8054162487462388 3.0411981015658136 13
140 0.1 4.843592330978809 0.0 4.929577464788732 1.8054162487462388 3.1760823417960222 14
150 0.1 5.449041372351161 0.0 5.449041372351161 1.8054162487462388 3.287249674408208 15
160 0.1 5.650857719475278 0.0 5.650857719475278 1.8054162487462388 3.4223616555296426 16
170 0.1 6.036217303822937 0.0 6.036217303822937 1.8054162487462388 3.55344965929115 17
180 0.1 5.679513184584178 0.0 6.036217303822937 1.8054162487462388 3.6913811950984714 18
190 0.1 6.15539858728557 0.0 6.15539858728557 1.8054162487462388 3.7960197208608775 19
200 0.1 5.595116988809766 0.0 6.15539858728557 1.8054162487462388 3.913988664182112 20
210 0.1 6.275303643724696 0.0 6.275303643724696 1.8054162487462388 3.994042393926286 21
220 0.1 6.903553299492386 0.0 6.903553299492386 1.8054162487462388 4.097736087098941 22
230 0.1 10.181451612903226 0.0 10.181451612903226 1.8054162487462388 4.2197281398117 23
240 0.1 9.667673716012084 0.0 10.181451612903226 1.8054162487462388 4.468133284523847 24
250 0.1 10.43737574552684 0.0 10.43737574552684 1.8054162487462388 4.676114901783376 25
260 0.1 9.485368314833503 0.0 10.43737574552684 1.8054162487462388 4.89770185731197 26
270 0.1 8.460754332313964 0.0 10.43737574552684 1.8054162487462388 5.0676154298127685 27
280 0.1 8.757637474541752 0.0 10.43737574552684 1.8054162487462388 5.188798962044954 28
290 0.1 9.460834181078331 0.0 10.43737574552684 1.8054162487462388 5.311862359027602 29
300 0.1 9.674134419551935 0.0 10.43737574552684 1.8054162487462388 5.450161419762626 30
310 0.1 8.793456032719837 0.0 10.43737574552684 1.8054162487462388 5.586418613304216 31
320 0.1 8.376421923474664 0.0 10.43737574552684 1.8054162487462388 5.686638532660955 32
330 0.1 9.352517985611511 0.0 10.43737574552684 1.8054162487462388 5.76814712026137 33
340 0.1 5.763397371081901 0.0 10.43737574552684 1.8054162487462388 5.873569792771669 34
350 0.1 5.717151454363089 0.0 10.43737574552684 1.8054162487462388 5.870422009294818 35
360 0.1 5.252525252525253 0.0 10.43737574552684 1.8054162487462388 5.8661644938800475 36
370 0.1 4.714142427281845 0.0 10.43737574552684 1.8054162487462388 5.849579649519107 37
380 0.1 5.320197044334975 0.0 10.43737574552684 1.8054162487462388 5.819699722618127 38
390 0.1 3.20962888665998 0.0 10.43737574552684 1.8054162487462388 5.806891961636508 39
400 0.1 3.6108324974924777 0.0 10.43737574552684 1.8054162487462388 5.741960384762094 40
407 0.1 4.195804195804196 0.0 10.43737574552684 1.8054162487462388 5.689981655804298 41
