0 0 0
10 0 0
20 0 0
30 1.9 19
40 5.1 70
50 3.9 109
60 5.4 163
70 6.4 227
80 11.9 346
90 15.5 501
100 13.1 632
110 17 802
120 19.3 995
130 21.5 1210
140 25.3 1463
150 19.9 1662
160 24.5 1907
170 27.2 2179
180 28.4 2463
190 26.5 2728
200 27.3 3001
210 35.6 3357
220 33.3 3690
230 34.1 4031
240 36.9 4400
250 38.2 4782
260 42.2 5204
270 43.2 5636
280 45.5 6091
290 46 6551
300 48.4 7035
310 46.5 7500
320 51.3 8013
330 60.1 8614
340 53.1 9145
350 53 9675
360 53.5 10210
370 27.8 10488
380 24.4 10732
390 27.2 11004
400 26.6 11270
407 12.2 11392
