0 0.1 3521.70703125 0 3521.70703125 3521.70703125 0 0
10 0.1 3520.53125 0.0 3521.70703125 3520.53125 3521.70703125 1
20 0.1 3508.12109375 0.0 3521.70703125 3508.12109375 3521.119140625 2
30 0.1 3512.55078125 0.0 3521.70703125 3508.12109375 3516.7864583333335 3
40 0.1 3503.5546875 0.0 3521.70703125 3503.5546875 3515.7275390625 4
50 0.1 3494.54296875 0.0 3521.70703125 3494.54296875 3513.29296875 5
60 0.1 3491.67578125 0.0 3521.70703125 3491.67578125 3510.16796875 6
70 0.1 3482.8828125 0.0 3521.70703125 3482.8828125 3507.5262276785716 7
80 0.1 3479.94140625 0.0 3521.70703125 3479.94140625 3504.44580078125 8
90 0.1 3478.46484375 0.0 3521.70703125 3478.46484375 3501.723090277778 9
100 0.1 3476.43359375 0.0 3521.70703125 3476.43359375 3499.397265625 10
110 0.1 3463.8046875 0.0 3521.70703125 3463.8046875 3497.309659090909 11
120 0.1 3450.25 0.0 3521.70703125 3450.25 3494.517578125 12
130 0.1 3448.19140625 0.0 3521.70703125 3448.19140625 3491.1123798076924 13
140 0.1 3447.296875 0.0 3521.70703125 3447.296875 3488.0465959821427 14
150 0.1 3446.16015625 0.0 3521.70703125 3446.16015625 3485.3299479166667 15
160 0.1 3444.37890625 0.0 3521.70703125 3444.37890625 3482.8818359375 16
170 0.1 3443.4453125 0.0 3521.70703125 3443.4453125 3480.6169577205883 17
180 0.1 3441.88671875 0.0 3521.70703125 3441.88671875 3478.5518663194443 18
190 0.1 3439.96484375 0.0 3521.70703125 3439.96484375 3476.6221217105262 19
200 0.1 3438.328125 0.0 3521.70703125 3438.328125 3474.7892578125 20
210 0.1 3423.25390625 0.0 3521.70703125 3423.25390625 3473.0530133928573 21
220 0.1 3419.47265625 0.0 3521.70703125 3419.47265625 3470.7894176136365 22
230 0.1 3404.8828125 0.0 3521.70703125 3404.8828125 3468.558254076087 23
240 0.1 3399.64453125 0.0 3521.70703125 3399.64453125 3465.9051106770835 24
250 0.1 3396.8046875 0.0 3521.70703125 3396.8046875 3463.2546875 25
260 0.1 3395.1328125 0.0 3521.70703125 3395.1328125 3460.698918269231 26
270 0.1 3393.65625 0.0 3521.70703125 3393.65625 3458.2705439814813 27
280 0.1 3385.171875 0.0 3521.70703125 3385.171875 3455.962890625 28
290 0.1 3375.453125 0.0 3521.70703125 3375.453125 3453.5218211206898 29
300 0.1 3374.35546875 0.0 3521.70703125 3374.35546875 3450.91953125 30
310 0.1 3373.75 0.0 3521.70703125 3373.75 3448.449722782258 31
320 0.1 3344.3046875 0.0 3521.70703125 3344.3046875 3446.1153564453125 32
330 0.1 3341.17578125 0.0 3521.70703125 3341.17578125 3443.030184659091 33
340 0.1 3339.6875 0.0 3521.70703125 3339.6875 3440.034466911765 34
350 0.1 3347.76171875 0.0 3521.70703125 3339.6875 3437.167410714286 35
360 0.1 3355.27734375 0.0 3521.70703125 3339.6875 3434.6839192708335 36
370 0.1 3355.3203125 0.0 3521.70703125 3339.6875 3432.537795608108 37
380 0.1 3355.44921875 0.0 3521.70703125 3339.6875 3430.505756578947 38
390 0.1 3356.66796875 0.0 3521.70703125 3339.6875 3428.5812299679487 39
400 0.1 3364.02734375 0.0 3521.70703125 3339.6875 3426.7833984375 40
407 0.1 3364.75390625 0.0 3521.70703125 3339.6875 3425.252762957317 41
