0 14.8 19.314547297297313 17.580753176734966 185.949 10.273 0 0
10 23.1 16.053246753246746 5.796702474666563 185.949 9.851 19.314547297297313 148
20 18.6 16.00494623655915 4.911610859348349 185.949 9.851 17.326788918205807 379
30 30.5 16.74758032786883 7.600685042526008 185.949 7.351 16.89163362831859 565
40 40.6 16.582768472906388 5.240488901494859 185.949 6.833 16.84113218390804 870
50 39 19.686146153846153 22.42737901823031 275.856 6.833 16.758925548589332 1276
60 51.6 17.328529069767455 5.954252180435818 275.856 6.181 17.44416926770708 1666
70 56.9 22.681126537785577 37.25223063671561 388.062 6.181 17.41682263978002 2182
80 64.1 17.76065990639629 6.051366649301126 388.062 6.181 18.50565903307888 2751
90 85.6 17.56916121495326 6.310870813520453 388.062 6.057 18.364873525943405 3392
100 80.8 17.50064356435643 6.314958594377022 388.062 6.057 18.204532250470816 4248
110 75.7 17.615174372523104 6.379952940507856 388.062 5.971 18.092043710443043 5056
120 87.6 42.86816552511412 58.996250559998536 529.869 5.971 18.029943230689835 5813
130 102.7 19.884212268743887 7.740821348455874 529.869 5.971 21.28278860816265 6689
140 110.1 19.940780199818402 8.149988752482075 529.869 5.971 21.096638024883354 7716
150 108 19.61894537037039 7.857612429627579 529.869 5.971 20.952303277758876 8817
160 113.2 21.496029151943432 8.826272065500731 529.869 5.971 20.806801960189958 9897
170 128.5 22.167247470817145 11.306592743766284 529.869 5.971 20.877543204279625 11029
180 133.5 23.824645692883884 12.354781835156642 529.869 5.756 21.01212741594933 12314
190 131.2 22.328873475609782 9.611133071360216 529.869 5.756 21.287218037951504 13649
200 138.9 25.027376529877625 11.510017352039853 529.869 5.756 21.37856567074394 14961
210 159.8 28.579218397997483 15.18572648551438 529.869 5.756 21.68854721712539 16350
220 163.1 30.861740036787214 21.543584970174347 529.869 5.756 22.302058056607983 17948
230 155.1 26.503511927788505 14.870639686369806 529.869 5.756 23.0151098626079 19579
240 173.7 37.00508520437533 22.810965444237763 529.869 5.756 23.271168149550405 21130
250 187.7 52.045212040490185 51.29872036618556 529.869 5.756 24.314410110639788 22867
260 180.5 42.864713019390685 30.376846732870835 529.869 5.756 26.417979267701263 24744
270 183.4 45.388127044711 28.325353335827096 529.869 5.756 27.53615149346492 26549
280 202.7 109.03291119881577 75.63192286898044 575.938 5.756 28.689677306838608 28383
290 209.3 180.7600224558045 99.65027722536074 575.938 5.756 34.045012232818145 30410
300 198.9 290.7064550025143 175.1196748284174 899.009 5.756 43.49258680737159 32503
310 207.9 976.5839807599793 356.1702934748992 1587.35 0.499 57.748309405079425 34492
320 221.2 1142.5401849005402 444.1706675328618 1705.46 0.499 109.98257592081148 36571
330 153.4 814.5944146023492 527.7383414552643 1705.46 0.499 168.8748078539564 38783
340 104.7 34.97427507163319 22.984299553529173 1705.46 0.499 193.44344829724423 40317
350 112.9 31.085086802480106 17.733893901262448 1705.46 0.499 189.43229791606214 41364
360 90.6 26.909654525386287 19.73565887589914 1705.46 0.499 185.22515788482795 42493
370 52.3 15.814653919694077 27.896655967566637 1705.46 0.499 181.92015440447923 43399
380 51.5 13.444491262135926 5.628072109982811 1705.46 0.499 179.94225775237908 43922
390 53.8 12.871453531598503 5.45021929427132 1705.46 0.499 178.01264167248002 44437
400 39.4 11.253588832487312 5.327253123906325 1705.46 0.499 176.03718954974974 44975
407 12.7 8.801771653543307 2.562831189088234 1705.46 0.499 174.60615208622616 45369
