10 0.1 637 0 637 637 0 0
20 0.1 1034.0 0.0 1034 637 637.0 1
30 0.1 934.0 0.0 1034 637 835.5 2
40 0.1 1321.0 0.0 1321 637 868.3333333333334 3
50 0.1 1678.0 0.0 1678 637 981.5 4
60 0.1 1585.0 0.0 1678 637 1120.8 5
70 0.1 2067.0 0.0 2067 637 1198.1666666666667 6
80 0.1 2604.0 0.0 2604 637 1322.2857142857142 7
90 0.1 3.0e3 0.0 3000 637 1482.5 8
100 0.1 3978.0 0.0 3978 637 1651.111111111111 9
110 0.1 3681.0 0.0 3978 637 1883.8 10
120 0.1 3439.0 0.0 3978 637 2047.1818181818182 11
130 0.1 4511.0 0.0 4511 637 2163.1666666666665 12
140 0.1 4775.0 0.0 4775 637 2343.769230769231 13
150 0.1 5081.0 0.0 5081 637 2517.4285714285716 14
160 0.1 5172.0 0.0 5172 637 2688.3333333333335 15
170 0.1 5457.0 0.0 5457 637 2843.5625 16
180 0.1 6104.0 0.0 6104 637 2997.294117647059 17
190 0.1 6.2e3 0.0 6200 637 3169.8888888888887 18
200 0.1 6229.0 0.0 6229 637 3329.3684210526317 19
210 0.1 6640.0 0.0 6640 637 3474.35 20
220 0.1 7457.0 0.0 7457 637 3625.095238095238 21
230 0.1 7787.0 0.0 7787 637 3799.2727272727275 22
240 0.1 7743.0 0.0 7787 637 3972.6521739130435 23
250 0.1 8447.0 0.0 8447 637 4129.75 24
260 0.1 8868.0 0.0 8868 637 4302.44 25
270 0.1 8783.0 0.0 8868 637 4478.038461538461 26
280 0.1 9055.0 0.0 9055 637 4637.481481481481 27
290 0.1 9584.0 0.0 9584 637 4795.25 28
300 0.1 10113.0 0.0 10113 637 4960.379310344828 29
310 0.1 9805.0 0.0 10113 637 5132.133333333333 30
320 0.1 10239.0 0.0 10239 637 5282.870967741936 31
330 0.1 10502.0 0.0 10502 637 5437.75 32
340 0.1 6917.0 0.0 10502 637 5591.212121212121 33
350 0.1 5996.0 0.0 10502 637 5630.205882352941 34
360 0.1 6611.0 0.0 10502 637 5640.657142857143 35
370 0.1 5082.0 0.0 10502 637 5667.611111111112 36
380 0.1 3573.0 0.0 10502 637 5651.783783783784 37
390 0.1 3512.0 0.0 10502 637 5597.078947368422 38
400 0.1 3493.0 0.0 10502 637 5543.615384615386 39
407 0.1 2277.0 0.0 10502 637 5492.35 40
