0 65.409375 65.409375
10 108.79375 174.203125
20 86.04375 260.246875
30 163.92421875 424.17109375
40 220.37734375 644.5484375
50 205.5375 850.0859375
60 277.26875 1127.3546875
70 348.11171875 1475.46640625
80 402.38203125 1877.8484375
90 485.3703125 2363.21875
100 473.1078125 2836.3265625
110 461.08359375 3297.41015625
120 547.53984375 3844.95
130 649.746875 4494.696875
140 667.640625 5162.3375
150 629.66640625 5792.00390625
160 726.809375 6518.81328125
170 768.68984375 7287.503125
180 786.17265625 8073.67578125
190 800.82421875 8874.5
200 868.209375 9742.709375
210 988.20390625 10730.91328125
220 991.23828125 11722.1515625
230 935.98359375 12658.13515625
240 1072.38671875 13730.521875
250 1161.79453125 14892.31640625
260 1115.86953125 16008.1859375
270 1127.2609375 17135.446875
280 1266.70546875 18402.15234375
290 1301.3828125 19703.53515625
300 1248.403125 20951.93828125
310 1238.55390625 22190.4921875
320 1298.7078125 23489.2
330 1027.284375 24516.484375
340 748.80078125 25265.28515625
350 773.03125 26038.31640625
360 462.89140625 26501.2078125
370 183.34296875 26684.55078125
380 220.41328125 26904.9640625
390 217.43046875 27122.39453125
400 105.196875 27227.59140625
407 13.096875 27240.68828125
