0 65.75 65.75
10 108.490625 174.240625
20 86.18671875 260.42734375
30 156.50546875 416.9328125
40 217.64375 634.5765625
50 203.46953125 838.04609375
60 271.27421875 1109.3203125
70 316.159375 1425.4796875
80 382.30859375 1807.78828125
90 489.69609375 2297.484375
100 456.9984375 2754.4828125
110 450.29375 3204.7765625
120 539.6046875 3744.38125
130 623.8484375 4368.2296875
140 666.2671875 5034.496875
150 626.275 5660.771875
160 694.809375 6355.58125
170 770.40859375 7125.98984375
180 794.190625 7920.18046875
190 784.61015625 8704.790625
200 836.74765625 9541.53828125
210 976.1734375 10517.71171875
220 977.23515625 11494.946875
230 931.62265625 12426.56953125
240 1056.771875 13483.34140625
250 1134.22890625 14617.5703125
260 1097.953125 15715.5234375
270 1128.70546875 16844.22890625
280 1229.4859375 18073.71484375
290 1292.9359375 19366.65078125
300 1274.6953125 20641.34609375
310 1328.61953125 21969.965625
320 1316.62265625 23286.58828125
330 956.65859375 24243.246875
340 831.41640625 25074.66328125
350 848.38828125 25923.0515625
360 720.853125 26643.9046875
370 424.5671875 27068.471875
380 409.4359375 27477.9078125
390 404.41015625 27882.31796875
400 295.73359375 28178.0515625
407 101.090625 28279.1421875
