0 0.7 3.3131428571428576 5.046260069980297 15.673 1.17 0 0
10 0.9 1.290111111111111 0.09163144104320481 15.673 1.095 3.3131428571428576 7
20 1 1.2254999999999998 0.1394863792633532 15.673 0.818 2.1751875000000003 16
30 1.4 1.3077142857142856 0.12897033356076706 15.673 0.818 1.8099230769230772 26
40 1.1 1.2580909090909087 0.12864641785314615 15.673 0.818 1.6341500000000004 40
50 1.3 1.1784615384615382 0.20498353231591568 15.673 0.748 1.5530392156862747 51
60 2.3 2.6017826086956517 4.393150953537461 21.958 0.748 1.476953125 64
70 3.1 1.7121935483870965 2.310614852111249 21.958 0.748 1.7743218390804596 87
80 3.8 1.3151842105263156 0.4990754533853024 21.958 0.748 1.7579999999999996 118
90 2.9 1.357448275862069 0.12405465597647336 21.958 0.748 1.650134615384615 156
100 3.5 1.219 0.15774047401620533 21.958 0.748 1.6042540540540535 185
110 2.5 1.2651599999999996 0.22396565450979308 21.958 0.748 1.542963636363636 220
120 4 1.2914750000000006 1.290748174267545 21.958 0.748 1.5146163265306118 245
130 5.4 1.1553888888888886 0.5619823187104822 21.958 0.748 1.4832982456140347 285
140 5 1.2999800000000001 1.189743577246795 21.958 0.737 1.4310648967551618 339
150 5.2 1.270173076923077 0.36265387827651047 21.958 0.737 1.4142159383033417 389
160 2.5 1.1673200000000004 0.19690093346655313 21.958 0.737 1.3972312925170065 441
170 1.1 1.664 1.1912533506582659 21.958 0.737 1.3848969957081543 466
180 2.1 1.763380952380953 2.6215463534804626 21.958 0.737 1.3913333333333329 477
190 1.6 14.411437499999998 35.02574709047751 120.157 0.737 1.4070220883534135 498
200 1.5 1.6344666666666667 1.2291850886755105 120.157 0.737 1.8118287937743187 514
210 0.7 1.1711428571428573 0.13782953091350467 120.157 0.737 1.8067996219281661 529
220 2 1.4878999999999998 1.08184120368934 120.157 0.737 1.798498134328358 536
230 2.3 1.2819130434782604 0.22339396143087822 120.157 0.737 1.7873255395683452 556
240 2.1 1.4306190476190477 1.1493503123893816 120.157 0.689 1.7672487046632124 579
250 2.3 1.2915652173913044 0.20429025090849812 120.157 0.689 1.7554666666666667 600
254 0.7 1.2964285714285713 0.22411786257799848 120.157 0.689 1.7383402889245585 623
