0 0.1 1.2023259398705843 0 1.2023259398705843 1.2023259398705843 0 0
10 0.1 0.39920159680638717 0.0 1.2023259398705843 0.39920159680638717 1.2023259398705843 1
20 0.1 0.4 0.0 1.2023259398705843 0.39920159680638717 0.8007637683384857 2
30 0.1 0.3 0.0 1.2023259398705843 0.3 0.6671758455589906 3
40 0.1 0.30120481927710846 0.0 1.2023259398705843 0.3 0.5753818841692429 4
50 0.1 0.30060120240480964 0.0 1.2023259398705843 0.3 0.520546471190816 5
60 0.1 0.3 0.0 1.2023259398705843 0.3 0.4838889263931483 6
70 0.1 0.3009027081243731 0.0 1.2023259398705843 0.3 0.45761907976555566 7
80 0.1 0.5020080321285141 0.0 1.2023259398705843 0.3 0.43802953331040784 8
90 0.1 2.8112449799196786 0.0 2.8112449799196786 0.3 0.4451382554013085 9
100 0.1 2.3092369477911645 0.0 2.8112449799196786 0.3 0.6817489278531456 10
110 0.1 0.6036217303822937 0.0 2.8112449799196786 0.3 0.8297023842111474 11
120 0.1 0.501002004008016 0.0 2.8112449799196786 0.3 0.8108623297254095 12
130 0.1 0.7021063189568706 0.0 2.8112449799196786 0.3 0.7870269200548409 13
140 0.1 2.905811623246493 0.0 2.905811623246493 0.3 0.7809611628335572 14
150 0.1 0.9018036072144289 0.0 2.905811623246493 0.3 0.9226178601944196 15
160 0.1 2.8112449799196786 0.0 2.905811623246493 0.3 0.9213169693831702 16
170 0.1 0.5982053838484547 0.0 2.905811623246493 0.3 1.0324892052970824 17
180 0.1 2.3 0.0 2.905811623246493 0.3 1.0083623263277142 18
190 0.1 4.3043043043043046 0.0 4.3043043043043046 0.3 1.0763432565209923 19
200 0.1 0.3003003003003003 0.0 4.3043043043043046 0.3 1.237741308910158 20
210 0.1 0.1004016064257028 0.0 4.3043043043043046 0.1004016064257028 1.1931012608811171 21
220 0.1 3.996003996003996 0.0 4.3043043043043046 0.1004016064257028 1.1434330947695075 22
230 0.1 0.4008016032064128 0.0 4.3043043043043046 0.1004016064257028 1.2674579165623114 23
240 0.1 0.4008016032064128 0.0 4.3043043043043046 0.1004016064257028 1.231347236839149 24
250 0.1 0.2004008016032064 0.0 4.3043043043043046 0.1004016064257028 1.1981254114938396 25
254 0.1 0.30060120240480964 0.0 4.3043043043043046 0.1004016064257028 1.1597513880365076 26
