10 0.1 62 0 62 62 0 0
20 0.1 62.0 0.0 62 62 62.0 1
30 0.1 88.0 0.0 88 62 62.0 2
40 0.1 150.0 0.0 150 62 70.66666666666667 3
50 0.1 121.0 0.0 150 62 90.5 4
60 0.1 134.0 0.0 150 62 96.6 5
70 0.1 233.0 0.0 233 62 102.83333333333333 6
80 0.1 261.0 0.0 261 62 121.42857142857143 7
90 0.1 569.0 0.0 569 62 138.875 8
100 0.1 520.0 0.0 569 62 186.66666666666666 9
110 0.1 440.0 0.0 569 62 220.0 10
120 0.1 307.0 0.0 569 62 240.0 11
130 0.1 537.0 0.0 569 62 245.58333333333334 12
140 0.1 735.0 0.0 735 62 268.0 13
150 0.1 474.0 0.0 735 62 301.35714285714283 14
160 0.1 785.0 0.0 785 62 312.8666666666667 15
170 0.1 384.0 0.0 785 62 342.375 16
180 0.1 512.0 0.0 785 62 344.8235294117647 17
190 0.1 921.0 0.0 921 62 354.1111111111111 18
200 0.1 235.0 0.0 921 62 383.94736842105266 19
210 0.1 174.0 0.0 921 62 376.50000000000006 20
220 0.1 556.0 0.0 921 62 366.8571428571429 21
230 0.1 245.0 0.0 921 62 375.45454545454544 22
240 0.1 282.0 0.0 921 62 369.7826086956522 23
250 0.1 206.0 0.0 921 62 366.125 24
254 0.1 307.0 0.0 921 62 359.72 25
