0 1 2.6986999999999997 3.442632685896071 13.007 1.376 0 0
10 0.8 1.33325 0.09347693565794721 13.007 1.129 2.6986999999999997 10
20 2 1.41055 0.1492459295927363 13.007 0.892 2.0918333333333328 18
30 1.8 1.3613333333333335 0.1386370160607268 13.007 0.892 1.7332631578947366 38
40 3.4 1.2633529411764706 0.18091026087911508 13.007 0.883 1.6137142857142857 56
50 2.6 1.2526153846153845 0.1612065270970696 13.007 0.883 1.4813555555555555 90
60 2.1 2.069714285714286 2.3531366330082584 13.007 0.883 1.4300862068965516 116
70 5.6 1.20025 0.1946122747927273 13.007 0.88 1.5281313868613138 137
80 5.6 1.199696428571429 0.17512668064278264 13.007 0.847 1.4329948186528496 193
90 6 1.2105500000000002 0.19515049107462346 13.007 0.847 1.3805261044176709 249
100 6.1 1.1856721311475416 0.2284639169638712 13.007 0.847 1.3475210355987055 309
110 8.2 1.1741585365853662 0.15473237868168546 13.007 0.847 1.320837837837838 370
120 9.3 1.310870967741936 0.7755245359956846 13.007 0.847 1.294227876106195 452
130 7.6 1.3347499999999994 0.5989763004932928 13.007 0.847 1.2970678899082573 545
140 9.6 1.2766875000000002 0.32151407150711675 13.007 0.842 1.301679549114332 621
150 11.4 1.308798245614035 0.3842733899745548 13.007 0.842 1.2983333333333336 717
160 15.1 1.432721854304637 1.4280439275662398 14.027 0.842 1.2997689530685923 831
170 18.2 1.2472692307692308 0.8295723703358754 14.027 0.842 1.3202128309572305 982
180 18.8 1.449675531914894 1.6886003665497502 22.553 0.833 1.3088075601374571 1164
190 22.7 1.1951982378854629 1.2387784057995643 22.553 0.833 1.3283957100591717 1352
200 27.9 1.098810035842294 0.46205449310078395 22.553 0.833 1.3092469917669414 1579
210 29 1.074227586206896 0.5561719499037064 22.553 0.833 1.277647470398278 1858
220 25.2 1.2235436507936497 0.7490582884683805 22.553 0.833 1.2501838919925514 2148
230 40.2 1.0717462686567156 0.5129559738835232 22.553 0.744 1.2473866666666666 2400
240 22.7 1.3482599118942729 1.7080360719828802 23.494 0.733 1.2221877230549607 2802
250 7.2 1.364541666666666 0.38662359449397876 23.494 0.733 1.2316358534169691 3029
260 7.6 1.4002894736842106 1.3010196893185202 23.494 0.733 1.2347217026765558 3101
270 10.4 1.2392499999999993 0.7032959322143354 23.494 0.733 1.2386824047843876 3177
280 13.8 1.1455072463768117 0.7248328267670306 23.494 0.733 1.2387003962206642 3281
290 11.5 1.3706695652173926 1.0065796991857396 23.494 0.733 1.2349388710149165 3419
300 13.8 1.3690797101449277 0.9917741682926964 23.494 0.733 1.239355687606112 3534
310 9.2 1.269326086956522 0.7680786744787514 23.494 0.733 1.244230936819172 3672
320 0 0 0 23.494 0.733 1.2448443145589798 3764
