0 0.1 3517.03515625 0 3517.03515625 3517.03515625 0 0
10 0.1 3516.671875 0.0 3517.03515625 3516.671875 3517.03515625 1
20 0.1 3516.328125 0.0 3517.03515625 3516.328125 3516.853515625 2
30 0.1 3515.609375 0.0 3517.03515625 3515.609375 3516.6783854166665 3
40 0.1 3513.1171875 0.0 3517.03515625 3513.1171875 3516.4111328125 4
50 0.1 3512.3203125 0.0 3517.03515625 3512.3203125 3515.75234375 5
60 0.1 3510.1484375 0.0 3517.03515625 3510.1484375 3515.1803385416665 6
70 0.1 3508.82421875 0.0 3517.03515625 3508.82421875 3514.461495535714 7
80 0.1 3505.41796875 0.0 3517.03515625 3505.41796875 3513.7568359375 8
90 0.1 3503.83984375 0.0 3517.03515625 3503.83984375 3512.8302951388887 9
100 0.1 3503.26953125 0.0 3517.03515625 3503.26953125 3511.93125 10
110 0.1 3498.2578125 0.0 3517.03515625 3498.2578125 3511.1438210227275 11
120 0.1 3496.95703125 0.0 3517.03515625 3496.95703125 3510.0699869791665 12
130 0.1 3489.15625 0.0 3517.03515625 3489.15625 3509.061298076923 13
140 0.1 3488.1328125 0.0 3517.03515625 3488.1328125 3507.6395089285716 14
150 0.1 3487.41796875 0.0 3517.03515625 3487.41796875 3506.3390625 15
160 0.1 3486.78515625 0.0 3517.03515625 3486.78515625 3505.156494140625 16
170 0.1 3485.59765625 0.0 3517.03515625 3485.59765625 3504.0758272058824 17
180 0.1 3481.30859375 0.0 3517.03515625 3481.30859375 3503.049262152778 18
190 0.1 3472.29296875 0.0 3517.03515625 3472.29296875 3501.9050164473683 19
200 0.1 3452.5390625 0.0 3517.03515625 3452.5390625 3500.4244140625 20
210 0.1 3436.203125 0.0 3517.03515625 3436.203125 3498.1441592261904 21
220 0.1 3429.421875 0.0 3517.03515625 3429.421875 3495.3286576704545 22
230 0.1 3426.421875 0.0 3517.03515625 3426.421875 3492.463145380435 23
240 0.1 3424.8359375 0.0 3517.03515625 3424.8359375 3489.71142578125 24
250 0.1 3422.75390625 0.0 3517.03515625 3422.75390625 3487.11640625 25
260 0.1 3410.296875 0.0 3517.03515625 3410.296875 3484.640925480769 26
270 0.1 3409.5625 0.0 3517.03515625 3409.5625 3481.8874421296296 27
280 0.1 3409.11328125 0.0 3517.03515625 3409.11328125 3479.3044084821427 28
290 0.1 3409.2265625 0.0 3517.03515625 3409.11328125 3476.884024784483 29
300 0.1 3409.078125 0.0 3517.03515625 3409.078125 3474.6287760416667 30
310 0.1 3418.12890625 0.0 3517.03515625 3409.078125 3472.5142389112902 31
320 0.1 3426.12109375 0.0 3517.03515625 3409.078125 3470.814697265625 32
