10 0.1 80 0 80 80 0 0
20 0.1 86.0 0.0 86 80 80.0 1
30 0.1 160.0 0.0 160 80 83.0 2
40 0.1 325.0 0.0 325 80 108.66666666666667 3
50 0.1 450.0 0.0 450 80 162.75 4
60 0.1 289.0 0.0 450 80 220.2 5
70 0.1 303.0 0.0 450 80 231.66666666666666 6
80 0.1 674.0 0.0 674 80 241.85714285714286 7
90 0.1 757.0 0.0 757 80 295.875 8
100 0.1 638.0 0.0 757 80 347.1111111111111 9
110 0.1 1120.0 0.0 1120 80 376.2 10
120 0.1 1076.0 0.0 1120 80 443.8181818181818 11
130 0.1 1715.0 0.0 1715 80 496.5 12
140 0.1 1038.0 0.0 1715 80 590.2307692307693 13
150 0.1 1402.0 0.0 1715 80 622.2142857142857 14
160 0.1 1785.0 0.0 1785 80 674.2 15
170 0.1 2.2e3 0.0 2200 80 743.625 16
180 0.1 2257.0 0.0 2257 80 829.2941176470588 17
190 0.1 2502.0 0.0 2502 80 908.6111111111111 18
200 0.1 2777.0 0.0 2777 80 992.4736842105264 19
210 0.1 3366.0 0.0 3366 80 1081.7 20
220 0.1 3579.0 0.0 3579 80 1190.4761904761904 21
230 0.1 3591.0 0.0 3591 80 1299.0454545454543 22
240 0.1 4680.0 0.0 4680 80 1398.6956521739128 23
250 0.1 3152.0 0.0 4680 80 1535.4166666666663 24
260 0.1 2550.0 0.0 4680 80 1600.0799999999997 25
270 0.1 2706.0 0.0 4680 80 1636.6153846153843 26
280 0.1 2856.0 0.0 4680 80 1676.222222222222 27
290 0.1 2069.0 0.0 4680 80 1718.3571428571427 28
300 0.1 2150.0 0.0 4680 80 1730.4482758620686 29
310 0.1 2170.0 0.0 4680 80 1744.4333333333332 30
320 0.1 1902.0 0.0 4680 80 1758.1612903225805 31
