30 0.4 35637.65375 54.71021761689145 35719.52 35565.835 0 0
40 0.4 35567.028750000005 67.13583114617296 35719.52 35523.764 35637.65375 4
50 0.3 35564.87466666667 39.511396029779775 35719.52 35515.987 35602.34125 8
60 0.9 35573.53599999999 56.19015979293597 35719.52 35505.894 35592.12309090909 11
70 1.3 35601.20884615385 77.36772195555264 35719.52 35487.532 35583.75889999999 20
80 2.2 47907.02263636363 20062.627256445652 80886.71 35487.532 35590.63312121212 33
90 1 53615.65260000001 22036.05005108527 80886.71 35487.532 40517.18892727273 55
100 3.5 51117.05888571429 21388.376228016026 80942.936 35487.532 42532.33718461538 65
110 3 52165.67530000001 21688.249661874732 80942.936 35487.532 45536.98978 100
120 5.3 50257.87160377358 21009.945746883735 81040.115 35487.532 47066.68643846154 130
130 3.4 52926.50317647058 21882.66697839784 81040.115 35487.532 47990.90946448087 183
140 3.7 47926.68081081082 19992.27180704006 81040.115 35487.532 48764.22829493087 217
150 5.6 54475.67866071431 22147.302244282113 81403.486 35487.532 48642.223346456696 254
160 5.4 55130.62437037036 22318.211253742393 81496.474 35487.532 49696.00882258065 310
170 4.7 54126.28255319149 22127.651494760816 81746.648 35487.532 50502.24299725275 364
180 6.3 54951.6706984127 22017.728567615417 82969.556 35487.532 50916.6708783455 411
190 6.9 59384.85153623189 22400.889219458702 86025.434 35487.532 51452.968322784815 474
200 7.6 58299.15685526316 21019.38899616943 88819.761 35487.532 52460.88718416207 543
210 11.6 56032.57380172417 21905.095542497966 91183.873 35025.116 53177.70220032311 619
220 9.9 57929.37670707071 20972.867926331408 91830.506 35025.116 53628.266970068034 735
230 13.8 55062.43435507245 20475.57258627102 92359.578 35025.116 54138.83035611511 834
240 14.2 56566.30339436619 21583.648758965377 92359.578 35009.703 54269.95931893004 972
250 17.8 55502.9502808989 19975.286874094687 96568.825 35008.045 54562.67104129265 1114
260 19.6 59628.29592346939 23422.64773901173 98619.226 35007.771 54692.21415634676 1292
270 20.8 60926.73440865388 24044.56826382552 99358.863 35007.771 55342.396969758076 1488
280 12 70271.70871666666 19775.54956997365 100812.056 35007.771 56027.26854245284 1696
290 11.6 82946.18938793102 18139.059917915787 101942.699 35007.771 56968.531109030846 1816
300 12.9 93800.18932558139 6875.348644708781 102989.804 35007.771 58528.266285196696 1932
310 11.8 94063.31953389829 7618.5039604952535 103813.323 35007.771 60735.970347404174 2061
320 9.3 94892.5206451613 7410.5050905779335 106239.691 35007.771 62540.75566360717 2179
