0 10.54375 10.54375
10 7.23125 17.775
20 21.1546875 38.9296875
30 38.47109375 77.40078125
40 48.4375 125.83828125
50 46.2546875 172.09296875
60 58.1859375 230.27890625
70 109.21953125 339.4984375
80 144.87265625 484.37109375
90 101.46796875 585.8390625
100 227.7984375 813.6375
110 209.14296875 1022.78046875
120 324.96328125 1347.74375
130 219.30703125 1567.05078125
140 264.21484375 1831.265625
150 341.503125 2172.76875
160 372.55078125 2545.31953125
170 419.54765625 2964.8671875
180 477.72734375 3442.59453125
190 549.1546875 3991.74921875
200 644.55234375 4636.3015625
210 704.79609375 5341.09765625
220 624.45078125 5965.5484375
230 813.675 6779.2234375
240 759.88203125 7539.10546875
250 763.97578125 8303.08125
260 718.003125 9021.084375
270 741.621875 9762.70625
280 492.35078125 10255.05703125
290 438.74765625 10693.8046875
300 442.43203125 11136.23671875
310 414.72890625 11550.965625
320 325.825 11876.790625
