0 0.1 3516.1796875 0 3516.1796875 3516.1796875 0 0
10 0.1 3516.7890625 0.0 3516.7890625 3516.1796875 3516.1796875 1
20 0.1 3516.82421875 0.0 3516.82421875 3516.1796875 3516.484375 2
30 0.1 3516.859375 0.0 3516.859375 3516.1796875 3516.59765625 3
40 0.1 3515.65625 0.0 3516.859375 3515.65625 3516.6630859375 4
50 0.1 3513.92578125 0.0 3516.859375 3513.92578125 3516.46171875 5
60 0.1 3511.02734375 0.0 3516.859375 3511.02734375 3516.0390625 6
70 0.1 3510.3984375 0.0 3516.859375 3510.3984375 3515.3231026785716 7
80 0.1 3505.53515625 0.0 3516.859375 3505.53515625 3514.70751953125 8
90 0.1 3501.515625 0.0 3516.859375 3501.515625 3513.6883680555557 9
100 0.1 3495.64453125 0.0 3516.859375 3495.64453125 3512.47109375 10
110 0.1 3488.34765625 0.0 3516.859375 3488.34765625 3510.94140625 11
120 0.1 3483.30859375 0.0 3516.859375 3483.30859375 3509.05859375 12
130 0.1 3482.375 0.0 3516.859375 3482.375 3507.077824519231 13
140 0.1 3474.5859375 0.0 3516.859375 3474.5859375 3505.3133370535716 14
150 0.1 3459.57421875 0.0 3516.859375 3459.57421875 3503.26484375 15
160 0.1 3457.08984375 0.0 3516.859375 3457.08984375 3500.5341796875 16
170 0.1 3449.34375 0.0 3516.859375 3449.34375 3497.978630514706 17
180 0.1 3442.8125 0.0 3516.859375 3442.8125 3495.2766927083335 18
190 0.1 3440.89453125 0.0 3516.859375 3440.89453125 3492.5154194078946 19
200 0.1 3439.8203125 0.0 3516.859375 3439.8203125 3489.934375 20
210 0.1 3438.98046875 0.0 3516.859375 3438.98046875 3487.5479910714284 21
220 0.1 3438.7578125 0.0 3516.859375 3438.7578125 3485.3403764204545 22
230 0.1 3438.125 0.0 3516.859375 3438.125 3483.315047554348 23
240 0.1 3437.8203125 0.0 3516.859375 3437.8203125 3481.43212890625 24
250 0.1 3437.59765625 0.0 3516.859375 3437.59765625 3479.68765625 25
260 0.1 3437.4453125 0.0 3516.859375 3437.4453125 3478.068810096154 26
261 0.1 3447.12109375 0.0 3516.859375 3437.4453125 3476.5642361111113 27
