0 1.1 74.69654545454544 41.54535395173816 130.076 12.95 0 0
10 0.8 27.477249999999998 22.468305603393862 130.076 12.674 74.69654545454544 11
20 1.5 41.06680000000001 42.044651408076476 183.641 11.896 54.81473684210526 19
30 2.4 114.94354166666669 219.53730025897258 807.209 11.507 48.74947058823529 34
40 5.2 99.84805769230769 221.66595289433687 854.061 11.507 76.14012068965518 58
50 5.5 374.2395818181818 535.8476379561872 1954.994 11.507 87.3475090909091 110
60 5.6 170.78066071428563 288.49430814193823 1954.994 11.507 182.9782 165
70 7.8 293.16414102564096 505.2448895332894 2212.289 11.507 179.8874208144796 221
80 9.9 1470.125212121212 1390.2077849909124 5156.296 11.507 209.43786956521737 299
90 8.6 2137.659674418604 2323.071671752867 9143.595 11.507 523.0259271356783 398
100 10.6 3014.8707830188673 2961.1034779103024 13688.654 11.507 809.923659090909 484
110 12.9 5128.189906976744 4624.516596952925 15572.07 11.507 1206.066701694915 590
120 10.3 6248.075689320392 5424.059591958738 20334.432 11.507 1909.7577913769123 719
130 12.1 7994.929123966943 6058.440141186214 24745.837 11.507 2453.36696836983 822
140 13.8 8638.597268115936 6256.876622387345 27032.139 11.507 3164.4263753976675 943
150 16.5 8618.782672727277 8083.4003357135425 32359.695 0.521 3863.2567021276595 1081
160 14.4 14242.005854166673 9521.857692415462 35172.666 0.521 4493.001313001606 1246
170 8.7 18077.76831034483 10825.748231399117 41899.372 0.521 5502.97012877698 1390
180 12.2 17865.908213114755 15072.741719018653 45840.432 0.521 6243.665756262696 1477
190 13.9 15006.516086330932 14266.683811651048 49647.535 0.511 7130.415962476549 1599
200 11.1 18817.39459459459 17390.659559882657 52624.202 0.511 7760.322704257768 1738
210 8.2 27487.30837804878 17981.557267445423 54806.553 0.511 8424.105819361817 1849
220 6.4 30179.78198437499 20241.247412058496 58285.207 0.511 9233.62555515277 1931
230 4.1 40334.67265853658 17544.37668078028 58285.207 0.511 9905.58245313283 1995
240 5.2 47886.669288461526 6289.416694023734 58285.207 0.511 10518.349004420432 2036
250 7.3 47762.64187671234 6368.077341033487 58285.207 0.511 11448.977670498083 2088
260 10.1 37721.844683168325 7702.156027598121 58285.207 0.511 12675.6771092087 2161
261 0 0 0 58285.207 0.511 13794.007314765695 2262
