30 0.2 35917.8185 45.25149999999849 35963.07 35872.567 0 0
40 0.5 35821.77220000001 47.905899517284396 35963.07 35774.406 35917.8185 2
50 1.3 44359.395307692306 7698.3715578510655 52107.078 35774.406 35849.214 7
60 1 37438.769400000005 4488.881849817104 52107.078 35733.086 41380.83185 20
70 1.4 42907.60828571429 7437.895678667075 52365.65 35733.086 40066.81103333334 30
80 2.4 44274.013875 7595.222465523096 55293.275 35733.086 40970.70106818183 44
90 2 46399.3383 7573.759441986715 58929.945 35733.086 42136.5761764706 68
100 1.8 50621.335111111126 6693.24309024294 61569.892 35733.086 43105.38575000001 88
110 2.6 55355.405884615386 7407.271373850526 66128.345 35733.086 44381.679037735856 106
120 2.1 56458.020571428584 7230.170536391144 71704.286 35733.086 46543.17068939395 132
130 2.5 60992.31456 6459.317677539208 74857.755 35733.086 47904.03243790851 153
140 1.8 66277.75094444444 8593.624253545859 80851.047 35733.086 49742.27430898877 178
150 2.6 67290.74238461538 10608.930227664914 85186.874 35733.086 51260.83848979592 196
160 2.9 72930.31858620688 9772.49410464785 88559.233 35733.086 53138.21462162162 222
170 1.5 81936.40359999999 7303.582572861141 92961.095 35733.086 55424.951733067726 251
180 4.8 78380.46389583332 16316.605877121807 101159.934 35733.086 56919.95841729323 266
190 4.8 79896.13333333336 17653.824409030334 104259.18 35733.086 60200.54524203822 314
200 5.6 80486.93675000002 18102.053624780125 110179.396 35733.086 62812.11493370166 362
210 4.6 95817.80043478264 14935.893133075213 115426.348 35733.086 65180.03364593302 418
220 3.3 103895.48584848485 11300.593736990722 121548.231 35733.086 68217.39845689655 464
230 3.1 101244.90029032258 9016.149223150089 121636.896 35733.086 70586.36603018109 497
240 5.2 102081.61848076922 11891.56078326387 123723.5 35733.086 72386.3936098485 528
250 8.4 109091.6768928572 10043.5004668004 128878.74 35733.086 75048.72411551725 580
260 9 115973.47393333337 5281.3681603395125 128878.74 35733.086 79355.36271987953 664
261 0 0 0 128878.74 35733.086 83726.22480106103 754
