0 12.2578125 12.2578125
10 4.215625 16.4734375
20 12.8015625 29.275
30 28.8 58.075
40 55.0453125 113.1203125
50 87.2796875 200.4
60 78.92890625 279.32890625
70 123.790625 403.11953125
80 169.02265625 572.1421875
90 165.9703125 738.1125
100 186.85078125 924.96328125
110 202.46328125 1127.4265625
120 190.63515625 1318.06171875
130 208.3125 1526.37421875
140 246.8234375 1773.19765625
150 269.328125 2042.52578125
160 229.8625 2272.38828125
170 201.33828125 2473.7265625
180 257.36171875 2731.08828125
190 261.2359375 2992.32421875
200 243.1984375 3235.52265625
210 178.8421875 3414.36484375
220 156.50078125 3570.865625
230 167.41171875 3738.27734375
240 117.43515625 3855.7125
250 121.91171875 3977.62421875
260 76.946875 4054.57109375
261 0 4054.57109375
