0 8.4 84
10 10.4 188
20 11 298
30 21.1 509
40 26 769
50 25.4 1023
60 28.2 1305
70 36 1665
80 38.3 2048
90 43.6 2484
100 50.7 2991
110 50.3 3494
120 57.8 4072
130 59.5 4667
140 62.1 5288
150 66.4 5952
160 79 6742
170 80.3 7545
180 83.5 8380
190 87.8 9258
200 88.5 10143
210 87.8 11021
220 84.1 11862
230 82.6 12688
240 86.1 13549
250 85.5 14404
260 83.3 15237
270 80.9 16046
280 80.9 16855
290 80.6 17661
300 83.7 18498
310 81.3 19311
320 80.2 20113
330 86.1 20974
340 74.3 21717
350 65.7 22374
360 47 22844
370 22.1 23065
380 20.9 23274
390 21.8 23492
400 10.5 23597
410 0 23597
