0 8.3 1.5404939759036143 1.4948516416977982 14.999 1.159 0 0
10 10.5 1.6043714285714286 1.1016889566837418 14.999 1.159 1.5404939759036143 83
20 10.4 1.413798076923077 0.1683965317914199 14.999 1.159 1.5761702127659574 188
30 15.4 1.3773506493506487 0.17656342565434996 14.999 1.159 1.5183390410958906 292
40 15.5 1.4982451612903225 0.2652984039185841 14.999 1.159 1.4696569506726458 446
50 14.8 1.5172364864864871 0.17165074383155327 14.999 1.159 1.4770299500831945 601
60 14.3 1.5383006993007 0.8253910371002252 14.999 1.159 1.4849746328437918 749
70 23 1.3034956521739134 0.11067338346315873 14.999 1.046 1.493523542600897 892
80 23.8 1.2916848739495799 0.1017649162263889 14.999 1.046 1.4545695187165777 1122
90 27.7 1.3279494584837546 0.2205029800990425 14.999 1.046 1.4260647058823532 1360
100 32.1 1.4815295950155765 0.6386718548837957 14.999 1.046 1.4094624312767259 1637
110 30.9 1.362281553398059 0.7649065143818985 14.999 1.046 1.421277323799796 1958
120 37.5 1.5009946666666663 1.928172562118052 23.544 1.046 1.413235994706661 2267
130 35.6 1.3932134831460674 0.3160867901689794 23.544 1.046 1.4256922785768358 2642
140 39.7 1.5273173803526443 0.9912108210229731 23.544 1.046 1.4218355570380254 2998
150 40.7 10.158914004914001 39.244985439385346 241.524 1.046 1.4341702503681883 3395
160 46.8 7.1030512820512675 32.959999516143945 310.236 0.938 2.3681446607048917 3802
170 49.9 18.230300601202394 75.0574758418728 503.651 0.938 2.8870992974238856 4270
180 51.6 1.3610465116279067 0.6914700536147397 503.651 0.938 4.492521283287899 4769
190 54.2 1.4800867158671585 0.7754739973233395 503.651 0.918 4.186780321665088 5285
200 51 6.0376627450980385 27.144123842923825 503.651 0.918 3.935016475030031 5827
210 57.5 1.2827026086956526 0.1410978331333754 503.651 0.918 4.104236862868864 6337
220 66.9 1.464236173393125 0.8446561295030248 503.651 0.918 3.8695172164351836 6912
230 67.5 1.369002962962965 0.5347549275918961 503.651 0.918 3.6572585410895644 7581
240 81 1.3722876543209892 0.8827197211708144 503.651 0.918 3.470173691860464 8256
250 83.4 12.591227817745791 43.369465071973785 503.651 0.918 3.282738473417162 9066
260 83.2 11.252873798076905 44.85037899864184 503.651 0.918 4.06690818181818 9900
270 86.4 1.4257569444444451 0.6986813281685755 503.651 0.918 4.624001304509873 10732
280 90.7 1.3972789415656004 0.5706439914429954 503.651 0.918 4.385705070714035 11596
290 85.4 1.5082435597189718 1.4588375675197705 503.651 0.918 4.16891689994401 12503
300 101.4 1.493422090729784 0.5324287206279116 503.651 0.918 3.998802725162833 13357
310 94.5 1.3569153439153439 0.4424352895350236 503.651 0.918 3.8220261638020987 14371
320 104.2 1.3358301343570071 0.6115199440500688 503.651 0.918 3.669928375554973 15316
330 51.1 1.3197886497064573 0.13367151060672258 503.651 0.918 3.5212469739576946 16358
340 38.3 1.56753002610966 1.297795790906557 503.651 0.918 3.454559843499909 16869
350 26.1 1.6564674329501912 1.776697484122947 503.651 0.918 3.4126671690238792 17252
360 26.4 1.3477424242424247 0.6360721516774472 503.651 0.918 3.3864941472049317 17513
370 30.8 1.330694805194806 0.17004387622947156 503.651 0.918 3.356217359509477 17777
380 27.4 1.435799270072992 0.2641245279727718 503.651 0.918 3.3217213160077397 18085
390 30.6 32.22539215686273 94.92280564996273 503.651 0.918 3.293574758973799 18359
400 11.5 1.4983130434782614 0.3304340588092758 503.651 0.918 3.767892258237341 18665
410 0 0 0 503.651 0.918 3.7539944089456854 18780
