0 0 0
10 0 0
20 0 0
30 1.9 19
40 4.8 67
50 5.4 121
60 6.2 183
70 6.8 251
80 12 371
90 12.5 496
100 14.9 645
110 17.5 820
120 16.4 984
130 19.9 1183
140 19.5 1378
150 20.6 1584
160 24.2 1826
170 27.1 2097
180 27.1 2368
190 27.4 2642
200 33.2 2974
210 28.7 3261
220 32.5 3586
230 31.7 3903
240 36.5 4268
250 40.2 4670
260 40.7 5077
270 42.6 5503
280 43.1 5934
290 42.5 6359
300 45.3 6812
310 49.8 7310
320 51.6 7826
330 54.8 8374
340 60.3 8977
350 51.3 9490
360 46.9 9959
370 26.6 10225
380 30.5 10530
390 27.1 10801
400 30.9 11110
410 11.3 11223
