0 0.1 3523.45703125 0 3523.45703125 3523.45703125 0 0
10 0.1 3523.19921875 0.0 3523.45703125 3523.19921875 3523.45703125 1
20 0.1 3519.76171875 0.0 3523.45703125 3519.76171875 3523.328125 2
30 0.1 3516.33984375 0.0 3523.45703125 3516.33984375 3522.1393229166665 3
40 0.1 3506.14453125 0.0 3523.45703125 3506.14453125 3520.689453125 4
50 0.1 3497.76953125 0.0 3523.45703125 3497.76953125 3517.78046875 5
60 0.1 3495.2265625 0.0 3523.45703125 3495.2265625 3514.4453125 6
70 0.1 3486.6015625 0.0 3523.45703125 3486.6015625 3511.699776785714 7
80 0.1 3484.0 0.0 3523.45703125 3484.0 3508.5625 8
90 0.1 3481.9453125 0.0 3523.45703125 3481.9453125 3505.8333333333335 9
100 0.1 3480.13671875 0.0 3523.45703125 3480.13671875 3503.44453125 10
110 0.1 3471.28515625 0.0 3523.45703125 3471.28515625 3501.3256392045455 11
120 0.1 3468.828125 0.0 3523.45703125 3468.828125 3498.822265625 12
130 0.1 3466.671875 0.0 3523.45703125 3466.671875 3496.5150240384614 13
140 0.1 3453.7890625 0.0 3523.45703125 3453.7890625 3494.383370535714 14
150 0.1 3452.51171875 0.0 3523.45703125 3452.51171875 3491.6770833333335 15
160 0.1 3435.47265625 0.0 3523.45703125 3435.47265625 3489.229248046875 16
170 0.1 3422.08203125 0.0 3523.45703125 3422.08203125 3486.067095588235 17
180 0.1 3404.7265625 0.0 3523.45703125 3404.7265625 3482.5123697916665 18
190 0.1 3402.25 0.0 3523.45703125 3402.25 3478.4183799342104 19
200 0.1 3399.63671875 0.0 3523.45703125 3399.63671875 3474.6099609375 20
210 0.1 3398.5078125 0.0 3523.45703125 3398.5078125 3471.0398065476193 21
220 0.1 3397.26953125 0.0 3523.45703125 3397.26953125 3467.7428977272725 22
230 0.1 3382.59375 0.0 3523.45703125 3382.59375 3464.6788383152175 23
240 0.1 3379.88671875 0.0 3523.45703125 3379.88671875 3461.2586263020835 24
250 0.1 3379.05078125 0.0 3523.45703125 3379.05078125 3458.00375 25
260 0.1 3365.6875 0.0 3523.45703125 3365.6875 3454.967097355769 26
270 0.1 3362.734375 0.0 3523.45703125 3362.734375 3451.6604456018517 27
280 0.1 3360.8828125 0.0 3523.45703125 3360.8828125 3448.4845145089284 28
290 0.1 3360.35546875 0.0 3523.45703125 3360.35546875 3445.463766163793 29
300 0.1 3359.609375 0.0 3523.45703125 3359.609375 3442.6268229166667 30
310 0.1 3346.3828125 0.0 3523.45703125 3346.3828125 3439.9488407258063 31
320 0.1 3343.11328125 0.0 3523.45703125 3343.11328125 3437.02490234375 32
330 0.1 3342.609375 0.0 3523.45703125 3342.609375 3434.1790956439395 33
340 0.1 3342.08203125 0.0 3523.45703125 3342.08203125 3431.4858685661766 34
350 0.1 3341.81640625 0.0 3523.45703125 3341.81640625 3428.9314732142857 35
360 0.1 3341.578125 0.0 3523.45703125 3341.578125 3426.5116102430557 36
370 0.1 3341.6953125 0.0 3523.45703125 3341.578125 3424.216110641892 37
380 0.1 3341.58203125 0.0 3523.45703125 3341.578125 3422.04451069079 38
390 0.1 3357.84375 0.0 3523.45703125 3341.578125 3419.9813701923085 39
400 0.1 3362.609375 0.0 3523.45703125 3341.578125 3418.4279296875006 40
410 0.1 3379.2890625 0.0 3523.45703125 3341.578125 3417.066501524391 41
