0 0.1 0.078125 0 0.078125 0.078125 0 0
10 0.1 0.0703125 0.0 0.078125 0.0703125 0.078125 1
20 0.1 0.05859375 0.0 0.078125 0.05859375 0.07421875 2
30 0.1 0.05078125 0.0 0.078125 0.05078125 0.06901041666666667 3
40 0.1 0.0390625 0.0 0.078125 0.0390625 0.064453125 4
50 0.1 0.109375 0.0 0.109375 0.0390625 0.059375 5
60 0.1 0.1015625 0.0 0.109375 0.0390625 0.06770833333333333 6
70 0.1 0.078125 0.0 0.109375 0.0390625 0.07254464285714286 7
80 0.1 0.0703125 0.0 0.109375 0.0390625 0.0732421875 8
90 0.1 0.05859375 0.0 0.109375 0.0390625 0.07291666666666667 9
100 0.1 0.2109375 0.0 0.2109375 0.0390625 0.071484375 10
110 0.1 0.171875 0.0 0.2109375 0.0390625 0.08416193181818182 11
120 0.1 0.1484375 0.0 0.2109375 0.0390625 0.09147135416666667 12
130 0.1 0.12109375 0.0 0.2109375 0.0390625 0.09585336538461539 13
140 0.1 0.1015625 0.0 0.2109375 0.0390625 0.09765625 14
150 0.1 0.171875 0.0 0.2109375 0.0390625 0.09791666666666667 15
160 0.1 0.359375 0.0 0.359375 0.0390625 0.1025390625 16
170 0.1 0.30859375 0.0 0.359375 0.0390625 0.11764705882352941 17
180 0.1 0.26171875 0.0 0.359375 0.0390625 0.12825520833333334 18
190 0.1 0.37109375 0.0 0.37109375 0.0390625 0.13527960526315788 19
200 0.1 0.5390625 0.0 0.5390625 0.0390625 0.14707031249999997 20
210 0.1 0.53125 0.0 0.5390625 0.0390625 0.1657366071428571 21
220 0.1 0.6015625 0.0 0.6015625 0.0390625 0.18235085227272724 22
230 0.1 0.6484375 0.0 0.6484375 0.0390625 0.20057744565217386 23
240 0.1 0.55078125 0.0 0.6484375 0.0390625 0.21923828124999997 24
250 0.1 0.609375 0.0 0.6484375 0.0390625 0.23249999999999996 25
260 0.1 0.51953125 0.0 0.6484375 0.0390625 0.24699519230769226 26
270 0.1 0.44140625 0.0 0.6484375 0.0390625 0.25708912037037035 27
280 0.1 0.37109375 0.0 0.6484375 0.0390625 0.26367187499999994 28
290 0.1 0.4609375 0.0 0.6484375 0.0390625 0.26737607758620685 29
300 0.1 0.390625 0.0 0.6484375 0.0390625 0.2738281249999999 30
310 0.1 0.41015625 0.0 0.6484375 0.0390625 0.2775957661290322 31
320 0.1 0.3515625 0.0 0.6484375 0.0390625 0.28173828124999994 32
330 0.1 0.37109375 0.0 0.6484375 0.0390625 0.28385416666666663 33
340 0.1 0.30859375 0.0 0.6484375 0.0390625 0.28642003676470584 34
350 0.1 0.26171875 0.0 0.6484375 0.0390625 0.28705357142857135 35
360 0.1 0.21875 0.0 0.6484375 0.0390625 0.2863498263888888 36
370 0.1 0.19140625 0.0 0.6484375 0.0390625 0.28452280405405395 37
380 0.1 0.16015625 0.0 0.6484375 0.0390625 0.28207236842105254 38
390 0.1 0.12890625 0.0 0.6484375 0.0390625 0.278946314102564 39
400 0.1 0.109375 0.0 0.6484375 0.0390625 0.27519531249999984 40
410 0.1 0.08984375 0.0 0.6484375 0.0390625 0.27115091463414615 41
