0 8.3 41.41939759036145 27.66410765609812 137.239 12.547 0 0
10 10.4 36.31571153846153 20.86162277856762 137.239 9.369 41.41939759036145 83
20 10.4 36.072932692307695 19.960414904478597 137.239 9.369 38.580983957219246 187
30 21.1 34.42715165876776 20.273038205256416 137.239 7.627 37.684635738831616 291
40 25.3 44.305865612648226 45.46352556592071 400.709 7.627 36.31545418326693 502
50 25.7 35.05712062256808 21.63369068492059 400.709 7.627 38.993035761589404 755
60 27.6 34.300855072463754 20.169981741260063 400.709 7.627 37.99349999999999 1012
70 37.7 33.17377188328911 20.23597179882703 400.709 7.627 37.202218944099364 1288
80 42.6 31.588100938967152 19.892943944311053 400.709 7.627 36.29007207207206 1665
90 47.4 37.24151054852323 27.82026677597064 400.709 7.627 35.3321382113821 2091
100 57.4 38.075756097560976 25.41722916367223 400.709 7.627 35.6849812865497 2565
110 57.5 37.911575652173944 27.007090720915397 400.709 7.627 36.12216024211532 3139
120 64.6 51.3875588235293 46.95846806390813 400.709 7.627 36.399196822832536 3714
130 68.3 44.711775988287 32.01911333769643 400.709 7.627 38.61994954128439 4360
140 69.6 55.40923563218401 45.09404743430888 400.709 7.627 39.444997620464 5043
150 76 85.59139868421049 102.5980775226435 854.119 7.627 41.38106830458268 5739
160 86.2 209.412011600928 183.029525760424 888.075 7.627 46.55107154946915 6499
170 92.1 238.69113137893632 239.95541972691169 1330.846 7.627 65.6226827876647 7361
180 94.3 157.9070657476138 131.9208917064044 1330.846 7.627 84.86876358367546 8282
190 97.6 198.62169672131168 170.19236487243222 1330.846 7.627 92.33490113821138 9225
200 100.2 527.7458932135736 347.4168408254174 1794.278 7.627 102.50409165768063 10201
210 101.9 777.0021059862615 536.8553793010126 2673.64 7.627 140.53785807373032 11203
220 104.2 1307.4199193857962 794.2413121069394 4136.424 0.951 193.6025830469646 12222
230 103.6 1820.960761583011 2249.9835406665457 65116.428 0.951 281.10240696622446 13264
240 124.4 1514.7614895498405 1127.7586443244572 65116.428 0.897 392.66137587412595 14300
250 131.4 1462.9135319634713 1116.9869153026057 65116.428 0.897 482.4640355120948 15544
260 134.2 1416.313529806263 1110.7267301819911 65116.428 0.897 558.8853570411676 16858
270 135 1425.642608148148 1120.5978134835595 65116.428 0.897 622.1089069230774 18200
280 142.1 1347.399853624209 1099.4012428550684 65116.428 0.897 677.5958888491052 19550
290 137.2 1370.8653163265335 1096.4048598215832 65116.428 0.89 722.9819664775171 20971
300 157.3 1217.89605403687 1082.7481716087632 65116.428 0.89 762.7660579599881 22343
310 154.2 1264.502556420233 1054.328725344259 65116.428 0.89 792.7008080782745 23916
320 164.2 1155.8226187576124 1076.14775577767 65116.428 0.89 821.2780056563756 25458
330 131.8 1040.2572966616094 962.6356252174267 65116.428 0.89 841.5481995571959 27100
340 111.6 134.5324758064516 145.76353816607858 65116.428 0.89 850.7641398057573 28418
350 107 53.75156728971962 40.61457203451005 65116.428 0.89 823.6999244260855 29534
360 79.3 31.1729281210592 20.552804423257165 65116.428 0.89 796.7804125277745 30604
370 56.7 17.782957671957657 8.733319624467626 65116.428 0.89 777.4433186928691 31397
380 58.2 131.2617920962199 2743.8834703529824 66269.337 0.89 763.9679268552125 31964
390 58.6 158.1109726962457 2732.4019075342385 66269.337 0.89 752.6536341485901 32546
400 42.4 320.7635377358491 4454.523706341995 66269.337 0.89 742.1380600929618 33132
410 11.5 10.470095652173903 2.571552811127138 66269.337 0.89 736.8137426093697 33556
