10 0.1 706 0 706 706 0 0
20 0.1 763.0 0.0 763 706 706.0 1
30 0.1 752.0 0.0 763 706 734.5 2
40 0.1 1411.0 0.0 1411 706 740.3333333333334 3
50 0.1 1522.0 0.0 1522 706 908.0 4
60 0.1 1311.0 0.0 1522 706 1030.8 5
70 0.1 1795.0 0.0 1795 706 1077.5 6
80 0.1 2295.0 0.0 2295 706 1180.0 7
90 0.1 2519.0 0.0 2519 706 1319.375 8
100 0.1 3037.0 0.0 3037 706 1452.6666666666667 9
110 0.1 3331.0 0.0 3331 706 1611.1 10
120 0.1 3626.0 0.0 3626 706 1767.4545454545455 11
130 0.1 3970.0 0.0 3970 706 1922.3333333333333 12
140 0.1 4324.0 0.0 4324 706 2079.846153846154 13
150 0.1 4365.0 0.0 4365 706 2240.1428571428573 14
160 0.1 4661.0 0.0 4661 706 2381.8 15
170 0.1 5927.0 0.0 5927 706 2524.25 16
180 0.1 6116.0 0.0 6116 706 2724.4117647058824 17
190 0.1 6669.0 0.0 6669 706 2912.8333333333335 18
200 0.1 6867.0 0.0 6867 706 3110.5263157894738 19
210 0.1 6934.0 0.0 6934 706 3298.35 20
220 0.1 7107.0 0.0 7107 706 3471.4761904761904 21
230 0.1 7457.0 0.0 7457 706 3636.7272727272725 22
240 0.1 7845.0 0.0 7845 706 3802.8260869565215 23
250 0.1 8536.0 0.0 8536 706 3971.25 24
260 0.1 8795.0 0.0 8795 706 4153.84 25
270 0.1 8443.0 0.0 8795 706 4332.346153846154 26
280 0.1 8902.0 0.0 8902 706 4484.592592592593 27
290 0.1 8863.0 0.0 8902 706 4642.357142857143 28
300 0.1 9022.0 0.0 9022 706 4787.896551724138 29
310 0.1 9656.0 0.0 9656 706 4929.033333333334 30
320 0.1 9457.0 0.0 9656 706 5081.5161290322585 31
330 0.1 9745.0 0.0 9745 706 5218.25 32
340 0.1 6437.0 0.0 9745 706 5355.424242424242 33
350 0.1 5452.0 0.0 9745 706 5387.235294117647 34
360 0.1 5002.0 0.0 9745 706 5389.085714285714 35
370 0.1 3671.0 0.0 9745 706 5378.333333333333 36
380 0.1 2990.0 0.0 9745 706 5332.189189189189 37
390 0.1 3206.0 0.0 9745 706 5270.5526315789475 38
400 0.1 3082.0 0.0 9745 706 5217.615384615385 39
410 0.1 1598.0 0.0 9745 706 5164.225 40
