0 16.7 20.558586826347312 12.64342857703483 103.297 12.31 0 0
10 20.9 18.11785645933015 3.9896153246555275 103.297 9.369 20.558586826347312 167
20 21.4 17.490116822429897 3.845497110700851 103.297 7.37 19.201904255319153 376
30 36.5 19.879769863013717 7.636923949474071 110.283 7.37 18.581018644067797 590
40 41.4 27.019454106280193 29.344064189476306 354.72 7.37 19.077400000000004 955
50 40.3 22.335196029776675 7.686832726393715 354.72 7.37 21.479160701241785 1369
60 42.4 22.399818396226443 7.041114747287739 354.72 7.37 21.673845936794585 1772
70 54.9 22.69274681238615 7.945182120314617 354.72 7.37 21.814015482695822 2196
80 60.9 22.219362889983564 8.219170431733405 354.72 7.37 21.98976174863389 2745
90 71.1 24.690465541490866 12.00327540465904 354.72 7.37 22.03145140131187 3354
100 80.8 27.16708663366338 11.487925116943206 354.72 7.37 22.496533579335797 4065
110 80.8 26.95792079207922 12.895438756357747 354.72 7.37 23.270965524317674 4873
120 95.9 34.4897132429614 25.261332747409245 354.72 7.37 23.79535557120226 5681
130 95.2 32.08157037815125 16.974824232926377 354.72 7.37 25.339917168674702 6640
140 100.2 38.49932235528946 24.206114782285358 354.72 7.37 26.185287802950477 7592
150 106.7 60.901127460168766 63.691709674716286 486.963 7.37 27.62101768675821 8594
160 123.4 146.26208995137753 92.54249398845776 486.963 7.37 31.296607908084066 9661
170 129.9 169.34157582755972 138.90962155640352 844.453 7.37 44.31793923818265 10895
180 134.8 110.67026261127586 71.43537061247963 844.453 7.37 57.63643226176809 12194
190 137.3 141.74041369264387 96.05078979987195 844.453 7.37 62.915534559149314 13542
200 140.1 384.26190221270525 139.94670740615058 844.453 7.37 70.17175709017768 14915
210 142 577.6125000000009 234.66008985005197 1058.041 7.37 97.14162061779848 16316
220 144.7 1002.4816551485825 313.7046191208606 1573.635 0.862 135.60963193504745 17736
230 142.8 1295.7325070028 1720.571917280926 65116.428 0.862 200.99897758431945 19183
240 173.5 1090.0137469740637 504.39345233037204 65116.428 0.857 276.84583023628153 20611
250 183.1 1039.6260699071534 539.8622143679311 65116.428 0.857 339.98224550255077 22346
260 182.4 1047.317708881581 576.6110899606848 65116.428 0.857 392.9684655664473 24177
270 182.5 1048.3429490410929 543.1047496396675 65116.428 0.857 438.87181619937695 26001
280 194.6 978.3631464542664 612.0199022384504 65116.428 0.857 478.8446767411771 27826
290 191.6 998.8085469728619 566.3044930967196 65116.428 0.857 511.49491663307793 29772
300 217.3 876.5490271514036 619.9700859385523 65116.428 0.857 540.9601058444837 31688
310 207.7 924.3522296581589 591.7731180132286 65116.428 0.845 562.496230766959 33861
320 226.6 842.2278323036198 621.1686603016498 65116.428 0.821 583.409328593689 35938
330 149.6 869.7036350267379 523.5339896261944 65116.428 0.821 598.7606721547481 38204
340 111.6 134.5324758064516 145.76353816607858 65116.428 0.821 608.9705127707808 39700
350 107 53.75156728971962 40.61457203451005 65116.428 0.821 595.9983241865934 40816
360 79.3 31.1729281210592 20.552804423257165 65116.428 0.821 582.1463442916487 41886
370 56.7 17.782957671957657 8.733319624467626 65116.428 0.821 571.9089460624662 42679
380 58.2 131.2617920962199 2743.8834703529824 66269.337 0.821 564.6437785228691 43246
390 58.6 158.1109726962457 2732.4019075342385 66269.337 0.821 558.8888201378114 43828
400 42.4 320.7635377358491 4454.523706341995 66269.337 0.821 553.6009420227856 44414
410 11.5 10.470095652173903 2.571552811127138 66269.337 0.821 551.3991698782282 44838
