10 0.1 744 0 744 744 0 0
20 0.1 808.0 0.0 808 744 744.0 1
30 0.1 785.0 0.0 808 744 776.0 2
40 0.1 1585.0 0.0 1585 744 779.0 3
50 0.1 1688.0 0.0 1688 744 980.5 4
60 0.1 1516.0 0.0 1688 744 1122.0 5
70 0.1 2057.0 0.0 2057 744 1187.6666666666667 6
80 0.1 2534.0 0.0 2534 744 1311.857142857143 7
90 0.1 2869.0 0.0 2869 744 1464.625 8
100 0.1 3336.0 0.0 3336 744 1620.6666666666667 9
110 0.1 3683.0 0.0 3683 744 1792.2 10
120 0.1 4032.0 0.0 4032 744 1964.090909090909 11
130 0.1 4292.0 0.0 4292 744 2136.4166666666665 12
140 0.1 4644.0 0.0 4644 744 2302.230769230769 13
150 0.1 4634.0 0.0 4644 744 2469.5 14
160 0.1 4834.0 0.0 4834 744 2613.8 15
170 0.1 5883.0 0.0 5883 744 2752.5625 16
180 0.1 6085.0 0.0 6085 744 2936.705882352941 17
190 0.1 6557.0 0.0 6557 744 3111.6111111111113 18
200 0.1 6858.0 0.0 6858 744 3292.9473684210525 19
210 0.1 6872.0 0.0 6872 744 3471.2 20
220 0.1 7003.0 0.0 7003 744 3633.1428571428573 21
230 0.1 7476.0 0.0 7476 744 3786.318181818182 22
240 0.1 7772.0 0.0 7772 744 3946.7391304347825 23
250 0.1 8702.0 0.0 8702 744 4106.125 24
260 0.1 8840.0 0.0 8840 744 4289.96 25
270 0.1 8784.0 0.0 8840 744 4464.961538461538 26
280 0.1 9072.0 0.0 9072 744 4624.925925925925 27
290 0.1 9282.0 0.0 9282 744 4783.75 28
300 0.1 9315.0 0.0 9315 744 4938.862068965517 29
310 0.1 10072.0 0.0 10072 744 5084.733333333334 30
320 0.1 10004.0 0.0 10072 744 5245.612903225807 31
330 0.1 10313.0 0.0 10313 744 5394.3125 32
340 0.1 7185.0 0.0 10313 744 5543.363636363636 33
350 0.1 6387.0 0.0 10313 744 5591.64705882353 34
360 0.1 5937.0 0.0 10313 744 5614.371428571429 35
370 0.1 4408.0 0.0 10313 744 5623.333333333333 36
380 0.1 3630.0 0.0 10313 744 5590.486486486487 37
390 0.1 3684.0 0.0 10313 744 5538.894736842105 38
400 0.1 3610.0 0.0 10313 744 5491.333333333333 39
410 0.1 2116.0 0.0 10313 744 5444.3 40
