30 1.9 35078.735526315795 29.27664039247707 35174.124 35057.145 0 0
40 4.8 35075.47691666666 16.403620494464302 35174.124 35057.145 35078.735526315795 19
50 5.4 35074.2868888889 13.25216258336033 35174.124 35057.145 35076.40099999999 67
60 6.2 35070.52409677419 9.904061282820741 35174.124 35057.11 35075.457512396686 121
70 6.8 35083.447176470574 47.73174728378721 35410.76 35056.413 35073.786081967206 183
80 12 51586.03845000002 21695.249283334157 80175.845 35056.413 35076.40343027887 251
90 12.5 53809.049576000005 22186.963648371227 80175.845 35056.413 40416.447102425875 371
100 14.9 52003.94661744968 21799.15725576696 80175.845 35056.413 43791.598935483875 496
110 17.5 54382.66396571427 22276.269274121205 80175.845 35056.413 45688.71491162791 645
120 16.4 57342.32529268296 22510.46535365171 80447.911 35056.413 47544.13086829268 820
130 19.9 51848.39969346735 21753.64433611448 80447.911 35056.413 49177.16327235773 984
140 19.5 52663.499866666694 21945.42460090598 80447.911 35056.413 49626.50904395605 1183
150 20.6 54147.95809223302 22225.176722329757 80447.911 35056.413 50056.27189622642 1378
160 24.2 51648.0309256198 21610.98805294966 80721.767 35056.413 50588.397752525256 1584
170 27.1 54511.92491881923 22200.018178020524 80887.88 35056.413 50728.83106462213 1826
180 27.1 54896.54002952024 22335.074275233022 80994.329 35056.413 51217.728744396765 2097
190 27.4 54453.20618613136 22158.067490231777 80994.329 35056.413 51638.74135346284 2368
200 33.2 55815.447412650625 22213.97388429319 80994.329 35056.413 51930.62756245269 2642
210 28.7 56147.852766550524 22283.666546365068 81664.094 35056.413 52364.306173839956 2974
220 32.5 56311.37658769225 22120.055039736893 82425.02 35056.413 52697.29540171727 3261
230 31.7 57735.10117350154 22723.038447063223 145232.431 35056.413 53024.84040602342 3586
240 36.5 60643.272654794535 22424.904173061474 145232.431 35056.413 53407.4057822188 3903
250 40.2 59810.26718159198 22423.430151499684 145232.431 35056.413 54026.21820220243 4268
260 40.7 58289.25229238329 21984.77744683337 145232.431 35056.413 54524.11706509635 4670
270 42.6 60322.19735211265 22088.631965991834 145232.431 35010.217 54825.95083257829 5077
280 43.1 57145.69712993039 22046.8429323624 145232.431 35008.068 55251.42802998363 5503
290 42.5 58192.6331176471 22509.030163405583 145232.431 35008.068 55389.01312976069 5934
300 45.3 56662.51671964679 22816.73540527444 145232.431 35007.342 55576.39141169995 6359
310 49.8 59321.397447791154 23631.180165663958 145232.431 35007.342 55648.6190635643 6812
320 51.6 59657.57441860468 23630.031618887188 145232.431 35007.342 55898.83023119015 7310
330 54.8 61571.4440510949 23467.858352659514 145232.431 35007.342 56146.659518272434 7826
340 60.3 56579.418645107864 23458.189734446863 145232.431 35007.342 56501.660942202056 8374
350 51.3 58388.60420077973 23592.003668669688 145232.431 35007.342 56506.88405625488 8977
360 46.9 62496.986232409385 23273.799032464955 145232.431 35007.342 56608.60401770285 9490
370 26.6 82882.50222932326 1504.9237604319028 145232.431 35007.342 56885.90608203635 9959
380 30.5 82742.56050819682 4253.934163442067 151624.182 35007.342 57562.198950024445 10225
390 27.1 82958.73698523984 4443.216058087833 151624.182 35007.342 58291.54465517569 10530
400 30.9 82956.28044983819 5666.102091871405 151624.182 35007.342 58910.45115655958 10801
410 11.3 83546.78337168139 893.0738063995618 151624.182 35007.342 59579.23254734474 11110
