0 76.07109375 76.07109375
10 95.22421875 171.2953125
20 98.52578125 269.82109375
30 182.65234375 452.4734375
40 223.49921875 675.97265625
50 217.39921875 893.371875
60 240.1203125 1133.4921875
70 304.48515625 1437.97734375
80 362.428125 1800.40546875
90 412.9171875 2213.32265625
100 475.440625 2688.76328125
110 487.67734375 3176.440625
120 553.66484375 3730.10546875
130 565.23515625 4295.340625
140 589.859375 4885.2
150 629.90703125 5515.10703125
160 739.88359375 6254.990625
170 778.02734375 7033.01796875
180 810.01328125 7843.03125
190 836.51875 8679.55
200 892.77265625 9572.32265625
210 869.9828125 10442.30546875
220 902.553125 11344.85859375
230 846.45078125 12191.309375
240 1007.04609375 13198.35546875
250 1046.796875 14245.15234375
260 1038.86875 15284.02109375
270 1005.39140625 16289.4125
280 1031.8671875 17321.2796875
290 1023.9375 18345.2171875
300 1108.17890625 19453.39609375
310 1092.20234375 20545.5984375
320 1138.865625 21684.4640625
330 810.06875 22494.5328125
340 722.88203125 23217.41484375
350 666.9609375 23884.37578125
360 520.42109375 24404.796875
370 370.4453125 24775.2421875
380 368.1125 25143.3546875
390 364.44765625 25507.80234375
400 275.93359375 25783.7359375
410 86.71640625 25870.45234375
