0 75.62421875 75.62421875
10 93.8859375 169.51015625
20 98.5890625 268.09921875
30 189.371875 457.47109375
40 226.52265625 683.99375
50 219.35546875 903.34921875
60 245.50078125 1148.85
70 340.0640625 1488.9140625
80 367.7109375 1856.625
90 417.31796875 2273.94296875
100 491.9625 2765.90546875
110 490.83828125 3256.74375
120 557.98046875 3814.72421875
130 567.6921875 4382.41640625
140 600.90390625 4983.3203125
150 644.56484375 5627.88515625
160 763.3484375 6391.23359375
170 780.334375 7171.56796875
180 807.35390625 7978.921875
190 866.8859375 8845.8078125
200 858.48203125 9704.28984375
210 871.4296875 10575.71953125
220 844.7515625 11420.47109375
230 858.9453125 12279.41640625
240 948.0421875 13227.45859375
250 959.26796875 14186.7265625
260 959.42578125 15146.15234375
270 949.80703125 16095.959375
280 971.38984375 17067.34921875
290 902.48203125 17969.83125
300 969.5546875 18939.3859375
310 958.26953125 19897.65546875
320 1041.446875 20939.10234375
330 980.9640625 21920.06640625
340 763.69296875 22683.759375
350 769.29765625 23453.05703125
360 438.20546875 23891.2625
370 281.82421875 24173.08671875
380 256.71953125 24429.80625
390 291.815625 24721.621875
400 110.06796875 24831.68984375
410 11.859375 24843.54921875
