0 86 86
10 192 192
20 295 295
30 434 434
40 538 540
50 631 631
60 717 718
70 838 838
80 898 902
90 997 998
100 1089 1090
110 1147 1148
120 1283 1283
130 1370 1370
140 1478 1485
150 1588 1593
160 1712 1713
170 1806 1810
180 1934 1940
190 2047 2047
200 2088 2103
210 2217 2217
220 2342 2342
230 2454 2454
240 2575 2577
250 2674 2675
260 2751 2757
270 2842 2849
280 2956 2958
290 3064 3064
300 3227 3227
310 3257 3257
320 3335 3348
330 2850 3348
340 2247 3348
350 1734 3348
360 1265 3348
370 999 3348
380 694 3348
390 423 3348
400 114 3348
410 1 3348
