0 8.6 86
10 10.6 192
20 10.3 295
30 15.8 453
40 15.2 605
50 14.7 752
60 14.8 900
70 18.9 1089
80 18 1269
90 22.4 1493
100 24.1 1734
110 23.3 1967
120 30 2267
130 28.6 2553
140 30.3 2856
150 31.6 3172
160 36.6 3538
170 36.5 3903
180 39.9 4302
190 38.7 4689
200 37.3 5062
210 41.6 5478
220 45 5928
230 42.9 6357
240 48.6 6843
250 50.1 7344
260 48.4 7828
270 51.7 8345
280 54.5 8890
290 53.3 9423
300 61.6 10039
310 52.8 10567
320 59.4 11161
330 6.3 11224
340 0 11224
350 0 11224
360 0 11224
370 0 11224
380 0 11224
390 0 11224
400 0 11224
410 0 11224
