0 11.8 118
10 10.2 220
20 9.8 318
30 17.6 494
40 24.4 738
50 28.2 1020
60 34.2 1362
70 40.7 1769
80 39.4 2163
90 50.3 2666
100 43.8 3104
110 53.6 3640
120 60.2 4242
130 65.2 4894
140 65.7 5551
150 71 6261
160 81.3 7074
170 71.7 7791
180 91.2 8703
190 91.9 9622
200 88.4 10506
210 92.7 11433
220 93.5 12368
230 96.9 13337
240 108.7 14424
250 116 15584
260 122 16804
270 120.5 18009
280 116.6 19175
290 120.7 20382
300 118.5 21567
310 116.7 22734
320 116.1 23895
330 123.5 25130
340 86.6 25996
350 76.1 26757
360 51.6 27273
370 25.1 27524
380 22.5 27749
390 23 27979
