0 10.1 101
10 9.4 195
20 10.6 301
30 12 421
40 16.3 584
50 15.5 739
60 21.3 952
70 18.3 1135
80 24.8 1383
90 31.1 1694
100 26.4 1958
110 32.4 2282
120 37 2652
130 39 3042
140 41.8 3460
150 43.9 3899
160 42 4319
170 48.9 4808
180 50.4 5312
190 53.2 5844
200 53.2 6376
210 56.7 6943
220 57.2 7515
230 60.3 8118
240 66.1 8779
250 68.9 9468
260 70.7 10175
270 75.1 10926
280 73.8 11664
290 70.8 12372
300 77 13142
310 70.7 13849
320 73 14579
330 41.5 14994
340 30.5 15299
350 27.7 15576
360 26.1 15837
370 24.5 16082
380 25 16332
390 22.5 16557
