0 10.1 1.464089108910891 1.05717488365637 11.947 1.102 0 0
10 9.4 1.373808510638299 0.14587580527924054 11.947 1.102 1.464089108910891 101
20 10.6 1.5694150943396212 1.2119009383198212 13.816 1.102 1.4205692307692313 195
30 12 1.5035083333333337 0.7521281694391511 13.816 1.102 1.472986710963455 301
40 16.4 1.7031341463414642 0.9857708109702055 13.816 1.102 1.4816864608076008 421
50 15.4 1.634649350649351 1.3924340621030402 14.056 1.102 1.5437675213675215 585
60 21.3 1.6345352112676073 1.237859179128109 15.586 1.102 1.562706359945873 739
70 24.2 1.4816322314049581 0.9640320891331842 15.586 1.102 1.5787773109243703 952
80 24.1 1.2979626556016604 0.17686596964793364 15.586 1.046 1.5590879396984927 1194
90 30.8 1.34478896103896 0.3839573640531053 15.586 1.046 1.515233449477352 1435
100 27.6 1.3678333333333332 0.6202974927150676 15.586 1.046 1.485114744693058 1743
110 33.7 1.3450445103857565 0.2757311851171812 15.586 1.043 1.4690822189202575 2019
120 38.9 1.301444730077122 0.5991961754833499 15.586 1.043 1.451339983022071 2356
130 40.7 1.3605724815724822 0.9097831256159421 15.586 1.039 1.4300979963570126 2745
140 40.3 1.3046327543424332 0.373082923238275 15.586 0.993 1.4211205583756346 3152
150 44.2 1.325785067873304 0.5018283146894869 15.586 0.993 1.4079153305203942 3555
160 45.8 1.2911921397379895 0.4498222043030642 15.586 0.993 1.398833124843633 3997
170 45.3 1.3880309050772626 0.9206427349425467 15.586 0.993 1.3877670033670035 4455
180 55.9 1.3146923076923083 0.7338637074441137 15.586 0.99 1.387791361043195 4908
190 63.3 1.3700394944707746 1.065077160880732 18.185 0.99 1.3803169928662888 5467
200 66.5 13.470796992481176 182.6107126418637 3024.882 0.99 1.379250491803279 6100
210 72.8 1.4432623626373604 0.8853616499605073 3024.882 0.99 2.5678504065040624 6765
220 69.8 1.3256117478510012 0.7077776873456777 3024.882 0.99 2.4585884158547957 7493
230 74.4 1.3724086021505395 0.534335545811245 3024.882 0.99 2.36204126480283 8191
240 83.1 1.3898014440433188 0.9082163688291602 3024.882 0.985 2.279636485730272 8935
250 89.8 1.3283095768374185 0.8149455294473312 3024.882 0.983 2.2039194142944893 9766
260 87.8 1.2996138952164014 0.5070372494554979 3024.882 0.949 2.1301855776444096 10664
270 88.3 1.4039558323895807 0.8424597911758024 3024.882 0.949 2.0670039854444626 11542
280 91.7 1.3555507088331515 0.6015557899941668 3024.882 0.949 2.019883541247484 12425
290 94.8 1.4405021097046404 1.0740327495202193 3024.882 0.949 1.9742237295757747 13342
300 94.6 1.4757484143763187 1.4448690175690289 3024.882 0.949 1.9388165850244916 14290
310 101.5 1.5423999999999987 3.07395526625165 3024.882 0.949 1.9100647807823563 15236
320 112.2 1.3352174688057024 0.6602097172193726 3024.882 0.949 1.8871012860747018 16251
330 53.3 1.4826810506566603 1.2354364139011336 3024.882 0.949 1.8514589880849581 17373
340 34.8 1.5404942528735635 1.0431192322671412 3024.882 0.949 1.8404817379649265 17906
350 37.6 1.5691569148936162 1.243728394169251 3024.882 0.949 1.8347626821518557 18254
360 24.5 1.607791836734694 0.9781813119851731 3024.882 0.949 1.829402093397744 18630
370 25 1.4661960000000003 0.29392433989719174 3024.882 0.949 1.8265255629139057 18875
380 22.5 1.5270800000000007 1.0782276332739558 3024.882 0.949 1.821815372549018 19125
390 25.7 1.7015603112840456 2.323149903887937 3024.882 0.949 1.818388217054262 19350
