0 0.1 10.696316262353998 0 10.696316262353998 10.696316262353998 0 0
10 0.1 2.579365079365079 0.0 10.696316262353998 2.579365079365079 10.696316262353998 1
20 0.1 2.376237623762376 0.0 10.696316262353998 2.376237623762376 6.637840670859538 2
30 0.1 2.6732673267326734 0.0 10.696316262353998 2.376237623762376 5.217306321827151 3
40 0.1 6.903353057199212 0.0 10.696316262353998 2.376237623762376 4.581296573053532 4
50 0.1 4.154302670623145 0.0 10.696316262353998 2.376237623762376 5.045707869882667 5
60 0.1 4.334975369458128 0.0 10.696316262353998 2.376237623762376 4.897140336672748 6
70 0.1 5.20117762512267 0.0 10.696316262353998 2.376237623762376 4.816831055642088 7
80 0.1 5.0395256916996045 0.0 10.696316262353998 2.376237623762376 4.86487437682716 8
90 0.1 5.237154150197629 0.0 10.696316262353998 2.376237623762376 4.884280078479653 9
100 0.1 6.679764243614931 0.0 10.696316262353998 2.376237623762376 4.919567485651451 10
110 0.1 5.703048180924287 0.0 10.696316262353998 2.376237623762376 5.07958537273904 11
120 0.1 8.300395256916996 0.0 10.696316262353998 2.376237623762376 5.131540606754477 12
130 0.1 7.925636007827788 0.0 10.696316262353998 2.376237623762376 5.3752986567669785 13
140 0.1 7.8431372549019605 0.0 10.696316262353998 2.376237623762376 5.557465610414179 14
150 0.1 7.956777996070727 0.0 10.696316262353998 2.376237623762376 5.709843720046698 15
160 0.1 9.073170731707316 0.0 10.696316262353998 2.376237623762376 5.8502771122982 16
170 0.1 9.620991253644315 0.0 10.696316262353998 2.376237623762376 6.039859089910501 17
180 0.1 10.949612403100776 0.0 10.949612403100776 2.376237623762376 6.238810876784602 18
190 0.1 11.497584541062803 0.0 11.497584541062803 2.376237623762376 6.486747799222296 19
200 0.1 13.994169096209912 0.0 13.994169096209912 2.376237623762376 6.737289636314321 20
210 0.1 11.736178467507274 0.0 13.994169096209912 2.376237623762376 7.082855324880778 21
220 0.1 13.835877862595419 0.0 13.994169096209912 2.376237623762376 7.2943700131819815 22
230 0.1 13.018322082931533 0.0 13.994169096209912 2.376237623762376 7.578783397939088 23
240 0.1 13.61904761904762 0.0 13.994169096209912 2.376237623762376 7.805430843147107 24
250 0.1 15.369836695485112 0.0 15.369836695485112 2.376237623762376 8.037975514183128 25
260 0.1 18.72015281757402 0.0 18.72015281757402 2.376237623762376 8.319970175002435 26
270 0.1 13.896987366375122 0.0 18.72015281757402 2.376237623762376 8.705162124727309 27
280 0.1 16.129032258064516 0.0 18.72015281757402 2.376237623762376 8.89058445478616 28
290 0.1 16.076555023923444 0.0 18.72015281757402 2.376237623762376 9.14018610317507 29
300 0.1 15.598086124401913 0.0 18.72015281757402 2.376237623762376 9.371398400533348 30
310 0.1 19.18997107039537 0.0 19.18997107039537 2.376237623762376 9.572259294851689 31
320 0.1 16.997167138810198 0.0 19.18997107039537 2.376237623762376 9.872812787837429 32
330 0.1 16.618635926993274 0.0 19.18997107039537 2.376237623762376 10.088702313624482 33
340 0.1 9.734513274336283 0.0 19.18997107039537 2.376237623762376 10.280759184605916 34
350 0.1 9.019607843137255 0.0 19.18997107039537 2.376237623762376 10.265152158598212 35
360 0.1 8.070866141732283 0.0 19.18997107039537 2.376237623762376 10.230553705390964 36
370 0.1 6.293018682399214 0.0 19.18997107039537 2.376237623762376 10.172183771238025 37
380 0.1 4.851485148514851 0.0 19.18997107039537 2.376237623762376 10.070100479426477 38
390 0.1 4.265873015873016 0.0 19.18997107039537 2.376237623762376 9.936289829915921 39
