0 1 2.4708999999999994 3.4299345022900947 12.75 0.89 0 0
10 1.2 1.346166666666667 0.11540712956986471 12.75 0.89 2.4708999999999994 10
20 1.3 1.4596153846153845 0.28806076775076433 12.75 0.89 1.8574090909090908 22
30 1.8 1.3666111111111112 0.0628040505495633 12.75 0.89 1.7096571428571428 35
40 2.4 1.330791666666667 0.1797034546056982 12.75 0.89 1.5931509433962263 53
50 2.7 1.3688888888888888 0.40106417084526813 12.75 0.858 1.5113766233766235 77
60 3.5 1.4679714285714287 1.3899235638945717 12.75 0.858 1.4743846153846154 104
70 4.5 1.3409999999999997 0.6106421392454194 12.75 0.858 1.4727697841726621 139
80 5.5 1.2184545454545452 0.18359350534975782 12.75 0.858 1.4405434782608695 184
90 4.7 1.2592127659574466 0.2897798090091349 12.75 0.858 1.3894351464435146 239
100 6.6 1.3415454545454546 0.3110448268297042 12.75 0.858 1.368034965034965 286
110 7.6 1.2528947368421055 0.3140723005492511 12.75 0.858 1.3630681818181818 352
120 6.9 1.4324927536231888 1.157203896745574 12.75 0.858 1.3435046728971962 428
130 10.1 1.2316732673267325 0.18755034222715408 12.75 0.858 1.3558591549295773 497
140 11.4 1.2729122807017528 0.5458126656551084 12.75 0.858 1.3348846153846152 598
150 14 1.2815928571428576 0.6268755731679885 12.75 0.854 1.324962078651685 712
160 14 1.3437857142857141 0.5597135464517834 12.75 0.845 1.3178356807511735 852
170 18.5 1.3719027027027029 1.514686049440964 13.713 0.845 1.3214979838709675 992
180 18.6 1.306521505376344 1.3069337018955558 13.713 0.732 1.3294205607476632 1177
190 22.6 1.0838008849557514 0.44678492598532504 13.713 0.732 1.3262956713132792 1363
200 24.7 1.1697408906882594 0.8742169276021194 13.713 0.732 1.2918061674008807 1589
210 27.5 1.1305636363636367 0.618341593256036 13.713 0.732 1.2753845315904135 1836
220 32.9 1.4339392097264447 1.8019408253174916 24.562 0.732 1.256518711511132 2111
230 32.3 1.2458142414860673 0.986259909687412 24.562 0.732 1.2804413934426229 2440
240 20.1 1.5620398009950238 2.684552995283486 24.562 0.732 1.2763934129569305 2763
250 6.9 1.3616521739130434 0.9817696359877138 24.562 0.732 1.2957641700404856 2964
260 8.9 1.1989999999999998 0.49993761408552584 24.562 0.732 1.297263105835806 3033
270 8.9 1.4472134831460672 1.3158468582722482 24.562 0.732 1.2944618834080714 3122
280 10.4 1.432490384615385 1.1400160339222654 24.562 0.732 1.298695733416381 3211
290 13.9 1.365237410071943 0.8507845941546228 24.562 0.732 1.302893212669683 3315
300 15.5 1.5524903225806448 2.286175576379771 24.562 0.732 1.3054021424435436 3454
310 5.8 1.2719482758620688 0.8208070549541742 24.562 0.732 1.3160141313383207 3609
320 0 0 0 24.562 0.732 1.3153171529860919 3667
330 0 0 0 24.562 0.732 1.3153171529860919 3667
333 0 0 0 24.562 0.732 1.3153171529860919 3667
