0 0.1 1.7030965938068126 0 1.7030965938068126 1.7030965938068126 0 0
10 0.1 0.4 0.0 1.7030965938068126 0.4 1.7030965938068126 1
20 0.1 0.2004008016032064 0.0 1.7030965938068126 0.2004008016032064 1.0515482969034062 2
30 0.1 0.0 0.0 1.7030965938068126 0.0 0.7678324651366729 3
40 0.1 0.3009027081243731 0.0 1.7030965938068126 0.0 0.5758743488525047 4
50 0.1 0.6012024048096193 0.0 1.7030965938068126 0.0 0.5208800207068783 5
60 0.1 0.7007007007007007 0.0 1.7030965938068126 0.0 0.5342670847240019 6
70 0.1 0.9018036072144289 0.0 1.7030965938068126 0.0 0.558043315577816 7
80 0.1 0.8048289738430584 0.0 1.7030965938068126 0.0 0.6010133520323926 8
90 0.1 1.0060362173038229 0.0 1.7030965938068126 0.0 0.6236595322335776 9
100 0.1 0.8040201005025126 0.0 1.7030965938068126 0.0 0.6618972007406022 10
110 0.1 1.7051153460381143 0.0 1.7051153460381143 0.0 0.6748174643553213 11
120 0.1 1.4098690835850958 0.0 1.7051153460381143 0.0 0.7606756211622208 12
130 0.1 2.106318956870612 0.0 2.106318956870612 0.0 0.8106135798101342 13
140 0.1 2.6052104208416833 0.0 2.6052104208416833 0.0 0.9031639638858826 14
150 0.1 2.224469160768453 0.0 2.6052104208416833 0.0 1.016633727682936 15
160 0.1 2.7135678391959797 0.0 2.7135678391959797 0.0 1.0921234422507808 16
170 0.1 3.911735205616851 0.0 3.911735205616851 0.0 1.187502524424028 17
180 0.1 5.72289156626506 0.0 5.72289156626506 0.0 1.3388487844902959 18
190 0.1 3.326612903225806 0.0 5.72289156626506 0.0 1.5695878782679151 19
200 0.1 4.133064516129032 0.0 5.72289156626506 0.0 1.6574391295158097 20
210 0.1 3.560528992878942 0.0 5.72289156626506 0.0 1.775326052687868 21
220 0.1 4.568527918781726 0.0 5.72289156626506 0.0 1.8564716408783715 22
230 0.1 8.375378405650856 0.0 8.375378405650856 0.0 1.9743871312219954 23
240 0.1 5.888324873096447 0.0 8.375378405650856 0.0 2.2410951009898645 24
250 0.1 3.3165829145728645 0.0 8.375378405650856 0.0 2.3869842918741275 25
260 0.1 3.3232628398791544 0.0 8.375378405650856 0.0 2.4227380850548483 26
270 0.1 3.8038038038038042 0.0 8.375378405650856 0.0 2.4560908537520447 27
280 0.1 3.3232628398791544 0.0 8.375378405650856 0.0 2.504223459111036 28
290 0.1 3.006012024048096 0.0 8.375378405650856 0.0 2.532466196378902 29
300 0.1 2.327935222672065 0.0 8.375378405650856 0.0 2.5482510573012083 30
310 0.1 3.3165829145728645 0.0 8.375378405650856 0.0 2.541144094893817 31
320 0.1 2.4120603015075375 0.0 8.375378405650856 0.0 2.565376558008787 32
330 0.1 1.6 0.0 8.375378405650856 0.0 2.560730610842082 33
333 0.1 0.9036144578313252 0.0 8.375378405650856 0.0 2.5324738281702563 34
