0 2.6 36.00857692307692 24.45629698552262 100.445 13.869 0 0
10 1.8 21.994944444444442 22.914922519015185 114.967 13.652 36.00857692307692 26
20 2.1 17.18033333333333 6.477379300548534 114.967 12.848 30.275727272727273 44
30 4.8 34.841812499999996 59.835425862546884 252.877 12.352 26.04490769230769 65
40 8.3 51.251879518072286 79.02120877553652 334.848 11.709 29.78164601769911 113
50 8.5 44.28797647058821 74.46332153751568 334.848 10.723 38.87363265306122 196
60 13.4 52.44589552238805 80.1201916297949 334.848 10.723 40.51142348754448 281
70 16.3 54.41420245398773 79.86622017555852 334.848 10.723 44.36496385542168 415
80 24.3 57.72811111111111 85.791447808066 351.038 8.94 47.1989186851211 578
90 16.9 60.677106508875745 94.05451584180942 373.33 8.94 50.3153544457978 821
100 24.4 65.4269918032787 99.92545673626293 424.132 8.94 52.084178787878784 990
110 30.8 69.04475974025978 102.62318458172851 424.132 8.345 54.7224659643436 1234
120 33.5 79.76818507462687 118.37698122796662 515.944 7.709 57.58320946822309 1542
130 41.7 75.9505803357314 115.97408048819729 515.944 7.709 61.54270165157166 1877
140 50.1 101.93925548902195 145.17590054149665 670.257 7.709 64.16174498692241 2294
150 51.7 89.13548742746606 139.91025192257712 734.705 7.709 70.93331305903398 2795
160 59.8 263.9513712374579 231.1036507214137 1003.905 7.709 73.77465489130432 3312
170 71.2 191.27455617977523 223.6690478058886 1079.748 7.709 102.86050562659841 3910
180 72.3 258.7045781466114 199.79705165830958 1079.748 7.709 116.48032475118991 4622
190 79 458.99984177215197 242.71318350161826 1400.06 7.709 135.71851655753036 5345
200 86.8 951.8486175115199 597.6983906070461 2746.578 0.527 177.34724466177667 6135
210 116.6 1136.1477795883338 1011.5141497530782 3189.833 0.507 273.3442733114378 7003
220 144 924.9730472222218 977.4153877260803 3189.833 0.507 396.4962978332716 8169
230 139.2 916.1728247126445 1043.312516602497 3189.833 0.507 475.6935628057025 9609
240 100 1301.7961819999998 1139.4738285302174 3407.924 0.507 531.4291443505133 11001
250 126.1 1071.5668699444893 1464.5058917477197 4302.793 0.487 595.6210481626529 12001
260 119 1135.706427731093 1506.7353568480573 4588.306 0.487 640.8757368421051 13262
270 111.6 1235.7629829749117 1563.9160247387065 4588.306 0.487 681.6208601577636 14452
280 71.1 1977.5829774964834 1714.0100868385605 4588.306 0.487 721.3448201438849 15568
290 55.1 2355.85750635209 914.0300258170035 4588.306 0.487 776.2121541249462 16279
300 79.8 1646.562591478697 1443.7045478456387 4588.306 0.487 827.9284101604279 16830
310 83.9 1578.4333861740147 1593.1344268169605 4588.306 0.487 864.9870711935558 17628
320 47.4 2641.8158945147643 1780.849935413566 5071.798 0.487 897.4006445010018 18467
330 34.1 2744.6628563049885 1134.2535037556725 5071.798 0.487 941.0547719761363 18941
333 0 0 0 5071.798 0.487 972.9513779690902 19282
