30 0.2 35591.91 43.60699999999815 35635.517 35548.303 0 0
40 0.6 35608.79816666667 90.8306925042709 35773.298 35518.284 35591.91 2
50 0.5 35585.5044 55.3813471363782 35773.298 35518.284 35604.576125 8
60 1.2 35558.698 49.215678475800246 35773.298 35500.365 35597.24084615384 13
70 1.4 35551.26235714286 48.74260340020249 35773.298 35493.32 35578.74028 25
80 2.1 52761.15138095237 21907.661372906176 80795.115 35493.32 35568.87641025642 39
90 1.4 45269.58757142858 18502.277665509286 80795.115 35493.32 41586.17265 60
100 2.2 43830.62877272727 17339.174537993866 80795.115 35493.32 42283.03493243244 74
110 3 47655.92366666666 19911.792464244856 80817.756 35493.32 42637.691854166675 96
120 3.6 49458.72036111111 20765.81176644856 81149.575 35493.32 43832.50895238096 126
130 4 48110.637350000005 20112.711797965017 81149.575 35493.32 45082.77815432099 162
140 5.1 50009.237647058806 20914.979012484953 81496.525 35493.32 45682.35423267328 202
150 4.7 55035.38161702128 22203.549735175533 81496.525 35493.32 46554.57183794467 253
160 5.2 56403.018346153855 22402.31709235227 82933.649 35493.32 47883.23203666667 300
170 6.8 51371.554455882346 21170.130198480103 83116.377 35493.32 49141.83683238637 352
180 6.9 51781.659478260866 21305.923158036763 83116.377 35493.32 49502.83873333333 420
190 6.5 55926.2853230769 22176.104688021547 84173.47 35493.32 49824.39012678937 489
200 6.1 53447.92180327869 20237.44040356468 86877.201 35493.32 50540.31645848376 554
210 11.7 54967.48201709402 20472.20185872089 90542.907 35042.604 50828.71308617886 615
220 14.5 54095.46987586208 21272.046279926275 91971.175 35042.604 51490.2376284153 732
230 13.7 59279.69104379559 21443.279159797497 93318.752 35042.604 51920.97728164196 877
240 12.4 58999.015459677415 21904.795667438717 94797.732 35009.085 52915.20192209072 1014
250 20 55005.04703499999 21638.662928960057 96474.733 35007.749 53578.11306326889 1138
260 19.2 62096.318890625 23869.711807163636 99695.053 35007.749 53791.4066315396 1338
270 18.9 62026.04640740742 22956.41249941837 99695.053 35007.749 54833.59169934639 1530
280 11.9 72139.59352941175 19594.78973062617 100825.324 35007.749 55624.38514892378 1719
290 9.6 78775.96126041663 21069.508275806456 100825.324 35007.749 56693.650544613694 1838
300 12.5 92188.43512 7066.523823821012 102544.371 35007.749 57789.77351706307 1934
310 14.6 91867.5765890411 9077.01781645219 104325.706 35007.749 59878.08468771247 2059
320 8.2 95524.82691463413 8696.204639591022 106026.57 35007.749 61996.20977505668 2205
330 12.5 100876.78936800003 3301.200356317545 106842.93 35007.749 63198.37269829471 2287
333 0 0 0 106842.93 35007.749 65151.02696185738 2412
