0 13.95625 13.95625
10 6.084375 20.040625
20 7.803125 27.84375
30 26.359375 54.203125
40 51.4296875 105.6328125
50 50.959375 156.5921875
60 84.6078125 241.2
70 113.33828125 354.53828125
80 161.48359375 516.021875
90 111.2296875 627.2515625
100 165.01171875 792.26328125
110 209.81015625 1002.0734375
120 242.34375 1244.4171875
130 288.74765625 1533.16484375
140 353.41640625 1886.58125
150 360.40390625 2246.98515625
160 404.37265625 2651.3578125
170 480.9140625 3132.271875
180 497.7703125 3630.0421875
190 523.47890625 4153.52109375
200 554.45703125 4707.978125
210 592.16640625 5300.14453125
220 676.1546875 5976.29921875
230 613.18515625 6589.484375
240 572.04375 7161.528125
250 565.16328125 7726.69140625
260 531.05625 8257.74765625
270 496.73984375 8754.4875
280 365.91171875 9120.39921875
290 398.06875 9518.46796875
300 419.6578125 9938.12578125
310 372.6046875 10310.73046875
320 218.00703125 10528.7375
330 214.5296875 10743.2671875
333 0 10743.2671875
