0 13.6171875 13.6171875
10 6.33984375 19.95703125
20 7.99453125 27.9515625
30 25.83828125 53.78984375
40 49.5578125 103.34765625
50 49.0171875 152.36484375
60 83.82734375 236.1921875
70 106.25390625 342.44609375
80 155.99375 498.43984375
90 105.26953125 603.709375
100 157.20390625 760.91328125
110 200.55234375 961.465625
120 227.278125 1188.74375
130 278.29453125 1467.03828125
140 336.81171875 1803.85
150 333.578125 2137.428125
160 414.15625 2551.584375
170 441.47109375 2993.05546875
180 477.87890625 3470.934375
190 511.675 3982.609375
200 611.9484375 4594.5578125
210 722.225 5316.7828125
220 855.809375 6172.5921875
230 804.86640625 6977.45859375
240 647.88984375 7625.3484375
250 811.21953125 8436.56796875
260 769.3265625 9205.89453125
270 684.08671875 9889.98125
280 501.61796875 10391.59921875
290 315.37109375 10706.9703125
300 411.4765625 11118.446875
310 393.61015625 11512.05703125
320 229.18203125 11741.2390625
330 147.753125 11888.9921875
333 0 11888.9921875
