0 8.8 1.186215909090909 1.372831061652456 13.644 0.805 0 0
10 9.1 1.08265934065934 0.1469410601568018 13.644 0.805 1.186215909090909 88
20 10 1.1060399999999997 0.30201685118549265 13.644 0.805 1.1335698324022343 179
30 13.9 0.9985755395683454 0.15607648827755635 13.644 0.805 1.1237025089605732 279
40 15.5 1.0176193548387096 0.17070734326544076 13.644 0.804 1.0820933014354066 418
50 15.1 0.9376026490066227 0.1721008898418991 13.644 0.793 1.064652705061082 573
60 18.8 1.0639574468085113 1.6035231119412192 22.844 0.793 1.0381546961325967 724
70 24.9 0.9297991967871482 0.5140178061697821 22.844 0.759 1.0434736842105266 912
80 24.1 0.9023112033195024 0.18391107877241253 22.844 0.699 1.0190938845822568 1161
90 29.7 1.123602693602693 0.7860664143723429 22.844 0.699 0.9990192582025679 1402
100 30.4 0.9356611842105265 0.14959959829198727 22.844 0.699 1.0207975279576222 1699
110 32.4 7.062194444444437 28.185515304673228 210.962 0.699 1.007876185721418 2003
120 36.6 1.1146120218579245 0.7592455143840533 210.962 0.699 1.8508495917490322 2327
130 39.3 0.9807099236641218 0.24977393815492274 210.962 0.699 1.7507890828072774 2693
140 41.3 0.9354842615012106 0.5803678994075319 210.962 0.699 1.652720025923525 3086
150 48.4 1.0211136363636357 0.7755973953871977 210.962 0.699 1.5680620177193476 3499
160 47.4 3.3600210970464133 17.285247545843074 221.728 0.699 1.501598794878232 3983
170 46.6 0.9473776824034339 0.5637367387131038 221.728 0.683 1.6992411936280003 4457
180 49.1 1.0262810590631346 0.6484234573709833 221.728 0.683 1.6280715011172044 4923
190 56.8 1.0061021126760554 0.6892084305199421 221.728 0.683 1.5734946435168076 5414
200 53.7 1.0250540037243947 1.5655062813700589 221.728 0.666 1.5196198595787354 5982
210 59.2 1.2203885135135133 1.0201220686114292 221.728 0.666 1.4788801963491325 6519
220 65.5 14.683262595419853 57.187650098838915 435.678 0.617 1.457360427506679 7111
230 64.1 1.015457098283934 0.40457581081051314 435.678 0.617 2.572859515838269 7766
240 58.7 1.059732538330493 0.6726551359139468 435.678 0.617 2.4541138337100037 8407
250 68.6 1.1204985422740534 0.59531275007851 435.678 0.617 2.3631085167889703 8994
260 67.7 15.080940915805009 54.9463543780223 435.678 0.617 2.275047520661157 9680
270 73.4 1.021264305177113 0.7772636789407692 435.678 0.617 3.112122912040165 10357
280 73.2 0.9166707650273236 0.22136496474207856 435.678 0.617 2.973750338111982 11091
290 74.7 0.9879651941097717 0.784552314036847 435.678 0.617 2.846389917956525 11823
300 79.7 1.092126725219574 1.0210561524717023 435.678 0.617 2.7359489260143195 12570
310 80 1.0333000000000019 0.7187940960386362 435.678 0.617 2.6379369342410413 13367
