0 0.1 2.028140667574722 0 2.028140667574722 2.028140667574722 0 0
10 0.1 3.493013972055888 0.0 3.493013972055888 2.028140667574722 2.028140667574722 1
20 0.1 1.5968063872255487 0.0 3.493013972055888 1.5968063872255487 2.760577319815305 2
30 0.1 1.2024048096192386 0.0 3.493013972055888 1.2024048096192386 2.3726536756187193 3
40 0.1 2.2977022977022976 0.0 3.493013972055888 1.2024048096192386 2.080091459118849 4
50 0.1 2.2022022022022023 0.0 3.493013972055888 1.2024048096192386 2.123613626835539 5
60 0.1 1.5151515151515151 0.0 3.493013972055888 1.2024048096192386 2.1367117227299826 6
70 0.1 2.4120603015075375 0.0 3.493013972055888 1.2024048096192386 2.04791740736163 7
80 0.1 2.3255813953488373 0.0 3.493013972055888 1.2024048096192386 2.0934352691298685 8
90 0.1 2.233502538071066 0.0 3.493013972055888 1.2024048096192386 2.1192292831541986 9
100 0.1 3.807615230460922 0.0 3.807615230460922 1.2024048096192386 2.130656608645885 10
110 0.1 3.3468559837728193 0.0 3.807615230460922 1.2024048096192386 2.2831073924472522 11
120 0.1 4.814443329989969 0.0 4.814443329989969 1.2024048096192386 2.3717531083910495 12
130 0.1 3.7678207739307537 0.0 4.814443329989969 1.2024048096192386 2.5596523562063513 13
140 0.1 4.641775983854692 0.0 4.814443329989969 1.2024048096192386 2.6459501003295225 14
150 0.1 3.6772216547497445 0.0 4.814443329989969 1.2024048096192386 2.779005159231201 15
160 0.1 5.0761421319796955 0.0 5.0761421319796955 1.2024048096192386 2.8351436902011096 16
170 0.1 5.300713557594292 0.0 5.300713557594292 1.2024048096192386 2.966967127952791 17
180 0.1 5.146316851664985 0.0 5.300713557594292 1.2024048096192386 3.096619707377319 18
190 0.1 5.888324873096447 0.0 5.888324873096447 1.2024048096192386 3.2044985044450907 19
200 0.1 5.441478439425051 0.0 5.888324873096447 1.2024048096192386 3.338689822877659 20
210 0.1 5.81039755351682 0.0 5.888324873096447 1.2024048096192386 3.4388226141418206 21
220 0.1 7.947686116700201 0.0 7.947686116700201 1.2024048096192386 3.5466214750225022 22
230 0.1 9.67098703888335 0.0 9.67098703888335 1.2024048096192386 3.737972111617185 23
240 0.1 8.291203235591507 0.0 9.67098703888335 1.2024048096192386 3.985181066919942 24
250 0.1 7.3319755600814664 0.0 9.67098703888335 1.2024048096192386 4.1574219536668044 25
260 0.1 9.06344410876133 0.0 9.67098703888335 1.2024048096192386 4.279520169298137 26
270 0.1 9.738955823293173 0.0 9.738955823293173 1.2024048096192386 4.456702537426403 27
280 0.1 8.384458077709612 0.0 9.738955823293173 1.2024048096192386 4.645354440493073 28
290 0.1 8.375893769152196 0.0 9.738955823293173 1.2024048096192386 4.774289048672954 29
300 0.1 9.494949494949495 0.0 9.738955823293173 1.2024048096192386 4.894342539355595 30
310 0.1 9.072375127421 0.0 9.738955823293173 1.2024048096192386 5.042749215342495 31
