0 0.1 3519.4765625 0 3519.4765625 3519.4765625 0 0
10 0.1 3519.03125 0.0 3519.4765625 3519.03125 3519.4765625 1
20 0.1 3515.6953125 0.0 3519.4765625 3515.6953125 3519.25390625 2
30 0.1 3512.296875 0.0 3519.4765625 3512.296875 3518.0677083333335 3
40 0.1 3503.15625 0.0 3519.4765625 3503.15625 3516.625 4
50 0.1 3495.9453125 0.0 3519.4765625 3495.9453125 3513.93125 5
60 0.1 3491.28125 0.0 3519.4765625 3491.28125 3510.93359375 6
70 0.1 3482.4609375 0.0 3519.4765625 3482.4609375 3508.1261160714284 7
80 0.1 3479.890625 0.0 3519.4765625 3479.890625 3504.91796875 8
90 0.1 3478.66015625 0.0 3519.4765625 3478.66015625 3502.137152777778 9
100 0.1 3469.3359375 0.0 3519.4765625 3469.3359375 3499.789453125 10
110 0.1 3467.4453125 0.0 3519.4765625 3467.4453125 3497.0209517045455 11
120 0.1 3466.1875 0.0 3519.4765625 3466.1875 3494.5563151041665 12
130 0.1 3451.67578125 0.0 3519.4765625 3451.67578125 3492.3740985576924 13
140 0.1 3446.68359375 0.0 3519.4765625 3446.68359375 3489.4670758928573 14
150 0.1 3445.203125 0.0 3519.4765625 3445.203125 3486.61484375 15
160 0.1 3443.48046875 0.0 3519.4765625 3443.48046875 3484.026611328125 16
170 0.1 3442.03125 0.0 3519.4765625 3442.03125 3481.641544117647 17
180 0.1 3441.11328125 0.0 3519.4765625 3441.11328125 3479.440972222222 18
190 0.1 3429.8046875 0.0 3519.4765625 3429.8046875 3477.4237253289475 19
200 0.1 3422.55859375 0.0 3519.4765625 3422.55859375 3475.0427734375 20
210 0.1 3421.859375 0.0 3519.4765625 3421.859375 3472.543526785714 21
220 0.1 3419.84765625 0.0 3519.4765625 3419.84765625 3470.2397017045455 22
230 0.1 3402.98828125 0.0 3519.4765625 3402.98828125 3468.0487432065215 23
240 0.1 3401.33984375 0.0 3519.4765625 3401.33984375 3465.337890625 24
250 0.1 3399.3125 0.0 3519.4765625 3399.3125 3462.77796875 25
260 0.1 3397.80859375 0.0 3519.4765625 3397.80859375 3460.3369891826924 26
270 0.1 3396.62109375 0.0 3519.4765625 3396.62109375 3458.021122685185 27
280 0.1 3395.3984375 0.0 3519.4765625 3395.3984375 3455.8282645089284 28
290 0.1 3394.3046875 0.0 3519.4765625 3394.3046875 3453.7444773706898 29
300 0.1 3393.30078125 0.0 3519.4765625 3393.30078125 3451.763151041667 30
310 0.1 3365.99609375 0.0 3519.4765625 3365.99609375 3449.8772681451615 31
