10 0.1 760 0 760 760 0 0
20 0.1 680.0 0.0 760 680 760.0 1
30 0.1 824.0 0.0 824 680 720.0 2
40 0.1 1341.0 0.0 1341 680 754.6666666666666 3
50 0.1 1468.0 0.0 1468 680 901.25 4
60 0.1 1464.0 0.0 1468 680 1014.6 5
70 0.1 1858.0 0.0 1858 680 1089.5 6
80 0.1 2333.0 0.0 2333 680 1199.2857142857142 7
90 0.1 2657.0 0.0 2657 680 1341.0 8
100 0.1 3108.0 0.0 3108 680 1487.2222222222222 9
110 0.1 3433.0 0.0 3433 680 1649.3 10
120 0.1 3446.0 0.0 3446 680 1811.4545454545455 11
130 0.1 4072.0 0.0 4072 680 1947.6666666666667 12
140 0.1 4212.0 0.0 4212 680 2111.076923076923 13
150 0.1 4372.0 0.0 4372 680 2261.142857142857 14
160 0.1 5017.0 0.0 5017 680 2401.866666666667 15
170 0.1 5303.0 0.0 5303 680 2565.3125 16
180 0.1 4963.0 0.0 5303 680 2726.3529411764707 17
190 0.1 5864.0 0.0 5864 680 2850.6111111111113 18
200 0.1 6336.0 0.0 6336 680 3009.2105263157896 19
210 0.1 6215.0 0.0 6336 680 3175.55 20
220 0.1 6568.0 0.0 6568 680 3320.285714285714 21
230 0.1 7452.0 0.0 7452 680 3467.909090909091 22
240 0.1 7403.0 0.0 7452 680 3641.1304347826085 23
250 0.1 7268.0 0.0 7452 680 3797.875 24
260 0.1 8393.0 0.0 8393 680 3936.68 25
270 0.1 8785.0 0.0 8785 680 4108.076923076923 26
280 0.1 9312.0 0.0 9312 680 4281.2962962962965 27
290 0.1 9238.0 0.0 9312 680 4460.964285714285 28
300 0.1 9380.0 0.0 9380 680 4625.689655172414 29
310 0.1 9622.0 0.0 9622 680 4784.166666666667 30
