0 76.24296875 76.24296875
10 78.2625 154.50546875
20 99.76640625 254.271875
30 199.8265625 454.0984375
40 227.6734375 681.771875
50 208.690625 890.4625
60 255.9765625 1146.4390625
70 367.825 1514.2640625
80 387.0421875 1901.30625
90 469.75703125 2371.06328125
100 516.75390625 2887.8171875
110 494.62109375 3382.43828125
120 592.3125 3974.75078125
130 572.23828125 4546.9890625
140 653.1890625 5200.178125
150 717.80703125 5917.98515625
160 755.31953125 6673.3046875
170 756.971875 7430.2765625
180 840.0984375 8270.375
190 900.63671875 9171.01171875
200 865.66640625 10036.678125
210 925.740625 10962.41875
220 1037.6359375 12000.0546875
230 1001.09609375 13001.15078125
240 935.41875 13936.56953125
250 1159.87578125 15096.4453125
260 1143.31328125 16239.75859375
270 1166.9078125 17406.66640625
280 1225.0359375 18631.70234375
290 1176.34375 19808.04609375
300 1200.98828125 21009.034375
310 1195.7578125 22204.7921875
