0 76.5734375 76.5734375
10 78.4734375 155.046875
20 99.6828125 254.7296875
30 190.8 445.5296875
40 224.82265625 670.35234375
50 206.50703125 876.859375
60 251.29375 1128.153125
70 333.95703125 1462.11015625
80 379.91640625 1842.0265625
90 456.1671875 2298.19375
100 494.65546875 2792.84921875
110 491.9375 3284.78671875
120 588.25703125 3873.04375
130 560.33828125 4433.38203125
140 633.43359375 5066.815625
150 709.88671875 5776.70234375
160 740.1203125 6516.82265625
170 751.87109375 7268.69375
180 827.32578125 8096.01953125
190 870.2375 8966.25703125
200 872.57890625 9838.8359375
210 907.55390625 10746.38984375
220 1008.29296875 11754.6828125
230 1012.378125 12767.0609375
240 928.9671875 13696.028125
250 1122.240625 14818.26875
260 1127.15234375 15945.42109375
270 1178.8375 17124.25859375
280 1178.2171875 18302.47578125
290 1183.53359375 19486.009375
300 1244.39453125 20730.40390625
310 1232.6609375 21963.06484375
