0 8.2 82
10 10 182
20 10.2 284
30 19.3 477
40 22.7 704
50 24.4 948
60 30.7 1255
70 35.8 1613
80 37.7 1990
90 46.5 2455
100 50.4 2959
110 50.2 3461
120 60.9 4070
130 59.2 4662
140 63.7 5299
150 69.1 5990
160 72.5 6715
170 78.7 7502
180 84.4 8346
190 93.3 9279
200 92.4 10203
210 90.1 11104
220 96.3 12067
230 96.3 13030
240 98.6 14016
250 101.5 15031
260 99 16021
270 98.3 17004
280 92.1 17925
290 96.8 18893
300 96.5 19858
310 94.3 20801
320 91.1 21712
330 94.8 22660
340 78.7 23447
350 77.3 24220
360 54.9 24769
370 22.7 24996
380 23.2 25228
390 23.1 25459
400 10.9 25568
407 0 25568
