0 9.3 93
10 10.4 197
20 10.5 302
30 12.7 429
40 12.3 552
50 15.1 703
60 18.6 889
70 18.5 1074
80 22.7 1301
90 29.3 1594
100 29.3 1887
110 32 2207
120 35.8 2565
130 34.7 2912
140 39.1 3303
150 40.8 3711
160 43.7 4148
170 48.3 4631
180 51.7 5148
190 49.8 5646
200 56.5 6211
210 54.7 6758
220 59 7348
230 59.5 7943
240 57.4 8517
250 59.8 9115
260 61.8 9733
270 67 10403
280 63.1 11034
290 63.9 11673
300 64.9 12322
310 64.7 12969
320 67.1 13640
330 35.3 13993
340 26.1 14254
350 26.9 14523
360 28.7 14810
370 28.8 15098
380 28.4 15382
390 28.3 15665
400 29.1 15956
407 11.5 16071
