0 0.1 0.03125 0 0.03125 0.03125 0 0
10 0.1 0.01953125 0.0 0.03125 0.01953125 0.03125 1
20 0.1 0.01953125 0.0 0.03125 0.01953125 0.025390625 2
30 0.1 0.01953125 0.0 0.03125 0.01953125 0.0234375 3
40 0.1 0.01171875 0.0 0.03125 0.01171875 0.0224609375 4
50 0.1 0.23046875 0.0 0.23046875 0.01171875 0.0203125 5
60 0.1 0.19921875 0.0 0.23046875 0.01171875 0.055338541666666664 6
70 0.1 0.16015625 0.0 0.23046875 0.01171875 0.07589285714285714 7
80 0.1 0.140625 0.0 0.23046875 0.01171875 0.08642578125 8
90 0.1 0.12109375 0.0 0.23046875 0.01171875 0.09244791666666667 9
100 0.1 0.1015625 0.0 0.23046875 0.01171875 0.0953125 10
110 0.1 0.078125 0.0 0.23046875 0.01171875 0.09588068181818182 11
120 0.1 0.0703125 0.0 0.23046875 0.01171875 0.09440104166666667 12
130 0.1 0.12890625 0.0 0.23046875 0.01171875 0.09254807692307693 13
140 0.1 0.109375 0.0 0.23046875 0.01171875 0.09514508928571429 14
150 0.1 0.08984375 0.0 0.23046875 0.01171875 0.09609375 15
160 0.1 0.078125 0.0 0.23046875 0.01171875 0.095703125 16
170 0.1 0.0703125 0.0 0.23046875 0.01171875 0.09466911764705882 17
180 0.1 0.05859375 0.0 0.23046875 0.01171875 0.09331597222222222 18
190 0.1 0.05078125 0.0 0.23046875 0.01171875 0.09148848684210527 19
200 0.1 0.0390625 0.0 0.23046875 0.01171875 0.089453125 20
210 0.1 0.03125 0.0 0.23046875 0.01171875 0.08705357142857142 21
220 0.1 0.03125 0.0 0.23046875 0.01171875 0.08451704545454546 22
230 0.1 0.01953125 0.0 0.23046875 0.01171875 0.08220108695652174 23
240 0.1 0.01953125 0.0 0.23046875 0.01171875 0.07958984375 24
250 0.1 0.01953125 0.0 0.23046875 0.01171875 0.0771875 25
260 0.1 0.08984375 0.0 0.23046875 0.01171875 0.07496995192307693 26
270 0.1 0.0703125 0.0 0.23046875 0.01171875 0.07552083333333333 27
280 0.1 0.140625 0.0 0.23046875 0.01171875 0.07533482142857142 28
290 0.1 0.109375 0.0 0.23046875 0.01171875 0.07758620689655173 29
300 0.1 0.171875 0.0 0.23046875 0.01171875 0.07864583333333333 30
310 0.1 0.140625 0.0 0.23046875 0.01171875 0.08165322580645161 31
320 0.1 0.12109375 0.0 0.23046875 0.01171875 0.08349609375 32
330 0.1 0.26171875 0.0 0.26171875 0.01171875 0.08463541666666667 33
340 0.1 0.21875 0.0 0.26171875 0.01171875 0.08984375 34
350 0.1 0.26171875 0.0 0.26171875 0.01171875 0.09352678571428572 35
360 0.1 0.21875 0.0 0.26171875 0.01171875 0.09819878472222222 36
370 0.1 0.19140625 0.0 0.26171875 0.01171875 0.10145692567567567 37
380 0.1 0.16015625 0.0 0.26171875 0.01171875 0.10382401315789473 38
390 0.1 0.12890625 0.0 0.26171875 0.01171875 0.10526842948717949 39
400 0.1 0.19140625 0.0 0.26171875 0.01171875 0.105859375 40
407 0.1 0.16015625 0.0 0.26171875 0.01171875 0.10794588414634146 41
