0 9.2 92
10 10.4 196
20 9.6 292
30 17.9 471
40 24.7 718
50 26.9 987
60 28.5 1272
70 41.7 1689
80 38.1 2070
90 46.7 2537
100 50.5 3042
110 48.8 3530
120 61.3 4143
130 61.1 4754
140 61.1 5365
150 67.9 6044
160 74 6784
170 76.1 7545
180 80.4 8349
190 84.5 9194
200 90.2 10096
210 90.1 10997
220 102 12017
230 98.5 13002
240 114.7 14149
250 118.4 15333
260 109.8 16431
270 119.3 17624
280 125.2 18876
290 121.7 20093
300 117.3 21266
310 125.2 22518
320 118.8 23706
330 107.2 24778
340 89.6 25674
350 82 26494
360 47.7 26971
370 22.8 27199
380 23.8 27437
390 25.9 27696
400 9.8 27794
405 0 27794
