0 9 1.4390999999999998 2.5776106293749383 25.319 0.792 0 0
10 11.2 1.2135624999999988 0.8384171607138445 25.319 0.744 1.4390999999999998 90
20 10 1.0458400000000003 0.23910737002443064 25.319 0.741 1.3140495049504943 202
30 11.7 1.2320170940170945 1.302113974706745 25.319 0.702 1.2252384105960263 302
40 15.8 1.0480126582278477 0.5279924599977284 25.319 0.702 1.2271312649164678 419
50 14.4 1.1063333333333345 1.1587557682944045 25.319 0.702 1.1780831889081453 577
60 18.2 1.4282087912087906 1.9075861797909188 25.319 0.702 1.163753120665742 721
70 24.3 3.973004115226333 22.115346049214917 227.354 0.702 1.2170542635658914 903
80 24.6 0.9850325203252032 0.33678115098365524 227.354 0.702 1.8014310645724247 1146
90 31.3 0.9382939297124594 0.653800139852004 227.354 0.588 1.657153735632183 1392
100 30.6 0.8611732026143791 0.1635320102208354 227.354 0.588 1.5251870967741927 1705
110 29.5 0.9168847457627123 0.32295891579693536 227.354 0.588 1.4241486822476375 2011
120 35.1 0.9545897435897432 0.6581130388167509 227.354 0.588 1.3592558542931479 2306
130 37.9 0.8572295514511868 0.14282469861926092 227.354 0.576 1.305797892359804 2657
140 37.9 6.921255936675462 28.5475376680391 240.585 0.576 1.2498007246376808 3036
150 41.8 1.044129186602871 0.693003422846072 240.585 0.576 1.879224304538799 3415
160 45.8 1.0059497816593888 0.6258367252314486 240.585 0.576 1.788154709105139 3833
170 47.3 1.0925539112050726 1.4180872616894515 240.585 0.576 1.7046660452109064 4291
180 49.2 1.1466158536585376 1.0857902749291757 240.585 0.576 1.6438916876574303 4764
190 52.8 1.0802727272727268 0.5791416335236497 240.585 0.576 1.5973430365296801 5256
200 54.4 1.033045955882355 0.9194234804979687 240.585 0.576 1.5501415975103732 5784
210 53.6 4.088216417910445 19.72440982067799 240.585 0.576 1.5056883691529708 6328
220 59.9 3.003672787979961 19.41626214025095 260.005 0.576 1.7073543123543122 6864
230 59.2 0.9021587837837838 0.34048589851124145 260.005 0.576 1.8114002411898695 7463
240 69.7 1.0392137733142033 1.0447867487117903 260.005 0.576 1.7445757914338915 8055
250 70.2 0.8871866096866096 0.7305175355425967 260.005 0.576 1.6884015082266906 8752
260 66.1 0.8605945537065045 0.2797339273425645 260.005 0.576 1.6289078696847892 9454
270 75.9 1.1374598155467717 1.317798556784761 260.005 0.576 1.578699752842313 10115
280 80.5 1.031387577639751 0.4570917260866412 260.005 0.576 1.5479014162221807 10874
290 76.7 0.9763376792698822 0.8057660761130938 260.005 0.576 1.5122995975682845 11679
300 83 0.9530253012048201 1.2177416399916243 260.005 0.56 1.4792702876426156 12446
310 89.5 0.8539441340782109 0.23616614075902165 260.005 0.56 1.4463700662850252 13276
320 91.8 0.9571230936819167 0.5291304177697269 260.005 0.56 1.4089541316773688 14171
330 30.9 1.1125307443365693 1.294817925196733 260.005 0.56 1.3814651733050562 15089
340 25.9 0.921243243243243 0.3068877379268639 260.005 0.56 1.3760683205611115 15398
350 27.8 1.2243525179856116 1.4097609081603562 260.005 0.548 1.3685445487641306 15657
360 26.7 1.1488501872659178 1.6845841527861753 260.005 0.548 1.3660289927831812 15935
370 22.4 1.0652812500000006 0.6087990346973603 260.005 0.548 1.362450006172077 16202
380 26 1.0888499999999999 1.1193033155116552 260.005 0.548 1.358397540484597 16426
390 29.4 0.9694319727891162 0.2549790983794433 260.005 0.548 1.3541974709337161 16686
400 9.8 1.018765306122449 0.3643683884063 260.005 0.548 1.3475354534746753 16980
405 0 0 0 260.005 0.548 1.3456488464691407 17078
