0 90 90
10 202 112
20 302 100
30 400 98
40 500 100
50 582 82
60 704 122
70 807 103
80 879 72
90 1014 135
100 1113 99
110 1166 53
120 1257 91
130 1336 79
140 1411 75
150 1500 89
160 1576 76
170 1664 88
180 1768 104
190 1873 105
200 1963 90
210 2051 88
220 2152 101
230 2234 82
240 2390 156
250 2449 59
260 2507 58
270 2563 56
280 2630 67
290 2736 106
300 2667 -69
310 2771 104
320 2807 36
330 2387 -420
340 1851 -536
350 1386 -465
360 1037 -349
370 753 -284
380 504 -249
390 294 -210
400 98 -196
405 0 -98
