10 0.1 777 0 777 777 0 0
20 0.1 750.0 0.0 777 750 777.0 1
30 0.1 719.0 0.0 777 719 763.5 2
40 0.1 1217.0 0.0 1217 719 748.6666666666666 3
50 0.1 1457.0 0.0 1457 719 865.75 4
60 0.1 1526.0 0.0 1526 719 984.0 5
70 0.1 1.8e3 0.0 1800 719 1074.3333333333333 6
80 0.1 2502.0 0.0 2502 719 1178.0 7
90 0.1 2542.0 0.0 2542 719 1343.5 8
100 0.1 3202.0 0.0 3202 719 1476.6666666666667 9
110 0.1 3252.0 0.0 3252 719 1649.2 10
120 0.1 3051.0 0.0 3252 719 1794.909090909091 11
130 0.1 4065.0 0.0 4065 719 1899.5833333333333 12
140 0.1 4052.0 0.0 4065 719 2066.153846153846 13
150 0.1 4182.0 0.0 4182 719 2208.0 14
160 0.1 4586.0 0.0 4586 719 2339.6 15
170 0.1 5020.0 0.0 5020 719 2480.0 16
180 0.1 5229.0 0.0 5229 719 2629.4117647058824 17
190 0.1 5529.0 0.0 5529 719 2773.8333333333335 18
200 0.1 5676.0 0.0 5676 719 2918.842105263158 19
210 0.1 6281.0 0.0 6281 719 3056.7 20
220 0.1 6935.0 0.0 6935 719 3210.2380952380954 21
230 0.1 6.8e3 0.0 6935 719 3379.5454545454545 22
240 0.1 7209.0 0.0 7209 719 3528.2608695652175 23
250 0.1 8095.0 0.0 8095 719 3681.625 24
260 0.1 8706.0 0.0 8706 719 3858.16 25
270 0.1 8269.0 0.0 8706 719 4044.6153846153848 26
280 0.1 9471.0 0.0 9471 719 4201.074074074074 27
290 0.1 9733.0 0.0 9733 719 4389.285714285715 28
300 0.1 9205.0 0.0 9733 719 4573.551724137931 29
310 0.1 10618.0 0.0 10618 719 4727.933333333333 30
320 0.1 10265.0 0.0 10618 719 4917.935483870968 31
330 0.1 10488.0 0.0 10618 719 5085.03125 32
340 0.1 6962.0 0.0 10618 719 5248.757575757576 33
350 0.1 6103.0 0.0 10618 719 5299.14705882353 34
360 0.1 5796.0 0.0 10618 719 5322.114285714286 35
370 0.1 3707.0 0.0 10618 719 5335.277777777777 36
380 0.1 2984.0 0.0 10618 719 5291.27027027027 37
390 0.1 3081.0 0.0 10618 719 5230.5526315789475 38
400 0.1 3101.0 0.0 10618 719 5175.4358974358975 39
405 0.1 1506.0 0.0 10618 719 5123.575 40
