30 2.1 35072.99142857142 39.43858936501372 35231.901 35049.845 0 0
40 5.8 35071.89749999999 50.38882681988414 35356.164 35046.545 35072.99142857142 21
50 6.3 35057.404761904756 8.704074699350425 35356.164 35046.545 35072.18829113923 79
60 4.4 35055.57665909091 4.657031072100899 35356.164 35046.545 35065.629401408434 142
70 8 35075.75732500003 71.21115927064626 35468.322 35046.545 35063.25133333332 186
80 12.8 52296.72853906248 21887.448219703652 80332.079 35046.545 35067.01253383458 266
90 12.4 53576.986604838705 22152.825029738466 80332.079 35046.545 40664.48372335025 394
100 14.7 49155.831625850326 20870.73120266436 80332.079 35046.545 43755.50757915058 518
110 17 50954.40479411761 21514.758910345332 80332.079 35046.545 44949.26342105263 665
120 18.1 51234.05227071826 21595.489986771412 80332.079 35046.545 46171.86705389221 835
130 20.2 52452.246163366304 21918.26222085927 80332.079 35045.937 47073.69335728346 1016
140 21.5 54339.775 22272.204428159795 80338.625 35045.937 47965.70293596059 1218
150 22.4 54975.16153571428 22358.84931549662 80339.271 35045.937 48922.03614863922 1433
160 23.7 51789.487320675136 21749.620928559543 80339.271 35045.937 49740.32226010863 1657
170 27.7 56203.228097472915 22466.22695196232 80339.271 35045.937 49996.73837381204 1894
180 26.9 55840.94457992562 22432.590614942706 80339.271 35045.937 50788.630429755875 2171
190 27.6 52211.412076086934 21852.032042929197 80339.271 35045.937 51345.62735860656 2440
200 32.2 54385.48018322988 22274.539130021167 80339.271 35045.937 51433.60842709867 2716
210 31.9 54578.44860501568 22291.55469750033 80339.271 35045.937 51746.47962705727 3038
220 33.6 52818.41964880949 21983.233436595692 80438.246 35045.937 52015.588386058975 3357
230 35.2 56212.83249431822 22454.705476836447 80444.517 35045.937 52088.63233522881 3693
240 36.4 54168.46502197809 22225.97774118788 80444.517 35045.937 52447.52441334981 4045
250 40.3 54242.85506203479 22225.39217961382 80444.517 35045.937 52589.60252211387 4409
260 39.2 57410.82961989796 22495.1708017747 80444.517 35045.937 52728.060704488795 4812
270 41.3 54678.79666101693 22273.510991974726 80444.517 35045.937 53080.798101652596 5204
280 44.6 55558.28210762331 22341.887791161113 80611.912 35045.937 53198.2938119993 5617
290 45.2 57553.22496238938 22467.945097418986 81352.919 35045.937 53371.896777502894 6063
300 43.2 56517.29081712962 22344.139734022618 81352.919 35045.937 53661.99045970837 6515
310 45 56404.197691111134 22005.47832945327 82210.552 35045.937 53839.54764329927 6947
320 56.8 58067.06506161969 22302.751501239763 82878.521 35045.937 53995.5693441936 7397
330 60.1 58685.7951813644 22453.035476095098 82878.521 35045.937 54285.915805900826 7965
340 62.3 56484.27582182991 22277.529830303676 82878.521 35045.937 54594.616191688074 8566
350 57 56653.23877368413 22002.795030005862 82878.521 35032.312 54722.73219447165 9189
360 45.1 63450.666432372454 21522.952685567958 82878.521 35032.312 54835.48849636233 9759
370 26.5 80357.59908679248 110.82325149980852 82878.521 35032.312 55216.04141008814 10210
380 22.8 81289.23060964922 602.0837785136138 82878.521 35032.312 55852.08081670644 10475
390 25.4 82985.33879921252 1036.6849738317114 84144.323 35032.312 56393.95413753153 10703
400 29.5 83323.13683728814 1278.3806093500928 84272.551 35032.312 57010.383060052925 10957
405 9.6 83671.67670833335 282.5433576252175 84272.551 35032.312 57700.23929576963 11252
