0 82.95703125 82.95703125
10 94.709375 177.66640625
20 87.075 264.74140625
30 160.428125 425.16953125
40 217.13046875 642.3
50 231.8890625 874.1890625
60 251.453125 1125.6421875
70 391.94375 1517.5859375
80 367.4953125 1885.08125
90 444.6390625 2329.7203125
100 478.7703125 2808.490625
110 469.08359375 3277.57421875
120 587.12734375 3864.7015625
130 595.3140625 4460.015625
140 601.57109375 5061.58671875
150 654.82421875 5716.4109375
160 730.74296875 6447.15390625
170 751.59375 7198.74765625
180 777.89765625 7976.6453125
190 830.77734375 8807.42265625
200 878.590625 9686.01328125
210 873.7828125 10559.79609375
220 998.53046875 11558.3265625
230 969.171875 12527.4984375
240 1116.8296875 13644.328125
250 1160.01328125 14804.34140625
260 1084.9875 15889.32890625
270 1182.21328125 17071.5421875
280 1246.3140625 18317.85625
290 1223.3984375 19541.2546875
300 1178.209375 20719.4640625
310 1319.81640625 22039.28046875
320 1282.43046875 23321.7109375
330 1113.65234375 24435.36328125
340 970.71796875 25406.08125
350 843.25234375 26249.33359375
360 447.1140625 26696.44765625
370 178.45546875 26874.903125
380 200.67265625 27075.57578125
390 233.3125 27308.88828125
400 88.8890625 27397.77734375
405 10.10625 27407.88359375
