0 1 2.3998999999999997 3.8441984196968817 13.932 1.039 0 0
10 0.9 1.1547777777777777 0.08729105564181093 13.932 0.962 2.3998999999999997 10
20 0.7 1.2321428571428572 0.19074397842690197 13.932 0.869 1.8101052631578944 19
30 2.7 1.476925925925926 0.8814463251626051 13.932 0.806 1.6544999999999999 26
40 2.8 4.143 2.7490983327005862 13.932 0.806 1.5640377358490567 53
50 3.4 4.037176470588236 3.0318076967437433 13.932 0.738 2.455530864197531 81
60 3.3 4.21960606060606 4.222192450284094 17.212 0.738 2.923147826086957 115
70 4 3.42575 3.155673396836244 17.212 0.738 3.212222972972973 148
80 4.3 3.8318139534883726 3.899397957442017 17.212 0.738 3.2576542553191485 188
90 4.9 4.483244897959185 3.9108673109296945 17.212 0.721 3.3645324675324675 231
100 6.1 3.683622950819673 3.2620299179656174 17.212 0.721 3.5603071428571433 280
110 6.5 2.7452307692307683 2.6547641863651656 17.212 0.721 3.582366568914957 341
120 6.2 4.008903225806452 4.615868892830043 27.351 0.721 3.44834236453202 406
130 6.6 3.919712121212123 3.13789873605441 27.351 0.721 3.5226047008547012 468
140 7.6 3.3732499999999996 3.1770863146376582 27.351 0.721 3.571685393258427 534
150 8.8 3.521556818181818 3.4257070333859376 27.351 0.716 3.546962295081967 610
160 3.7 3.6649999999999996 2.8917618495641357 27.351 0.716 3.543759312320917 698
170 0 0 0 27.351 0.716 3.5498625850340133 735
180 0 0 0 27.351 0.716 3.5498625850340133 735
190 0 0 0 27.351 0.716 3.5498625850340133 735
200 0 0 0 27.351 0.716 3.5498625850340133 735
210 0 0 0 27.351 0.716 3.5498625850340133 735
220 0 0 0 27.351 0.716 3.5498625850340133 735
230 0 0 0 27.351 0.716 3.5498625850340133 735
240 0 0 0 27.351 0.716 3.5498625850340133 735
250 0 0 0 27.351 0.716 3.5498625850340133 735
260 0 0 0 27.351 0.716 3.5498625850340133 735
270 0 0 0 27.351 0.716 3.5498625850340133 735
280 0 0 0 27.351 0.716 3.5498625850340133 735
290 0 0 0 27.351 0.716 3.5498625850340133 735
300 0 0 0 27.351 0.716 3.5498625850340133 735
310 0 0 0 27.351 0.716 3.5498625850340133 735
320 0 0 0 27.351 0.716 3.5498625850340133 735
324 0 0 0 27.351 0.716 3.5498625850340133 735
