10 0.1 55 0 55 55 0 0
20 0.1 80.0 0.0 80 55 55.0 1
30 0.1 100.0 0.0 100 55 67.5 2
40 0.1 267.0 0.0 267 55 78.33333333333333 3
50 0.1 334.0 0.0 334 55 125.5 4
60 0.1 427.0 0.0 427 55 167.2 5
70 0.1 514.0 0.0 514 55 210.5 6
80 0.1 445.0 0.0 514 55 253.85714285714286 7
90 0.1 467.0 0.0 514 55 277.75 8
100 0.1 618.0 0.0 618 55 298.77777777777777 9
110 0.1 732.0 0.0 732 55 330.7 10
120 0.1 738.0 0.0 738 55 367.1818181818182 11
130 0.1 788.0 0.0 788 55 398.0833333333333 12
140 0.1 1024.0 0.0 1024 55 428.0769230769231 13
150 0.1 880.0 0.0 1024 55 470.64285714285717 14
160 0.1 1107.0 0.0 1107 55 497.93333333333334 15
170 0.1 735.0 0.0 1107 55 536.0 16
180 0.1 878.0 0.0 1107 55 547.7058823529412 17
190 0.1 814.0 0.0 1107 55 566.0555555555555 18
200 0.1 897.0 0.0 1107 55 579.1052631578947 19
210 0.1 674.0 0.0 1107 55 594.9999999999999 20
220 0.1 803.0 0.0 1107 55 598.7619047619047 21
230 0.1 528.0 0.0 1107 55 608.0454545454545 22
240 0.1 561.0 0.0 1107 55 604.5652173913044 23
250 0.1 538.0 0.0 1107 55 602.75 24
260 0.1 463.0 0.0 1107 55 600.16 25
270 0.1 339.0 0.0 1107 55 594.8846153846154 26
280 0.1 560.0 0.0 1107 55 585.4074074074074 27
290 0.1 426.0 0.0 1107 55 584.5 28
300 0.1 435.0 0.0 1107 55 579.0344827586207 29
310 0.1 453.0 0.0 1107 55 574.2333333333333 30
320 0.1 124.0 0.0 1107 55 570.3225806451613 31
324 0.1 156.0 0.0 1107 55 556.375 32
