0 1.4 32.57485714285715 39.47760391820214 169.495 15.852 0 0
10 2.3 20.418130434782608 4.000606402994729 169.495 15.766 32.57485714285715 14
20 1.3 32.302538461538454 26.11135227507637 169.495 15.766 25.017972972972974 37
30 6.8 69.73422058823529 76.060599622129 361.858 15.668 26.91196 50
40 8 1032.62175 1395.7778749832523 7388.053 15.668 51.58919491525423 118
50 10.9 936.9644128440374 1713.9067305222613 9915.471 15.668 447.9659848484848 198
60 8.2 1589.2874756097558 2056.6350736488807 11206.535 15.668 621.5843192182413 307
70 10.2 3022.1801568627466 2473.3763645883873 11206.535 15.668 825.5731593830335 389
80 9.7 7059.966030927837 3889.1902748789075 20880.094 15.668 1281.8947759674138 491
90 13.1 6942.724847328245 2962.929809991078 20880.094 15.668 2235.080000000001 588
100 16.9 8743.808751479288 2884.8730046794694 20880.094 15.668 3092.801105702365 719
110 17 9459.167011764706 4013.914235185009 21032.457 0.527 4168.274407657658 888
120 22.6 10133.487694690262 4990.6633679040015 23961.202 0.405 5018.4178317580345 1058
130 34.8 6894.581195402292 7278.463217096949 25515.218 0.397 5918.73386682243 1284
140 34.8 6881.3960459770105 7858.356090825306 29185.827 0.397 6126.818958946077 1632
150 42.6 5571.278896713622 7981.885506618977 29185.827 0.397 6259.4415984848465 1980
160 30.3 8080.051838283824 8781.59518163197 31311.046 0.397 6137.597329592684 2406
170 34 7271.974647058822 8808.533072179325 33943.388 0.397 6354.859683277962 2709
180 36.8 7414.502627717388 9077.217190408597 36393.849 0.393 6457.128980649392 3049
190 39.2 7696.861229591837 8318.685946501737 36424.123 0.393 6560.235068481124 3417
200 30.5 6548.464577049181 7731.074753791829 36424.123 0.391 6677.20998451037 3809
210 30 9106.646153333337 8797.583512069463 36424.123 0.384 6667.665174282936 4114
220 24.8 9406.254641129037 9309.908510943693 36424.123 0.384 6833.431892387856 4414
230 20.7 12390.495811594203 8752.603058369685 36424.123 0.384 6970.295908193908 4662
240 14.4 16389.30922222222 5340.637304654418 36424.123 0.384 7200.729545491887 4869
250 15.8 16073.5208164557 6022.288957389862 37150.953 0.384 7464.674383602633 5013
260 12.2 15393.302729508194 6663.221714676239 37150.953 0.384 7727.7178445174995 5171
270 12 18282.51069166666 7154.411933567796 38452.025 0.384 7904.404290005666 5293
280 17 15097.30445882352 8901.031112165772 41097.008 0.384 8134.475002771105 5413
290 14.2 11830.740077464785 9892.810889424612 41097.008 0.384 8346.490228909188 5583
300 9.3 10982.773903225809 9271.293140196045 47492.566 0.384 8432.911797205239 5725
310 4.8 9810.62266666666 7962.633491328424 47492.566 0.384 8473.67102303197 5818
320 4.5 8897.217666666666 10371.67607110872 47492.566 0.384 8484.610961472894 5866
324 0.6 4836.7581666666665 5393.526119364104 47492.566 0.384 8487.752105396718 5911
