40 0.2 42508.2135 430.8084999999992 42939.022 42077.405 0 0
50 0.5 48353.2388 634.9641165150649 48903.272 42077.405 42508.2135 2
60 0.2 52789.2245 1405.6034999999993 54194.828 42077.405 46683.23157142857 7
70 0.4 62016.497 4530.593171416741 65936.657 42077.405 48040.11888888889 9
80 0 0 0 65936.657 42077.405 52340.54292307692 13
90 0.5 67756.93399999998 3448.392487908763 73802.667 42077.405 52340.54292307692 13
100 0.9 80530.47777777778 8969.954258142789 91330.72 42077.405 56622.87377777777 18
110 0.9 76496.69155555555 13133.690372501773 91330.72 42077.405 64592.07511111111 27
120 1.4 81605.27314285714 16134.800607982428 106514.202 42077.405 67568.22922222222 36
130 2.2 72494.66122727275 17426.197622790896 106514.202 40654.746 71498.60152 50
140 3.4 79100.2671764706 22179.77898823702 116209.63 40310.11 71802.95309722223 72
150 3.8 84562.78673684213 22969.208562842865 124580.623 40310.11 74143.60100943397 106
160 3.2 90279.42493750002 26613.71747515407 128900.75 35024.734 76893.10835416667 144
170 3.8 80162.81273684211 22499.086884529584 130100.57 35023.093 79326.98409659091 176
180 5 89261.5259 29643.191065139687 141288.739 35013.343 79475.40226635514 214
190 5.1 84351.25268627451 28302.023951714003 154872.187 35013.343 81328.83477272728 264
200 4.4 88196.16543181815 29993.75748314716 154872.187 35013.343 81818.17862539685 315
210 4 95038.93327499997 30135.89432954808 154872.187 35013.343 82599.8817437326 359
220 4 102688.28122499998 29408.17216395155 158075.811 35013.343 83846.90445363411 399
230 2.5 111502.38795999998 28286.415792847638 158075.811 35013.343 85563.65860136677 439
240 1.3 140650.65538461538 20074.883667108064 175494.882 35013.343 86961.21945043106 464
250 1.6 131862.419625 18281.923260621574 175494.882 35013.343 88424.45355345914 477
260 2.3 131952.3842173913 18047.410803604947 175494.882 35013.343 89834.20498782964 493
270 2.6 149369.1806923077 23680.889626310185 198676.349 35013.343 91711.5656899225 516
280 5.5 145145.12507272727 19034.445242766375 198676.349 35013.343 94477.42914022143 542
290 5.4 154757.5353888889 16916.74998000511 198676.349 35013.343 99145.30732495815 597
300 4 165124.095 17945.916794271074 201205.225 35013.343 103758.3032012289 651
310 2 168367.21485000002 16612.34841267646 204796.252 35013.343 107310.59216208397 691
320 2.4 174953.02770833333 9409.512436054574 204796.252 35013.343 109028.07803234883 711
324 0 0 0 204796.252 35013.343 111180.72945034018 735
