0 4.50625 4.50625
10 11.97109375 16.47734375
20 5.55234375 22.0296875
30 38.1140625 60.14375
40 50.459375 110.603125
50 59.08203125 169.68515625
60 67.38828125 237.0734375
70 69.128125 306.2015625
80 87.2953125 393.496875
90 99.146875 492.64375
100 107.234375 599.878125
110 111.0046875 710.8828125
120 102.48515625 813.36796875
130 160.13828125 973.50625
140 136.76953125 1110.27578125
150 132.9375 1243.21328125
160 116.728125 1359.94140625
170 122.27421875 1482.215625
180 126.71484375 1608.93046875
190 127.73359375 1736.6640625
200 102.5875 1839.2515625
210 98.70546875 1937.95703125
220 70.1984375 2008.15546875
230 65.24453125 2073.4
240 46.30078125 2119.70078125
250 43.61796875 2163.31875
260 38.13125 2201.45
270 34.20625 2235.65625
280 42.14375 2277.8
290 33.99765625 2311.79765625
300 23.34765625 2335.1453125
310 14.52890625 2349.67421875
320 14.42265625 2364.096875
324 2.38828125 2366.48515625
