0 4.221875 4.221875
10 12.115625 16.3375
20 5.5140625 21.8515625
30 37.1671875 59.01875
40 45.79453125 104.81328125
50 66.4546875 171.26796875
60 44.4328125 215.70078125
70 70.39921875 286.1
80 91.740625 377.840625
90 137.40078125 515.24140625
100 194.29765625 709.5390625
110 173.9484375 883.4875
120 213.46328125 1096.95078125
130 244.41796875 1341.36875
140 231.00078125 1572.36953125
150 248.35859375 1820.728125
160 196.6703125 2017.3984375
170 226.303125 2243.7015625
180 241.0515625 2484.753125
190 255.6140625 2740.3671875
200 212.42734375 2952.79453125
210 215.275 3168.06953125
220 181.1046875 3349.17421875
230 165.06328125 3514.2375
240 148.1703125 3662.4078125
250 142.58828125 3804.99609375
260 110.38671875 3915.3828125
270 110.02890625 4025.41171875
280 139.32265625 4164.734375
290 110.6484375 4275.3828125
300 80.16640625 4355.54921875
310 41.39609375 4396.9453125
320 28.3265625 4425.271875
324 5.0859375 4430.3578125
