0 7.2 72
10 12.2 194
20 9.6 290
30 18.3 473
40 25.3 726
50 23.4 960
60 31.6 1276
70 37.2 1648
80 41.8 2066
90 51.5 2581
100 48.8 3069
110 46.8 3537
120 56.7 4104
130 67.1 4775
140 69.2 5467
150 63.9 6106
160 73.2 6838
170 77.8 7616
180 82.1 8437
190 83.2 9269
200 88.2 10151
210 102.1 11172
220 100.6 12178
230 95.3 13131
240 109.4 14225
250 117.5 15400
260 111.5 16515
270 113.8 17653
280 127.2 18925
290 129.6 20221
300 124.1 21462
310 120.7 22669
320 120.8 23877
330 107.2 24949
340 76.7 25716
350 85.5 26571
360 63.2 27203
370 24.4 27447
380 25.9 27706
390 23.3 27939
400 12.5 28064
407 0 28064
