0 7.6 76
10 10.9 185
20 9 275
30 12.2 397
40 15.3 550
50 15.6 706
60 20 906
70 19.7 1103
80 22.3 1326
90 34.1 1667
100 32 1987
110 28.9 2276
120 30.9 2585
130 35.6 2941
140 40.9 3350
150 44.1 3791
160 40 4191
170 50.7 4698
180 51.4 5212
190 48 5692
200 50.7 6199
210 57.7 6776
220 62.5 7401
230 59.8 7999
240 64.3 8642
250 70.2 9344
260 69 10034
270 69.6 10730
280 75.5 11485
290 79.7 12282
300 74.8 13030
310 74.4 13774
320 72.4 14498
330 45.2 14950
340 26.2 15212
350 23.2 15444
360 27.3 15717
370 27.9 15996
380 24.4 16240
390 27.1 16511
400 26.7 16778
407 12.7 16905
