0 0.1 0.0 0 0.0 0.0 0 0
10 0.1 0.0 0.0 0.0 0.0 0.0 1
20 0.1 0.0 0.0 0.0 0.0 0.0 2
30 0.1 0.0 0.0 0.0 0.0 0.0 3
40 0.1 0.0 0.0 0.0 0.0 0.0 4
50 0.1 0.0 0.0 0.0 0.0 0.0 5
60 0.1 0.0 0.0 0.0 0.0 0.0 6
70 0.1 0.0 0.0 0.0 0.0 0.0 7
80 0.1 0.1484375 0.0 0.1484375 0.0 0.0 8
90 0.1 0.12109375 0.0 0.1484375 0.0 0.016493055555555556 9
100 0.1 0.1015625 0.0 0.1484375 0.0 0.026953125 10
110 0.1 0.08984375 0.0 0.1484375 0.0 0.033735795454545456 11
120 0.1 0.0703125 0.0 0.1484375 0.0 0.038411458333333336 12
130 0.1 0.05859375 0.0 0.1484375 0.0 0.040865384615384616 13
140 0.1 0.05078125 0.0 0.1484375 0.0 0.04213169642857143 14
150 0.1 0.0390625 0.0 0.1484375 0.0 0.042708333333333334 15
160 0.1 0.0390625 0.0 0.1484375 0.0 0.04248046875 16
170 0.1 0.03125 0.0 0.1484375 0.0 0.042279411764705885 17
180 0.1 0.01953125 0.0 0.1484375 0.0 0.041666666666666664 18
190 0.1 0.01953125 0.0 0.1484375 0.0 0.040501644736842105 19
200 0.1 0.01953125 0.0 0.1484375 0.0 0.039453125 20
210 0.1 0.01171875 0.0 0.1484375 0.0 0.03850446428571429 21
220 0.1 0.01171875 0.0 0.1484375 0.0 0.037286931818181816 22
230 0.1 0.01171875 0.0 0.1484375 0.0 0.03617527173913043 23
240 0.1 0.01171875 0.0 0.1484375 0.0 0.03515625 24
250 0.1 0.078125 0.0 0.1484375 0.0 0.03421875 25
260 0.1 0.0703125 0.0 0.1484375 0.0 0.03590745192307692 26
270 0.1 0.05859375 0.0 0.1484375 0.0 0.037181712962962965 27
280 0.1 0.05078125 0.0 0.1484375 0.0 0.03794642857142857 28
290 0.1 0.0390625 0.0 0.1484375 0.0 0.038389008620689655 29
300 0.1 0.1796875 0.0 0.1796875 0.0 0.038411458333333336 30
310 0.1 0.23046875 0.0 0.23046875 0.0 0.04296875 31
320 0.1 0.19921875 0.0 0.23046875 0.0 0.048828125 32
330 0.1 0.171875 0.0 0.23046875 0.0 0.053385416666666664 33
340 0.1 0.140625 0.0 0.23046875 0.0 0.056870404411764705 34
350 0.1 0.12109375 0.0 0.23046875 0.0 0.059263392857142855 35
360 0.1 0.1015625 0.0 0.23046875 0.0 0.060980902777777776 36
370 0.1 0.078125 0.0 0.23046875 0.0 0.0620777027027027 37
380 0.1 0.0703125 0.0 0.23046875 0.0 0.0625 38
390 0.1 0.05859375 0.0 0.23046875 0.0 0.06270032051282051 39
400 0.1 0.05078125 0.0 0.23046875 0.0 0.06259765625 40
407 0.1 0.0390625 0.0 0.23046875 0.0 0.062309451219512195 41
