0 7.6 37.69082894736841 36.23126108123386 226.411 10.273 0 0
10 10.9 34.08107339449543 20.61820993427159 226.411 9.851 37.69082894736841 76
20 9 33.13257777777779 19.474403589770958 226.411 9.851 35.564 185
30 17.9 28.571793296089375 17.494113452632753 226.411 8.581 34.76826181818182 275
40 25.2 26.746428571428556 16.21457303003953 226.411 6.999 32.32516079295154 454
50 23.8 32.159088235294114 33.997980461842296 275.856 6.862 30.33388526912181 706
60 31.2 28.790782051282065 16.8209420519958 275.856 6.862 30.79405296610169 944
70 37.3 34.625541554959774 48.9156431546137 435.038 6.862 30.296425159235667 1256
80 44.5 25.604800000000026 15.818881830197512 435.038 6.862 31.28768385512584 1629
90 58.4 25.77415924657534 17.331989048392945 435.038 6.739 30.068357280617168 2074
100 56 25.211282142857115 16.372541799426468 435.038 6.739 29.124861550037625 2658
110 56.5 23.679168141592903 15.380530225334775 435.038 6.739 28.443816034804225 3218
120 64.2 58.511403426791304 89.26889709456788 617.748 6.733 27.732204599524184 3783
130 74.5 27.388077852348985 17.521093453952204 617.748 6.733 32.1977968361582 4425
140 79.1 27.815212389380584 18.43093482761718 617.748 6.733 31.50471353965184 5170
150 75.4 28.077254641909814 19.181311665897148 617.748 6.733 31.015132024828056 5961
160 82.2 29.664903892944004 18.887166440795102 617.748 6.733 30.685249739389434 6715
170 92.1 30.948490770901252 22.85362420950812 617.748 6.733 30.573968820485607 7537
180 95 33.44545999999999 25.670808922894643 617.748 6.733 30.614750886734463 8458
190 91.4 32.03113785557992 21.14051786375479 617.748 6.733 30.900589923469393 9408
200 99.2 35.15503729838715 24.18111750994684 617.748 6.733 31.000698508041086 10322
210 114.1 39.98822173531987 28.520541102309696 617.748 6.733 31.364946703199585 11314
220 115.8 43.547398100172686 34.52402155799178 617.748 6.578 32.154923163388204 12455
230 109 37.70172568807335 27.278473823450586 617.748 6.578 33.12403254242269 13613
240 124.5 51.43566024096391 40.28388358364852 617.748 6.578 33.463397673944094 14703
250 132.8 73.69219804216874 77.24394675173792 746.266 6.091 34.866424191121155 15948
260 134.6 57.532581723625434 45.37303798183423 746.266 6.091 37.85094767307248 17276
270 136.4 60.79234750733136 47.445602637904784 746.266 6.091 39.273538126946626 18622
280 148.2 149.232104588394 120.40858622564046 827.576 6.091 40.74214895426799 19986
290 152 246.5352763157892 174.58345169270623 984.913 6.091 48.23153381777529 21468
300 147.1 376.54409517335176 277.4791179770361 1654.283 6.091 61.34366573864623 22988
310 150.5 1301.163959468435 845.5941350902851 3924.459 0.558 80.30028014227892 24459
320 167.3 1508.2843711894775 1024.9815281408605 4318.666 0.558 151.06749002464932 25964
330 136 995.5885345588248 995.5660185533403 4318.666 0.558 233.22632934110032 27637
340 104.7 34.97427507163319 22.984299553529173 4318.666 0.558 268.98218681242855 28997
350 112.9 31.085086802480106 17.733893901262448 4318.666 0.558 260.8272712355209 30044
360 90.6 26.909654525386287 19.73565887589914 4318.666 0.558 252.50664356975557 31173
370 52.3 15.814653919694077 27.896655967566637 4318.666 0.558 246.13515842139688 32079
380 51.5 13.444491262135926 5.628072109982811 4318.666 0.558 242.44036595914332 32602
390 53.8 12.871453531598503 5.45021929427132 4318.666 0.558 238.87926817042577 33117
400 39.4 11.253588832487312 5.327253123906325 4318.666 0.558 235.2663665428611 33655
407 12.7 8.801771653543307 2.562831189088234 4318.666 0.558 232.67418955035362 34049
