10 0.1 612 0 612 612 0 0
20 0.1 901.0 0.0 901 612 612.0 1
30 0.1 846.0 0.0 901 612 756.5 2
40 0.1 1189.0 0.0 1189 612 786.3333333333334 3
50 0.1 1457.0 0.0 1457 612 887.0 4
60 0.1 1403.0 0.0 1457 612 1001.0 5
70 0.1 1843.0 0.0 1843 612 1068.0 6
80 0.1 2336.0 0.0 2336 612 1178.7142857142858 7
90 0.1 2647.0 0.0 2647 612 1323.375 8
100 0.1 3519.0 0.0 3519 612 1470.4444444444443 9
110 0.1 3256.0 0.0 3519 612 1675.3 10
120 0.1 2981.0 0.0 3519 612 1819.0 11
130 0.1 4093.0 0.0 4093 612 1915.8333333333333 12
140 0.1 4179.0 0.0 4179 612 2083.3076923076924 13
150 0.1 4466.0 0.0 4466 612 2233.0 14
160 0.1 4622.0 0.0 4622 612 2381.866666666667 15
170 0.1 4874.0 0.0 4874 612 2521.875 16
180 0.1 5378.0 0.0 5378 612 2660.235294117647 17
190 0.1 5530.0 0.0 5530 612 2811.222222222222 18
200 0.1 5654.0 0.0 5654 612 2954.315789473684 19
210 0.1 5973.0 0.0 5973 612 3089.3 20
220 0.1 6869.0 0.0 6869 612 3226.6190476190477 21
230 0.1 7.1e3 0.0 7100 612 3392.181818181818 22
240 0.1 7030.0 0.0 7100 612 3553.391304347826 23
250 0.1 8056.0 0.0 8056 612 3698.25 24
260 0.1 8589.0 0.0 8589 612 3872.56 25
270 0.1 8413.0 0.0 8589 612 4053.9615384615386 26
280 0.1 8767.0 0.0 8767 612 4215.407407407408 27
290 0.1 9598.0 0.0 9598 612 4377.964285714286 28
300 0.1 10201.0 0.0 10201 612 4557.9655172413795 29
310 0.1 9816.0 0.0 10201 612 4746.066666666667 30
320 0.1 10263.0 0.0 10263 612 4909.612903225807 31
330 0.1 10302.0 0.0 10302 612 5076.90625 32
340 0.1 6660.0 0.0 10302 612 5235.242424242424 33
350 0.1 5360.0 0.0 10302 612 5277.14705882353 34
360 0.1 5734.0 0.0 10302 612 5279.5142857142855 35
370 0.1 4350.0 0.0 10302 612 5292.138888888889 36
380 0.1 3128.0 0.0 10302 612 5266.675675675676 37
390 0.1 3124.0 0.0 10302 612 5210.394736842105 38
400 0.1 3040.0 0.0 10302 612 5156.897435897436 39
407 0.1 1666.0 0.0 10302 612 5103.975 40
