30 1.9 35061.966789473685 17.53387802776551 35121.124 35050.556 0 0
40 5.1 35057.56990196078 11.146904345180097 35121.124 35049.059 35061.966789473685 19
50 3.9 35056.81602564101 5.148412189817701 35121.124 35049.029 35058.76334285714 70
60 5.4 35059.55340740742 11.202261632628346 35121.124 35049.029 35058.066596330274 109
70 6.4 35064.83492187499 46.795674450645485 35382.624 35049.029 35058.55915950921 163
80 11.9 49447.12281512605 20991.518976239462 80278.344 35049.029 35060.32853744493 227
90 15.5 52781.21107096776 21992.57979475798 80278.344 35049.029 40008.387841040465 346
100 13.1 50868.76998473282 21491.502716347775 80278.344 35049.029 43960.059698602796 501
110 17 52547.1220764706 21933.458207232983 80278.344 35048.589 45392.08667246836 632
120 19.3 53506.84877202076 22130.598434777825 80278.344 35048.589 46908.74006234414 802
130 21.5 50591.62838139536 21387.440426649922 80340.794 35048.589 48188.57421407036 995
140 25.3 52683.42983399209 21970.441942527097 80340.794 35048.589 48615.56317768597 1210
150 19.9 57241.527266331694 22511.35561245006 80478.97 35048.589 49319.02884005469 1463
160 24.5 53274.22570204079 22079.376944810858 80478.97 35048.589 50267.631238868846 1662
170 27.2 57914.79717279406 22505.99080087653 80478.97 35048.589 50653.90058521238 1907
180 28.4 54257.60378169013 22257.87136145836 80478.97 35048.589 51560.26307801744 2179
190 26.5 51386.62363018867 21635.024131276205 80478.97 35048.589 51871.28409297604 2463
200 27.3 54901.33308424912 22379.10093694582 80651.651 35048.589 51824.20380608504 2728
210 35.6 52919.5013567416 22011.943986652335 80651.651 35048.589 52104.12926191269 3001
220 33.3 55648.03302402397 22416.15145904135 80651.651 35048.589 52190.59708013107 3357
230 34.1 56613.626290322616 22487.02058732901 80651.651 35048.589 52502.609592140914 3690
240 36.9 54019.097460704565 22207.60368470221 80651.651 35048.589 52850.37855618953 4031
250 38.2 56577.93685863874 22470.684438520402 80651.651 35048.589 52948.391573409084 4400
260 42.2 55753.50157582942 22404.592099368376 80651.651 35048.589 53238.330155374315 4782
270 43.2 55662.432027777846 22404.35631263638 80651.651 35048.589 53442.28909838585 5204
280 45.5 54830.38641758241 22258.69079125536 80651.651 35048.589 53612.4632902768 5636
290 46 57048.686680434745 22394.401792232944 80699.131 35048.589 53703.44260778198 6091
300 48.4 57155.746061983395 22409.34362296572 81089.877 35048.589 53938.33991711189 6551
310 46.5 57724.370731182775 22235.87968898334 82094.765 35048.589 54159.69380113717 7035
320 51.3 57672.69855360625 22172.217889794265 82785.172 35048.589 54380.70377079999 7500
330 60.1 58886.49141597341 22395.947988348446 82800.661 35048.589 54591.460456632965 8013
340 53.1 57611.18321280601 22511.294897486787 82800.661 35048.589 54891.12537497097 8614
350 53 55693.825018867916 21854.703161743288 82800.661 35035.643 55049.06421716785 9145
360 53.5 58724.05074392527 22064.610445053822 82800.661 35034.934 55084.38444713178 9675
370 27.8 80557.54360791366 187.54146505161705 82800.661 35034.934 55275.10153516161 10210
380 24.4 80841.65318852455 403.0161325031982 82800.661 35034.934 55945.25017133868 10488
390 27.2 82821.77904044127 923.2054409325343 84018.885 35034.934 56511.288406168474 10732
400 26.6 83347.09217293232 1280.290731398386 84348.66 35034.934 57161.638592693576 11004
407 12.2 83644.43156557379 322.58805275812716 84348.66 35034.934 57779.68035421474 11270
