0 7.8 78
10 11.1 189
20 9.1 280
30 12.2 402
40 15.6 558
50 15.5 713
60 19.7 910
70 19.8 1108
80 18.7 1295
90 28.3 1578
100 26.6 1844
110 22.4 2068
120 23.7 2305
130 27.9 2584
140 30.8 2892
150 34.2 3234
160 30 3534
170 37.2 3906
180 39.4 4300
190 38.1 4681
200 38.5 5066
210 43.8 5504
220 47 5974
230 46.8 6442
240 49.6 6938
250 51.1 7449
260 49 7939
270 50.5 8444
280 55.7 9001
290 58.9 9590
300 53.6 10126
310 60.2 10728
320 58.8 11316
330 7.6 11392
340 0 11392
350 0 11392
360 0 11392
370 0 11392
380 0 11392
390 0 11392
400 0 11392
407 0 11392
