0 78 78
10 189 189
20 280 280
30 383 384
40 488 488
50 604 604
60 747 748
70 881 882
80 949 953
90 1077 1077
100 1212 1215
110 1266 1280
120 1310 1318
130 1374 1375
140 1429 1430
150 1572 1572
160 1627 1628
170 1727 1728
180 1837 1837
190 1953 1953
200 2065 2066
210 2147 2152
220 2284 2284
230 2411 2412
240 2538 2539
250 2667 2667
260 2735 2741
270 2808 2809
280 2910 2912
290 3039 3050
300 3091 3092
310 3228 3238
320 3303 3315
330 2778 3316
340 2247 3316
350 1717 3316
360 1182 3316
370 904 3316
380 660 3316
390 388 3316
400 122 3316
407 0 3316
