0 0.1 0.0 0 0.0 0.0 0 0
10 0.1 0.0 0.0 0.0 0.0 0.0 1
20 0.1 0.0 0.0 0.0 0.0 0.0 2
30 0.1 0.0 0.0 0.0 0.0 0.0 3
40 0.1 0.0 0.0 0.0 0.0 0.0 4
50 0.1 0.0 0.0 0.0 0.0 0.0 5
60 0.1 0.0 0.0 0.0 0.0 0.0 6
70 0.1 0.0 0.0 0.0 0.0 0.0 7
80 0.1 0.0 0.0 0.0 0.0 0.0 8
90 0.1 0.0 0.0 0.0 0.0 0.0 9
100 0.1 0.0 0.0 0.0 0.0 0.0 10
110 0.1 0.0 0.0 0.0 0.0 0.0 11
120 0.1 0.16015625 0.0 0.16015625 0.0 0.0 12
130 0.1 0.12890625 0.0 0.16015625 0.0 0.012319711538461538 13
140 0.1 0.109375 0.0 0.16015625 0.0 0.020647321428571428 14
150 0.1 0.1015625 0.0 0.16015625 0.0 0.0265625 15
160 0.1 0.1484375 0.0 0.16015625 0.0 0.03125 16
170 0.1 0.12890625 0.0 0.16015625 0.0 0.03814338235294118 17
180 0.1 0.109375 0.0 0.16015625 0.0 0.04318576388888889 18
190 0.1 0.171875 0.0 0.171875 0.0 0.04666940789473684 19
200 0.1 0.1484375 0.0 0.171875 0.0 0.0529296875 20
210 0.1 0.12109375 0.0 0.171875 0.0 0.05747767857142857 21
220 0.1 0.1015625 0.0 0.171875 0.0 0.060369318181818184 22
230 0.1 0.08984375 0.0 0.171875 0.0 0.06216032608695652 23
240 0.1 0.0703125 0.0 0.171875 0.0 0.06331380208333333 24
250 0.1 0.05859375 0.0 0.171875 0.0 0.06359375 25
260 0.1 0.05078125 0.0 0.171875 0.0 0.0634014423076923 26
270 0.1 0.0390625 0.0 0.171875 0.0 0.06293402777777778 27
280 0.1 0.0390625 0.0 0.171875 0.0 0.06208147321428571 28
290 0.1 0.03125 0.0 0.171875 0.0 0.06128771551724138 29
300 0.1 0.01953125 0.0 0.171875 0.0 0.060286458333333334 30
310 0.1 0.01953125 0.0 0.171875 0.0 0.05897177419354839 31
