0 8.8 34.24538636363638 27.940808733671833 193.362 6.01 0 0
10 9.1 30.115164835164826 20.40524866074646 193.362 6.01 34.24538636363638 88
20 10 32.86174999999999 19.60268363177603 193.362 6.01 32.14566480446928 179
30 20.4 30.628877450980383 16.738162210235572 193.362 6.01 32.40232616487455 279
40 25.3 27.356185770750983 16.20141449324997 193.362 6.01 31.653291925465833 483
50 23.9 27.290686192468627 17.956062958002065 193.362 6.01 30.176161684782603 736
60 30.4 26.777111842105253 17.696631033100672 193.362 6.01 29.468850256410253 975
70 38.9 27.07631105398461 16.397035851114406 193.362 6.01 28.829062548866297 1279
80 42.6 26.394199530516442 16.457865424575182 193.362 6.01 28.420297362110315 1668
90 53.8 28.347418215613356 18.57731286030039 193.362 6.01 28.008111270296087 2094
100 56.5 26.149888495575226 16.507605224279626 193.362 6.01 28.077468085106382 2632
110 58.3 38.502855917667254 59.57929352403528 506.353 6.01 27.73681044729434 3197
120 66.6 31.506603603603622 23.422308489066232 506.353 6.01 29.397287830687834 3780
130 66.9 27.541723467862454 18.121888687170465 506.353 6.01 29.713258209626634 4446
140 73.5 29.419948299319756 19.508377825427722 506.353 6.01 29.429239296187678 5115
150 83.5 31.519597604790437 22.79329915296164 506.353 6.01 29.428071965811963 5850
160 88.5 35.35097514124295 39.22930134209902 506.353 6.01 29.68931712789828 6685
170 88.7 34.630832018038454 29.79122440991863 506.353 6.01 30.35121505944518 7570
180 95.9 35.77081751824814 24.38983433822275 506.353 6.01 30.800076386425463 8457
190 105.7 34.772025543992505 27.045797100731143 506.353 6.01 31.306336023789303 9416
200 104.9 32.459226882745455 22.537154412997072 506.353 6.01 31.65611486680036 10473
210 106.2 44.10431261770249 34.69506499731349 506.353 6.01 31.729232772088192 11522
220 125 56.34367600000006 82.0701077666639 749.482 6.01 32.773601398601414 12584
230 121.6 40.564355263157964 29.443750817048084 749.482 6.01 34.90332477952872 13834
240 112 47.861600000000024 43.41329305683012 749.482 6.01 35.36072099667776 15050
250 136.4 78.57515909090903 68.47113550715844 749.482 6.01 36.226582745825624 16170
260 134.9 119.22902668643468 113.97879485479227 920.089 6.01 39.520951294627594 17534
270 138.9 82.02491360691144 69.80706505395294 920.089 6.01 45.21528978446225 18883
280 143.4 88.40402859135291 70.46495464602434 920.089 6.01 47.7374172257301 20272
290 144.5 101.2851820069205 80.59803210496203 920.089 6.01 50.424043997051534 21706
300 140.9 317.0987558552169 240.82089532022178 1866.258 6.01 53.59860856982422 23151
310 145.2 1062.7649869145996 572.9558158518608 3041.99 6.01 68.71553477198702 24560
