0 17.2 17.470418604651147 11.590606900623028 95.603 6.01 0 0
10 17.7 15.45778531073446 5.898749320587275 95.603 6.01 17.470418604651147 172
20 21.2 15.473896226415091 5.249420506974307 95.603 6.01 16.449684813753574 349
30 36.4 17.143947802197808 5.341495252033385 95.603 6.01 16.080937611408196 561
40 41.7 16.578179856115085 5.039407895901354 95.603 6.01 16.499246486486488 925
50 38.9 16.7484730077121 6.885817273522127 95.603 6.01 16.523773472429205 1342
60 48 16.94089999999999 6.435735496235061 95.603 6.01 16.57426920854997 1731
70 59.9 17.5668247078464 5.525826873151558 95.603 6.01 16.653863410221618 2211
80 65 17.281649230769247 5.792827356179313 95.603 6.01 16.8484768683274 2810
90 78 19.53735256410255 8.59087487993055 95.603 6.01 16.92985317919075 3460
100 81.4 18.15069656019658 6.200387863754618 95.603 6.01 17.409534669811315 4240
110 82.4 27.21239320388352 44.2159596855955 425.13 6.01 17.52890660862683 5054
120 99.4 21.093087525150963 9.903989782458961 425.13 6.01 18.88637393671317 5878
130 96.5 19.07896373056994 6.990257027728696 425.13 6.01 19.20556388242143 6872
140 105.9 20.404135033050064 8.315227872407162 425.13 6.01 19.189975118029864 7837
150 121.3 21.702889530090687 10.300855995661776 425.13 6.01 19.334511465827347 8896
160 122.5 25.504720816326547 29.483530186280635 425.13 6.01 19.618698090810177 10109
170 124.2 24.759314814814857 16.828013148894847 425.13 6.01 20.254870478207174 11334
180 136.4 25.09664736070381 12.094383864772148 425.13 6.01 20.69972733778627 12576
190 143.3 25.635606420097734 15.42394611314953 425.13 6.01 21.1299568149211 13940
200 143 23.806532167832177 11.94047862085599 425.13 6.01 21.54995264424642 15373
210 150.9 31.045699801192846 19.90534946848621 425.13 6.01 21.74199625066954 16803
220 166 42.42662289156631 56.781127858816134 569.774 6.01 22.508667758846673 18312
230 167.5 29.44055164179109 16.037818229483705 569.774 6.01 24.16417574604448 19972
240 151.8 35.5030065876153 27.563744684988738 569.774 6.01 24.572450778398878 21647
250 184.3 57.93183939229518 45.585941584788074 569.774 6.01 25.28872894452841 23165
260 183.3 87.75460774686317 78.33570855967 569.774 6.01 27.694409229046727 25008
270 191.8 59.93850729927007 40.58677952977084 569.774 6.01 31.79598308557806 26841
280 193.7 65.12514868353128 44.626806983831024 569.774 6.01 33.672868980145374 28759
290 192.9 75.73618403317796 50.8659292873355 569.774 6.01 35.657592259577825 30696
300 193.9 247.15519855595693 170.72200606845445 951.005 6.01 38.02729658237552 32625
310 196.5 807.9349613231548 142.1726126848565 1265.969 6.01 49.759127444740244 34564
