10 0.1 898 0 898 898 0 0
20 0.1 712.0 0.0 898 712 898.0 1
30 0.1 866.0 0.0 898 712 805.0 2
40 0.1 1486.0 0.0 1486 712 825.3333333333334 3
50 0.1 1673.0 0.0 1673 712 990.5 4
60 0.1 1667.0 0.0 1673 712 1127.0 5
70 0.1 2098.0 0.0 2098 712 1217.0 6
80 0.1 2584.0 0.0 2584 712 1342.857142857143 7
90 0.1 3011.0 0.0 3011 712 1498.0 8
100 0.1 3522.0 0.0 3522 712 1666.111111111111 9
110 0.1 3872.0 0.0 3872 712 1851.7 10
120 0.1 3848.0 0.0 3872 712 2035.3636363636363 11
130 0.1 4502.0 0.0 4502 712 2186.4166666666665 12
140 0.1 4709.0 0.0 4709 712 2364.5384615384614 13
150 0.1 4922.0 0.0 4922 712 2532.0 14
160 0.1 5589.0 0.0 5589 712 2691.3333333333335 15
170 0.1 5903.0 0.0 5903 712 2872.4375 16
180 0.1 5582.0 0.0 5903 712 3050.705882352941 17
190 0.1 6473.0 0.0 6473 712 3191.3333333333335 18
200 0.1 7033.0 0.0 7033 712 3364.0526315789475 19
210 0.1 6899.0 0.0 7033 712 3547.5 20
220 0.1 7082.0 0.0 7082 712 3707.095238095238 21
230 0.1 8046.0 0.0 8046 712 3860.5 22
240 0.1 8010.0 0.0 8046 712 4042.478260869565 23
250 0.1 7774.0 0.0 8046 712 4207.791666666667 24
260 0.1 8607.0 0.0 8607 712 4350.44 25
270 0.1 8907.0 0.0 8907 712 4514.153846153846 26
280 0.1 9405.0 0.0 9405 712 4676.851851851851 27
290 0.1 9325.0 0.0 9405 712 4845.714285714285 28
300 0.1 9532.0 0.0 9532 712 5000.172413793103 29
310 0.1 9526.0 0.0 9532 712 5151.233333333334 30
