30 2.3 35064.5276521739 22.837007168203264 35154.523 35045.94 0 0
40 4.7 35058.23563829787 7.357322904155837 35154.523 35045.94 35064.5276521739 23
50 4.5 35057.248799999994 12.321285401201047 35154.523 35045.94 35060.3030142857 70
60 5.7 35056.90710526314 7.0701559442943935 35154.523 35045.94 35059.10788695651 115
70 6.7 35057.826402985054 6.632514491459587 35154.523 35045.94 35058.37855813952 172
80 11.2 52346.54452678573 21898.676790083216 80221.2 35045.94 35058.223769874465 239
90 14.3 48916.72737762236 20776.8700798747 80221.2 35045.94 40574.72498005698 351
100 15.7 51406.98136942673 21649.75992561496 80221.2 35045.94 42989.51514777327 494
110 17.1 56142.29136257308 22450.58297959059 80314.601 35045.94 45019.53388325652 651
120 18 55828.36821111115 22443.112674328615 80405.884 35045.94 47333.392190997554 822
130 18 53325.56069444448 22103.33679995277 80405.884 35045.94 48859.435787425144 1002
140 20.2 54908.944534653456 22344.885905280633 80405.884 35045.94 49539.55633164129 1182
150 22.1 56460.308212669675 22480.32092344095 80405.884 35045.94 50323.23871387283 1384
160 25.9 54024.37841698844 22228.233666519267 80405.884 35045.94 51168.280682242985 1605
170 27.4 55128.33737226277 22370.48998686303 80405.884 35045.94 51565.1311722103 1864
180 28.3 55123.25456183745 22370.579055544567 80405.884 35045.94 52021.78154583723 2138
190 30.9 52284.0891779935 21881.419222156168 80568.61 35045.94 52384.32465344898 2421
200 34.2 56815.62780116956 22488.816452718533 80568.61 35045.94 52372.979319413906 2730
210 30.3 57078.90592409244 22496.26058784892 80568.61 35045.94 52867.57104492185 3072
220 37.9 54232.2206622691 22243.390352216775 80568.61 35045.94 53245.655331851834 3375
230 37.7 58159.16506896558 22509.61744393687 80568.61 35045.94 53345.25795844431 3754
240 36.8 55539.6589592391 22408.669110049326 80568.61 35045.94 53784.580877995635 4131
250 41.4 54533.36591545894 22240.642118682965 80568.61 35045.94 53928.1391651478 4499
260 42.8 56358.18304672895 22408.33972753276 80568.61 35045.94 53979.13934317116 4913
270 44.1 54382.20391156458 22257.409860427804 80744.579 35045.94 54169.78354933531 5341
280 43 54876.67220232556 22285.405606045555 80744.579 35045.94 54185.985102386694 5782
290 46.7 56746.33005781583 22414.191235045575 80744.579 35045.94 54233.795059401134 6212
300 43.3 55758.18833487301 22314.170741640926 80930.469 35045.94 54409.47313160651 6679
310 44.2 56368.24749321268 22139.651457120806 81751.597 35045.94 54491.58697904948 7112
