0 0.6 3.130333333333333 3.095100895860352 10.046 1.631 0 0
10 0.9 1.7112222222222222 0.2295637300900112 10.046 1.207 3.130333333333333 6
20 0.9 2.578666666666667 2.483174581055468 10.046 1.207 2.2788666666666666 15
30 1.7 1.8252941176470594 0.12344027596414323 10.046 1.207 2.391291666666667 24
40 1 1.7136 0.1906295884693664 10.046 1.207 2.1566097560975614 41
50 1.7 1.6924117647058825 0.18302814274876503 10.046 1.207 2.069745098039216 51
60 1.7 2.1575294117647057 2.065248969969112 10.392 1.207 1.9754117647058829 68
70 1.3 1.8396153846153847 0.5028025363227041 10.392 1.207 2.0118352941176476 85
80 1.1 1.9138181818181819 0.14957443764458625 10.392 1.207 1.9889897959183678 98
90 0.8 2.0885000000000007 0.4152791230004225 10.392 1.207 1.981403669724771 109
100 0.5 1.734 0.10779795916435514 10.392 1.207 1.988726495726496 117
110 0 0 0 10.392 1.207 1.978286885245902 122
120 1 3.8669000000000002 6.791086326207318 24.234 1.207 1.978286885245902 122
130 0 0 0 24.234 1.207 2.1213636363636366 132
140 0 0 0 24.234 1.207 2.1213636363636366 132
