10 0.1 184 0 184 184 0 0
20 0.1 72.0 0.0 184 72 184.0 1
30 0.1 112.0 0.0 184 72 128.0 2
40 0.1 156.0 0.0 184 72 122.66666666666667 3
50 0.1 122.0 0.0 184 72 131.0 4
60 0.1 205.0 0.0 205 72 129.2 5
70 0.1 167.0 0.0 205 72 141.83333333333334 6
80 0.1 326.0 0.0 326 72 145.42857142857142 7
90 0.1 249.0 0.0 326 72 168.0 8
100 0.1 227.0 0.0 326 72 177.0 9
110 0.1 441.0 0.0 441 72 182.0 10
120 0.1 32.0 0.0 441 32 205.54545454545453 11
130 0.1 302.0 0.0 441 32 191.08333333333334 12
140 0.1 121.0 0.0 441 32 199.6153846153846 13
