0 0.1 3515.76953125 0 3515.76953125 3515.76953125 0 0
10 0.1 3517.38671875 0.0 3517.38671875 3515.76953125 3515.76953125 1
20 0.1 3517.2734375 0.0 3517.38671875 3515.76953125 3516.578125 2
30 0.1 3517.16015625 0.0 3517.38671875 3515.76953125 3516.8098958333335 3
40 0.1 3517.171875 0.0 3517.38671875 3515.76953125 3516.8974609375 4
50 0.1 3516.453125 0.0 3517.38671875 3515.76953125 3516.95234375 5
60 0.1 3515.9765625 0.0 3517.38671875 3515.76953125 3516.869140625 6
70 0.1 3515.86328125 0.0 3517.38671875 3515.76953125 3516.741629464286 7
80 0.1 3514.91015625 0.0 3517.38671875 3514.91015625 3516.6318359375 8
90 0.1 3513.953125 0.0 3517.38671875 3513.953125 3516.4405381944443 9
100 0.1 3512.87109375 0.0 3517.38671875 3512.87109375 3516.191796875 10
110 0.1 3511.9921875 0.0 3517.38671875 3511.9921875 3515.8899147727275 11
120 0.1 3512.0 0.0 3517.38671875 3511.9921875 3515.5651041666665 12
130 0.1 3511.91015625 0.0 3517.38671875 3511.91015625 3515.2908653846152 13
140 0.1 3510.19140625 0.0 3517.38671875 3510.19140625 3515.049386160714 14
150 0.1 3508.30859375 0.0 3517.38671875 3508.30859375 3514.725520833333 15
160 0.1 3507.16796875 0.0 3517.38671875 3507.16796875 3514.324462890625 16
170 0.1 3506.05078125 0.0 3517.38671875 3506.05078125 3513.903492647059 17
180 0.1 3506.05859375 0.0 3517.38671875 3506.05078125 3513.467230902778 18
190 0.1 3505.953125 0.0 3517.38671875 3505.953125 3513.0773026315787 19
200 0.1 3506.11328125 0.0 3517.38671875 3505.953125 3512.72109375 20
210 0.1 3506.1328125 0.0 3517.38671875 3505.953125 3512.4064360119046 21
220 0.1 3506.171875 0.0 3517.38671875 3505.953125 3512.121271306818 22
230 0.1 3506.21484375 0.0 3517.38671875 3505.953125 3511.862601902174 23
240 0.1 3506.1015625 0.0 3517.38671875 3505.953125 3511.6272786458335 24
250 0.1 3506.109375 0.0 3517.38671875 3505.953125 3511.40625 25
254 0.1 3505.8828125 0.0 3517.38671875 3505.8828125 3511.2025240384614 26
