0 0.5 78.5462 15.159185867321503 102.229 54.389 0 0
10 0.6 30.6125 17.876112942042706 102.229 16.701 78.5462 5
20 1.1 38.32327272727274 19.460420975970266 102.229 14.521 52.40054545454545 11
30 0.5 40.099 19.114429167516356 102.229 14.521 45.36190909090909 22
40 2 37.700149999999994 17.624817906222464 102.229 13.929 44.38729629629629 27
50 1.7 34.10305882352941 16.690800398354668 102.229 13.929 41.54170212765957 47
60 1.7 37.54158823529412 18.863375482536405 102.229 13.634 39.56581249999999 64
70 3.1 37.77648387096773 17.355039269796865 102.229 13.634 39.14097530864198 81
80 4.5 34.85313333333334 17.499217968050267 102.229 13.634 38.76330357142857 112
90 3.5 37.818057142857135 21.312440641818114 107.314 9.145 37.64255414012739 157
100 4.3 39.668488372093016 18.912523719989544 114.474 9.145 37.674546875 192
110 4.5 39.37842222222223 17.132393814044377 114.474 9.145 38.039395744680846 235
120 5 36.39873999999998 17.929249226679854 114.474 9.145 38.254596428571425 280
130 6.5 39.58875384615384 17.685507091340913 114.474 9.145 37.97340606060605 330
140 6.1 39.78488524590165 19.695702416399275 114.474 9.145 38.23922278481012 395
150 7.8 36.29121794871795 17.184143874027228 114.474 9.145 38.44598903508772 456
160 4.7 40.516617021276595 12.945704606865586 114.474 9.145 38.131247191011234 534
170 3.1 39.47774193548386 5.896180431036537 114.474 9.145 38.32421170395869 581
180 4.6 39.329630434782615 6.237426926848071 114.474 9.145 38.382642156862744 612
190 2 39.848549999999996 8.933163904658864 114.474 9.145 38.448844984802435 658
200 1.4 32.377 2.7258361757711813 114.474 9.145 38.490134218289086 678
210 1 31.2637 0.8118422322101747 114.474 9.145 38.36645809248555 692
220 1.4 31.315214285714287 1.603560688796361 114.474 9.145 38.2652792022792 702
230 2.6 30.729153846153842 3.412421615806533 114.474 9.145 38.12938407821229 716
240 1.9 35.22289473684211 7.307027157719924 114.474 9.145 37.870076819407004 742
250 2.6 34.26419230769231 5.020829229850927 114.474 9.145 37.80398423127464 761
254 1.1 28.12072727272727 4.64476996379034 114.474 9.145 37.687040660736976 787
