0 1.3 30.154 23.73516204997264 102.229 15.446 0 0
10 0.8 22.942375000000002 11.66026008433667 102.229 15.446 30.154 13
20 2.3 18.291913043478257 2.782800871081281 102.229 14.521 27.406714285714287 21
30 1 20.016799999999996 3.472512254837987 102.229 14.521 22.64215909090909 44
40 3.9 19.30158974358974 3.666195343026356 102.229 13.929 22.155981481481476 54
50 3.1 19.391387096774192 3.959665623528846 102.229 13.929 20.958978494623654 93
60 3.2 19.2203125 4.685493059950441 102.229 13.634 20.567080645161287 124
70 5.9 19.813118644067803 5.940378673328306 102.229 11.374 20.29082051282051 156
80 8.5 18.42083529411766 3.1270239670522257 102.229 11.374 20.15973023255814 215
90 6.7 19.722731343283574 7.195931988391422 102.229 9.145 19.667043333333336 300
100 8.8 19.34918181818182 7.521481472098694 102.229 8.764 19.677209809264305 367
110 8.7 20.336482758620694 6.645285678129691 102.229 8.764 19.613767032967033 455
120 9.7 19.092278350515457 6.430352062225711 102.229 7.349 19.72977490774908 542
130 13.4 19.04711940298507 4.129434098132278 102.229 7.349 19.633003129890454 639
140 12 20.043499999999998 6.680939083192824 102.229 7.349 19.531439844760673 773
150 15.1 18.71843046357616 4.647390162016997 102.229 7.349 19.600249720044793 893
160 9.7 19.6018144329897 5.24923568580727 102.229 7.349 19.472706896551724 1044
170 6.2 19.70079032258065 5.477252858449226 102.229 7.349 19.483682734443473 1141
180 9.2 19.582086956521728 5.885384187622489 102.229 7.349 19.49487198669992 1203
190 4 19.892525 7.343294948412122 102.229 7.349 19.501067953667956 1295
200 2.8 16.160035714285716 7.467605283977985 102.229 7.349 19.51279700374532 1335
210 2 15.603449999999999 6.750232421739269 102.229 7.257 19.44392149669846 1363
220 2.8 15.627678571428575 7.015124874428575 102.229 7.257 19.388383224873465 1383
230 5.2 15.33294230769231 6.652889740595266 102.229 7.257 19.31375549255847 1411
240 3.8 17.58473684210526 9.062584538071647 102.229 7.257 19.17226384142174 1463
250 5.2 17.092961538461534 8.104774948143788 102.229 7.257 19.13207328447702 1501
254 2.2 14.033090909090909 6.399737430047715 102.229 6.768 19.063796522858986 1553
