0 20.76171875 20.76171875
10 10.4296875 31.19140625
20 34.98984375 66.18125
30 15.82265625 82.00390625
40 62.0625 144.06640625
50 48.359375 192.42578125
60 49.6671875 242.09296875
70 93.50859375 335.6015625
80 131.93203125 467.53359375
90 105.63828125 573.171875
100 145.81328125 718.98515625
110 146.31640625 865.3015625
120 159.23046875 1024.53203125
130 213.84609375 1238.378125
140 194.659375 1433.0375
150 242.4984375 1675.5359375
160 168.01328125 1843.54921875
170 116.71328125 1960.2625
180 171.26953125 2131.53203125
190 75.55 2207.08203125
200 52.7703125 2259.85234375
210 37.803125 2297.65546875
220 52.784375 2350.43984375
230 98.2375 2448.67734375
240 71.82265625 2520.5
250 98.2390625 2618.7390625
254 36.21171875 2654.95078125
