0 10.2 102
10 9.2 194
20 10.1 295
30 20.9 504
40 22.8 732
50 27.8 1010
60 28.1 1291
70 35 1641
80 32.7 1968
90 31.8 2286
100 32 2606
110 34.2 2948
120 34 3288
130 29.3 3581
140 29.7 3878
150 28.6 4164
160 25.2 4416
170 26 4676
180 26.6 4942
190 24.9 5191
200 25.5 5446
210 25 5696
220 23.4 5930
230 26.3 6193
240 24.3 6436
250 22.2 6658
260 23.7 6895
270 23.9 7134
280 23.2 7366
290 23.6 7602
300 19.6 7798
310 20.8 8006
320 24.1 8247
330 29.1 8538
340 25.6 8794
350 24.8 9042
360 26.2 9304
370 14.8 9452
380 7.5 9527
390 8.7 9614
400 6.7 9681
410 0 9681
