0 0.1 1.8504270541465089 0 1.8504270541465089 1.8504270541465089 0 0
10 0.1 1.0070493454179255 0.0 1.8504270541465089 1.0070493454179255 1.8504270541465089 1
20 0.1 1.593625498007968 0.0 1.8504270541465089 1.0070493454179255 1.428738199782217 2
30 0.1 1.6 0.0 1.8504270541465089 1.0070493454179255 1.483700632524134 3
40 0.1 1.2121212121212122 0.0 1.8504270541465089 1.0070493454179255 1.5127754743931003 4
50 0.1 3.737373737373737 0.0 3.737373737373737 1.0070493454179255 1.4526446219387226 5
60 0.1 4.82897384305835 0.0 4.82897384305835 1.0070493454179255 1.8334328078445583 6
70 0.1 4.116465863453815 0.0 4.82897384305835 1.0070493454179255 2.2613672414465285 7
80 0.1 5.315947843530592 0.0 5.315947843530592 1.0070493454179255 2.4932545691974393 8
90 0.1 3.024193548387097 0.0 5.315947843530592 1.0070493454179255 2.806887155234456 9
100 0.1 3.0303030303030303 0.0 5.315947843530592 1.0070493454179255 2.82861779454972 10
110 0.1 3.546099290780142 0.0 5.315947843530592 1.0070493454179255 2.8469528159818394 11
120 0.1 3.64741641337386 0.0 5.315947843530592 1.0070493454179255 2.9052150222150313 12
130 0.1 3.6622583926754833 0.0 5.315947843530592 1.0070493454179255 2.9623074369195566 13
140 0.1 4.0733197556008145 0.0 5.315947843530592 1.0070493454179255 3.0123039337592656 14
150 0.1 4.646464646464646 0.0 5.315947843530592 1.0070493454179255 3.0830383218820354 15
160 0.1 4.476093591047812 0.0 5.315947843530592 1.0070493454179255 3.1807524671684484 16
170 0.1 4.5778229908443535 0.0 5.315947843530592 1.0070493454179255 3.2569490038672346 17
180 0.1 6.432160804020101 0.0 6.432160804020101 1.0070493454179255 3.33033089203263 18
190 0.1 5.7926829268292686 0.0 6.432160804020101 1.0070493454179255 3.493585097926708 19
200 0.1 5.402650356778797 0.0 6.432160804020101 1.0070493454179255 3.608539989371836 20
210 0.1 4.020618556701031 0.0 6.432160804020101 1.0070493454179255 3.693973816391215 21
220 0.1 6.893004115226338 0.0 6.893004115226338 1.0070493454179255 3.708821304587116 22
230 0.1 5.720122574055159 0.0 6.893004115226338 1.0070493454179255 3.847264035484473 23
240 0.1 7.01219512195122 0.0 7.01219512195122 1.0070493454179255 3.9252998079249184 24
250 0.1 7.019328585961343 0.0 7.019328585961343 1.0070493454179255 4.04877562048597 25
260 0.1 5.803108808290156 0.0 7.019328585961343 1.0070493454179255 4.163027657619638 26
270 0.1 5.815160955347872 0.0 7.019328585961343 1.0070493454179255 4.223771403940769 27
280 0.1 8.479834539813858 0.0 8.479834539813858 1.0070493454179255 4.280606745062451 28
290 0.1 7.024793388429752 0.0 8.479834539813858 1.0070493454179255 4.425407703502155 29
300 0.1 6.832298136645963 0.0 8.479834539813858 1.0070493454179255 4.512053892999742 30
310 0.1 7.061266874350987 0.0 8.479834539813858 1.0070493454179255 4.5869004815044585 31
320 0.1 6.576200417536534 0.0 8.479834539813858 1.0070493454179255 4.664224431280912 32
330 0.1 8.074534161490684 0.0 8.479834539813858 1.0070493454179255 4.722163097531083 33
340 0.1 4.766734279918864 0.0 8.479834539813858 1.0070493454179255 4.82076224647107 34
350 0.1 3.1568228105906315 0.0 8.479834539813858 1.0070493454179255 4.819218590283865 35
360 0.1 3.7525354969574036 0.0 8.479834539813858 1.0070493454179255 4.773040929736831 36
370 0.1 2.9292929292929295 0.0 8.479834539813858 1.0070493454179255 4.745459701823873 37
380 0.1 2.233502538071066 0.0 8.479834539813858 1.0070493454179255 4.697665839388849 38
390 0.1 2.8311425682507583 0.0 8.479834539813858 1.0070493454179255 4.634482164996085 39
400 0.1 2.727272727272727 0.0 8.479834539813858 1.0070493454179255 4.589398675077452 40
410 0.1 1.4084507042253522 0.0 8.479834539813858 1.0070493454179255 4.543980969033433 41
