0 0 0
10 0 0
20 0 0
30 1.5 15
40 4 55
50 5.4 109
60 6.2 171
70 6.2 233
80 10 333
90 11.3 446
100 13 576
110 15.7 733
120 17.6 909
130 21.3 1122
140 21.2 1334
150 19.1 1525
160 22.4 1749
170 24.6 1995
180 29.5 2290
190 32.6 2616
200 33.6 2952
210 32.3 3275
220 34.8 3623
230 34.9 3972
240 34.5 4317
250 39.2 4709
260 42.4 5133
270 40.8 5541
280 45.5 5996
290 47.5 6471
300 44.3 6914
310 47.8 7392
320 52.6 7918
330 45.9 8377
340 46.3 8840
350 53.3 9373
360 48.8 9861
370 33.2 10193
380 37.2 10565
390 29.8 10863
400 32.2 11185
410 12.1 11306
