30 1.5 35115.63906666667 63.799049996550345 35256.196 35051.746 0 0
40 4 35124.9471 71.64275222128477 35370.816 35051.746 35115.63906666667 15
50 5.4 35181.72601851851 109.13823897572202 35446.41 35051.746 35122.40854545454 55
60 6.2 35242.60340322582 150.83572991293795 35656.632 35051.746 35151.795183486225 109
70 6.2 36186.69567741936 501.51726778936336 37223.935 35051.746 35184.71980116959 171
80 10 54204.95111000003 21319.701263113406 83657.176 35051.746 35451.33999141631 233
90 11.3 55445.1873097345 21098.264802279635 85790.697 35051.746 41083.055042042055 333
100 13 56844.818930769245 22109.28371687515 85955.073 35032.558 44721.891244394625 446
110 15.7 60194.973496815306 22041.830419379497 86038.247 35032.558 47457.96867361112 576
120 17.6 59589.09161931821 21513.166353113083 86038.247 35032.558 50186.085668485684 733
130 21.3 57430.13434741787 21199.150708221518 86398.365 35011.184 52006.68968096811 909
140 21.2 55877.3883915094 20829.995867164405 86453.002 35011.184 53036.274096256704 1122
150 19.1 57466.98959162301 21563.92233432665 87784.104 35009.558 53487.78551349326 1334
160 22.4 55882.885535714275 23057.932149070442 91075.67 35007.045 53986.16451606558 1525
170 24.6 60056.34560975613 24700.571580571253 93718.465 35007.045 54229.083617495715 1749
180 29.5 60845.86130847459 24922.35891421943 94525.862 35006.47 54947.63321654136 1995
190 32.6 57683.48223006136 24256.29050723759 94919.066 35006.47 55707.4486257642 2290
200 33.6 61416.70849404761 24348.460691374785 104335.098 35006.47 55953.6974617737 2616
210 32.3 58668.33211764701 24137.96233726855 104335.098 35006.47 56575.503595528455 2952
220 34.8 60893.50610632183 24442.361172857418 104335.098 35006.47 56781.910805496176 3275
230 34.9 61849.01391404008 24382.82651237427 104335.098 35006.366 57176.841847364056 3623
240 34.5 61067.507837681194 23870.469553719275 104335.098 35006.366 57587.36250478347 3972
250 39.2 57752.994234693855 23871.77900207522 104335.098 35006.366 57865.48391776696 4317
260 42.4 59437.04690566034 23565.51622229018 104335.098 35006.366 57856.11973094074 4709
270 40.8 59797.693735294226 23689.346105892233 104335.098 35006.366 57986.708689070714 5133
280 45.5 58135.81491868132 23430.3079598132 104335.098 35006.366 58120.05680292366 5541
290 47.5 60081.86858526313 23343.859802592033 104335.098 35006.366 58121.25259056037 5996
300 44.3 58967.81487810386 23662.40545239856 104335.098 35006.236 58265.17046994282 6471
310 47.8 59409.87882635984 23536.707914236034 104335.098 35006.236 58310.190931732715 6914
320 52.6 58489.463026615886 23312.844979858277 104335.098 35006.236 58381.301701975106 7392
330 45.9 58695.02787363843 23495.3285153871 104335.098 35006.236 58388.48695794392 7918
340 46.3 60660.6037926566 23479.262113008404 104335.098 35006.236 58405.283219171535 8377
350 53.3 61981.3780487805 23514.731954274477 104335.098 35006.236 58523.40690984162 8840
360 48.8 61323.170297131146 23818.05828717008 104335.098 35005.982 58720.046045343 9373
370 33.2 79414.72812349407 15583.494845101523 104335.098 35005.982 58848.869149984785 9861
380 37.2 83819.8375564516 2992.693014185535 104335.098 35005.982 59518.72740361032 10193
390 29.8 82524.00244966443 3096.729443967037 104335.098 35005.982 60374.38409805962 10565
400 32.2 82258.5084006211 2820.114579119477 104335.098 35005.982 60982.005037834846 10863
410 12.1 85657.57136363638 9583.360400125845 156001.044 35005.982 61594.52484854716 11185
