0 90.1328125 90.1328125
10 82.33671875 172.46953125
20 90.05390625 262.5234375
30 186.44453125 448.96796875
40 199.3875 648.35546875
50 240.5578125 888.91328125
60 243.88359375 1132.796875
70 331.67890625 1464.47578125
80 311.82421875 1776.3
90 342.9234375 2119.2234375
100 402.43671875 2521.66015625
110 415.8421875 2937.50234375
120 446.76953125 3384.271875
130 441.35625 3825.628125
140 436.59140625 4262.21953125
150 464.3 4726.51953125
160 460.07734375 5186.596875
170 503.70390625 5690.30078125
180 575.66953125 6265.9703125
190 578.371875 6844.3421875
200 570.73671875 7415.07890625
210 622.68359375 8037.7625
220 549.2984375 8587.0609375
230 623.62734375 9210.68828125
240 617.35859375 9828.046875
250 626.7859375 10454.8328125
260 653.7171875 11108.55
270 695.23046875 11803.78046875
280 682.2359375 12486.01640625
290 687.5421875 13173.55859375
300 737.734375 13911.29296875
310 731.790625 14643.08359375
320 780.50390625 15423.5875
330 634.153125 16057.740625
340 612.60625 16670.346875
350 603.675 17274.021875
360 507.74921875 17781.77109375
370 528.79140625 18310.5625
380 411.05390625 18721.61640625
390 427.2921875 19148.90859375
400 158.3859375 19307.29453125
410 12.7875 19320.08203125
