0 9 90
10 9.8 188
20 9.9 287
30 16.3 450
40 14.6 596
50 15.4 750
60 15.3 903
70 21.3 1116
80 20.2 1318
90 25.2 1570
100 25.6 1826
110 26.4 2090
120 26.6 2356
130 27.8 2634
140 31.2 2946
150 36.2 3308
160 34.3 3651
170 34.9 4000
180 37.6 4376
190 37 4746
200 36.7 5113
210 45.8 5571
220 42.4 5995
230 45.2 6447
240 46.5 6912
250 48.1 7393
260 47.9 7872
270 53.6 8408
280 51.7 8925
290 51.7 9442
300 60.3 10045
310 55.1 10596
320 62.2 11218
330 8.8 11306
340 0 11306
350 0 11306
360 0 11306
370 0 11306
380 0 11306
390 0 11306
400 0 11306
410 0 11306
