0 8.3 83
10 10.5 188
20 10.4 292
30 15.4 446
40 15.4 600
50 14.9 749
60 14.2 891
70 18.9 1080
80 22.6 1306
90 27.5 1581
100 30.1 1882
110 30.5 2187
120 38.1 2568
130 35.7 2925
140 38.1 3306
150 40.3 3709
160 44.5 4154
170 49.6 4650
180 51.3 5163
190 49.5 5658
200 51.6 6174
210 54.2 6716
220 54.4 7260
230 50.9 7769
240 56.8 8337
250 58.5 8922
260 54.4 9466
270 59.6 10062
280 54.8 10610
290 59.3 11203
300 54.8 11751
310 58.7 12338
320 59.8 12936
330 39.8 13334
340 25.7 13591
350 24.5 13836
360 26.2 14098
370 26.3 14361
380 30.5 14666
390 27.7 14943
400 30.7 15250
410 11.5 15365
