0 83 83
10 188 105
20 292 104
30 430 138
40 539 109
50 628 89
60 700 72
70 807 107
80 873 66
90 957 84
100 1051 94
110 1111 60
120 1254 143
130 1314 60
140 1440 126
150 1531 91
160 1637 106
170 1749 112
180 1770 21
190 1815 45
200 1793 -22
210 1795 2
220 1763 -32
230 1818 55
240 1819 1
250 1756 -63
260 1815 59
270 1812 -3
280 1799 -13
290 1814 15
300 1831 17
310 1800 -31
320 1822 22
330 1678 -144
340 1457 -221
350 1181 -276
360 891 -290
370 833 -58
380 550 -283
390 313 -237
400 116 -197
410 1 -115
