0 0.1 1.5254126338429888 0 1.5254126338429888 1.5254126338429888 0 0
10 0.1 2.952755905511811 0.0 2.952755905511811 1.5254126338429888 1.5254126338429888 1
20 0.1 1.7964071856287425 0.0 2.952755905511811 1.5254126338429888 2.2390842696774 2
30 0.1 2.4777006937561943 0.0 2.952755905511811 1.5254126338429888 2.0915252416611807 3
40 0.1 3.9603960396039604 0.0 3.9603960396039604 1.5254126338429888 2.188069104684934 4
50 0.1 4.532019704433497 0.0 4.532019704433497 1.5254126338429888 2.5425344916687393 5
60 0.1 3.9603960396039604 0.0 4.532019704433497 1.5254126338429888 2.874115360462866 6
70 0.1 4.856293359762141 0.0 4.856293359762141 1.5254126338429888 3.0292983146258794 7
80 0.1 4.8466864490603365 0.0 4.856293359762141 1.5254126338429888 3.257672695267912 8
90 0.1 5.517241379310345 0.0 5.517241379310345 1.5254126338429888 3.4342297790226257 9
100 0.1 5.4563492063492065 0.0 5.517241379310345 1.5254126338429888 3.6425309390513974 10
110 0.1 7.632093933463796 0.0 7.632093933463796 1.5254126338429888 3.8074235088057438 11
120 0.1 6.521739130434782 0.0 7.632093933463796 1.5254126338429888 4.1261460441939155 12
130 0.1 6.9238377843719086 0.0 7.632093933463796 1.5254126338429888 4.310422435443213 13
140 0.1 8.46456692913386 0.0 8.46456692913386 1.5254126338429888 4.497094960366691 14
150 0.1 8.571428571428571 0.0 8.571428571428571 1.5254126338429888 4.7615930916178355 15
160 0.1 8.768472906403941 0.0 8.768472906403941 1.5254126338429888 4.999707809106006 16
170 0.1 11.844660194174757 0.0 11.844660194174757 1.5254126338429888 5.221399873652944 17
180 0.1 10.773751224289912 0.0 11.844660194174757 1.5254126338429888 5.5893587803486 18
190 0.1 11.609756097560977 0.0 11.844660194174757 1.5254126338429888 5.862221540556037 19
200 0.1 15.23625843780135 0.0 15.23625843780135 1.5254126338429888 6.149598268406284 20
210 0.1 14.396887159533073 0.0 15.23625843780135 1.5254126338429888 6.582296371710811 21
220 0.1 10.85883514313919 0.0 15.23625843780135 1.5254126338429888 6.93750504388455 22
230 0.1 13.859480269489893 0.0 15.23625843780135 1.5254126338429888 7.107997656895622 23
240 0.1 13.565891472868216 0.0 15.23625843780135 1.5254126338429888 7.389309432420383 24
250 0.1 15.18375241779497 0.0 15.23625843780135 1.5254126338429888 7.636372714038296 25
260 0.1 15.946205571565802 0.0 15.946205571565802 1.5254126338429888 7.926656548798168 26
270 0.1 17.720306513409962 0.0 17.720306513409962 1.5254126338429888 8.223676882974747 27
280 0.1 14.5224171539961 0.0 17.720306513409962 1.5254126338429888 8.562842226918862 28
290 0.1 15.465898174831894 0.0 17.720306513409962 1.5254126338429888 8.76834481061118 29
300 0.1 17.613089509143407 0.0 17.720306513409962 1.5254126338429888 8.991596589418538 30
310 0.1 18.346007604562736 0.0 18.346007604562736 1.5254126338429888 9.269709264248373 31
320 0.1 17.411988582302566 0.0 18.346007604562736 1.5254126338429888 9.553343587383196 32
330 0.1 16.634429400386846 0.0 18.346007604562736 1.5254126338429888 9.791484344804996 33
340 0.1 9.83284169124877 0.0 18.346007604562736 1.5254126338429888 9.992747434675051 34
350 0.1 9.930486593843098 0.0 18.346007604562736 1.5254126338429888 9.988178699148584 35
360 0.1 9.172482552342972 0.0 18.346007604562736 1.5254126338429888 9.986576140667877 36
370 0.1 5.383848454636091 0.0 18.346007604562736 1.5254126338429888 9.96457361125369 37
380 0.1 5.06454816285998 0.0 18.346007604562736 1.5254126338429888 9.844028212395331 38
390 0.1 5.189620758483033 0.0 18.346007604562736 1.5254126338429888 9.721477441894425 39
400 0.1 5.3731343283582085 0.0 18.346007604562736 1.5254126338429888 9.60818102480914 40
410 0.1 3.865213082259663 0.0 18.346007604562736 1.5254126338429888 9.504887202944483 41
