0 7.2 72
10 8.6 158
20 11.6 274
30 19.2 466
40 25.9 725
50 25 975
60 28 1255
70 32.4 1579
80 32.8 1907
90 29.8 2205
100 29.5 2500
110 27.2 2772
120 28.6 3058
130 27.4 3332
140 25.7 3589
150 27 3859
160 27.1 4130
170 24.9 4379
180 24.2 4621
190 25.8 4879
200 24.2 5121
210 19.7 5318
220 20.5 5523
230 20.9 5732
240 21.2 5944
250 19.7 6141
260 20 6341
270 16.9 6510
280 19.4 6704
290 19.2 6896
300 18.5 7081
310 19 7271
320 16.9 7440
330 21.8 7658
340 22.3 7881
350 22.7 8108
360 22.7 8335
370 11.8 8453
380 7.1 8524
390 7 8594
400 5.1 8645
410 0.5 8650
412 0 8650
