0 8.2 1.3371585365853655 2.478795126617809 22.994 0.804 0 0
10 10.4 2.5560961538461533 2.7116317983799365 22.994 0.788 1.3371585365853655 82
20 11.6 97.93624137931039 305.13903112978045 1479.212 0.788 2.0187150537634406 186
30 13.4 2.0853582089552236 2.2135137846129207 1479.212 0.788 38.861208609271536 302
40 14.9 2.04281879194631 2.0152195379053834 1479.212 0.788 27.5585389908257 436
50 14 3.4877499999999992 8.078582351877797 1479.212 0.788 21.05966324786326 585
60 21.3 2.909638497652581 2.835675826877545 1479.212 0.788 17.666466206896562 725
70 24.7 3.573919028340082 3.267866674258767 1479.212 0.788 14.31550213219617 938
80 23.8 2.936512605042017 3.0734382926808106 1479.212 0.788 12.076539240506335 1185
90 29.4 7.594823129251698 21.07155831201404 1479.212 0.788 10.547848910751938 1423
100 42.8 8.30461682242991 29.853027938957908 1479.212 0.732 10.042205591147354 1717
110 42.8 3.417778037383174 3.1593934677260704 1479.212 0.732 9.695497902097905 2145
120 43.3 3.4613140877598148 3.2189691439008605 1479.212 0.732 8.651244461717841 2573
130 52.2 3.3058697318007684 3.1817848671594064 1479.212 0.732 7.903659680638724 3006
140 53.6 3.2890261194029837 3.170899108460281 1479.212 0.695 7.223374433106578 3528
150 50 3.349339999999998 3.0473428229196675 1479.212 0.695 6.704474163385828 4064
160 60.6 3.904590759075904 5.462722325796859 1479.212 0.695 6.33690907099036 4564
170 66.1 3.5343177004538573 3.222671836056083 1479.212 0.695 6.051805609284332 5170
180 65 3.4052415384615347 3.229885613854187 1479.212 0.695 5.766424112502143 5831
190 63.7 9.17891993720565 33.34226724015863 1479.212 0.695 5.52961363987039 6481
200 71 3.843564788732398 3.7670981865636137 1479.212 0.695 5.856195279572914 7118
210 85 8.28253764705881 31.430144965159407 1479.212 0.695 5.673649591211038 7828
220 86.1 3.3614668989547067 3.579978693398568 1479.212 0.695 5.929187139893983 8678
230 97.5 3.351615384615383 3.1044646075048914 1479.212 0.695 5.697422056819373 9539
240 100.5 3.3850049751243816 3.0854155173012114 1479.212 0.695 5.479887198021685 10514
250 109.2 3.5336520146520147 3.375412022572896 1479.212 0.695 5.297114680093758 11519
260 113.8 3.608247803163446 3.313606463694593 1479.212 0.692 5.144414558718579 12611
270 113 3.3394061946902687 3.138916737296238 1479.212 0.692 5.017266564841079 13749
280 115.4 3.5462487001733103 3.2387821174827502 1479.212 0.692 4.88983984138719 14879
290 124.6 10.978474317817028 35.86295915124701 1479.212 0.682 4.793132788623465 16033
300 131.7 3.378119969627944 3.1990998749499733 1479.212 0.554 5.2391618149198464 17279
310 132.8 3.3263840361445802 3.26489007201399 1479.212 0.554 5.107359701010972 18596
320 136.1 3.3546282145481254 3.1078787509406705 1479.212 0.554 4.988651826942383 19924
330 82.3 3.2929465370595388 3.173126251212394 1479.212 0.554 4.88416950904393 21285
340 53.9 3.3718163265306154 3.1623971470705947 1479.212 0.554 4.824934096254752 22108
350 48.9 3.2614539877300617 3.1923493977524946 1479.212 0.554 4.790349803505985 22647
360 26.5 3.4717924528301873 3.137105549487025 1479.212 0.554 4.758035226486863 23136
370 28.8 3.0997326388888875 2.986681156036511 1479.212 0.554 4.7434694243835756 23401
380 29.5 3.2085559322033923 7.928756960482332 1479.212 0.554 4.72348562624003 23689
390 31.3 2.5639712460063873 2.86681284707106 1479.212 0.554 4.7048521931287555 23984
400 10.6 1.7485188679245276 1.9382467044676872 1479.212 0.554 4.67727283203688 24297
410 0.5 1.0746000000000002 0.06015180795287864 1479.212 0.554 4.664551120763843 24403
412 0 0 0 1479.212 0.554 4.663815716158639 24408
