0 0.1 3517.60546875 0 3517.60546875 3517.60546875 0 0
10 0.1 3518.2578125 0.0 3518.2578125 3517.60546875 3517.60546875 1
20 0.1 3517.01953125 0.0 3518.2578125 3517.01953125 3517.931640625 2
30 0.1 3513.71484375 0.0 3518.2578125 3513.71484375 3517.6276041666665 3
40 0.1 3503.15234375 0.0 3518.2578125 3503.15234375 3516.6494140625 4
50 0.1 3496.03515625 0.0 3518.2578125 3496.03515625 3513.95 5
60 0.1 3492.48828125 0.0 3518.2578125 3492.48828125 3510.9641927083335 6
70 0.1 3484.18359375 0.0 3518.2578125 3484.18359375 3508.324776785714 7
80 0.1 3475.1875 0.0 3518.2578125 3475.1875 3505.30712890625 8
90 0.1 3460.49609375 0.0 3518.2578125 3460.49609375 3501.960503472222 9
100 0.1 3456.8515625 0.0 3518.2578125 3456.8515625 3497.8140625 10
110 0.1 3443.24609375 0.0 3518.2578125 3443.24609375 3494.0901988636365 11
120 0.1 3443.47265625 0.0 3518.2578125 3443.24609375 3489.8531901041665 12
130 0.1 3441.609375 0.0 3518.2578125 3441.609375 3486.285456730769 13
140 0.1 3440.9375 0.0 3518.2578125 3440.9375 3483.094308035714 14
150 0.1 3440.55078125 0.0 3518.2578125 3440.55078125 3480.2838541666665 15
160 0.1 3439.296875 0.0 3518.2578125 3439.296875 3477.800537109375 16
170 0.1 3438.640625 0.0 3518.2578125 3438.640625 3475.5356158088234 17
180 0.1 3438.0234375 0.0 3518.2578125 3438.0234375 3473.485894097222 18
190 0.1 3423.90625 0.0 3518.2578125 3423.90625 3471.619449013158 19
200 0.1 3422.7890625 0.0 3518.2578125 3422.7890625 3469.2337890625 20
210 0.1 3422.01953125 0.0 3518.2578125 3422.01953125 3467.0221354166665 21
220 0.1 3421.5859375 0.0 3518.2578125 3421.5859375 3464.9765625 22
230 0.1 3421.02734375 0.0 3518.2578125 3421.02734375 3463.0900135869565 23
240 0.1 3419.37890625 0.0 3518.2578125 3419.37890625 3461.33740234375 24
250 0.1 3416.60546875 0.0 3518.2578125 3416.60546875 3459.6590625 25
260 0.1 3403.875 0.0 3518.2578125 3403.875 3458.003155048077 26
270 0.1 3401.88671875 0.0 3518.2578125 3401.88671875 3455.998408564815 27
280 0.1 3402.0546875 0.0 3518.2578125 3401.88671875 3454.065848214286 28
290 0.1 3401.3203125 0.0 3518.2578125 3401.3203125 3452.272359913793 29
300 0.1 3400.9375 0.0 3518.2578125 3400.9375 3450.5739583333334 30
310 0.1 3400.3984375 0.0 3518.2578125 3400.3984375 3448.9727822580644 31
320 0.1 3399.49609375 0.0 3518.2578125 3399.49609375 3447.454833984375 32
330 0.1 3399.00390625 0.0 3518.2578125 3399.00390625 3446.0015388257575 33
340 0.1 3398.12109375 0.0 3518.2578125 3398.12109375 3444.619255514706 34
350 0.1 3398.72265625 0.0 3518.2578125 3398.12109375 3443.2907366071427 35
360 0.1 3399.5546875 0.0 3518.2578125 3398.12109375 3442.052734375 36
370 0.1 3399.61328125 0.0 3518.2578125 3398.12109375 3440.9041385135133 37
380 0.1 3399.65625 0.0 3518.2578125 3398.12109375 3439.8175370065787 38
390 0.1 3399.421875 0.0 3518.2578125 3398.12109375 3438.7877604166665 39
400 0.1 3400.16015625 0.0 3518.2578125 3398.12109375 3437.80361328125 40
410 0.1 3401.546875 0.0 3518.2578125 3398.12109375 3436.885480182927 41
412 0.1 3403.09765625 0.0 3518.2578125 3398.12109375 3436.0440848214284 42
