0 0.1 0.01171875 0 0.01171875 0.01171875 0 0
10 0.1 0.0 0.0 0.01171875 0.0 0.01171875 1
20 0.1 0.0 0.0 0.01171875 0.0 0.005859375 2
30 0.1 0.0 0.0 0.01171875 0.0 0.00390625 3
40 0.1 0.0 0.0 0.01171875 0.0 0.0029296875 4
50 0.1 0.0 0.0 0.01171875 0.0 0.00234375 5
60 0.1 0.0 0.0 0.01171875 0.0 0.001953125 6
70 0.1 0.0 0.0 0.01171875 0.0 0.0016741071428571428 7
80 0.1 0.0 0.0 0.01171875 0.0 0.00146484375 8
90 0.1 0.078125 0.0 0.078125 0.0 0.0013020833333333333 9
100 0.1 0.0703125 0.0 0.078125 0.0 0.008984375 10
110 0.1 0.12890625 0.0 0.12890625 0.0 0.01455965909090909 11
120 0.1 0.109375 0.0 0.12890625 0.0 0.024088541666666668 12
130 0.1 0.23828125 0.0 0.23828125 0.0 0.03064903846153846 13
140 0.1 0.19921875 0.0 0.23828125 0.0 0.04547991071428571 14
150 0.1 0.171875 0.0 0.23828125 0.0 0.05572916666666667 15
160 0.1 0.140625 0.0 0.23828125 0.0 0.06298828125 16
170 0.1 0.12109375 0.0 0.23828125 0.0 0.06755514705882353 17
180 0.1 0.1015625 0.0 0.23828125 0.0 0.0705295138888889 18
190 0.1 0.08984375 0.0 0.23828125 0.0 0.07216282894736842 19
200 0.1 0.0703125 0.0 0.23828125 0.0 0.073046875 20
210 0.1 0.140625 0.0 0.23828125 0.0 0.07291666666666667 21
220 0.1 0.12109375 0.0 0.23828125 0.0 0.07599431818181818 22
230 0.1 0.1015625 0.0 0.23828125 0.0 0.07795516304347826 23
240 0.1 0.078125 0.0 0.23828125 0.0 0.07893880208333333 24
250 0.1 0.0703125 0.0 0.23828125 0.0 0.07890625 25
260 0.1 0.05859375 0.0 0.23828125 0.0 0.07857572115384616 26
270 0.1 0.12890625 0.0 0.23828125 0.0 0.07783564814814815 27
280 0.1 0.109375 0.0 0.23828125 0.0 0.07965959821428571 28
290 0.1 0.08984375 0.0 0.23828125 0.0 0.08068426724137931 29
300 0.1 0.078125 0.0 0.23828125 0.0 0.08098958333333334 30
310 0.1 0.0703125 0.0 0.23828125 0.0 0.08089717741935484 31
320 0.1 0.05859375 0.0 0.23828125 0.0 0.08056640625 32
330 0.1 0.12109375 0.0 0.23828125 0.0 0.07990056818181818 33
340 0.1 0.1015625 0.0 0.23828125 0.0 0.08111213235294118 34
350 0.1 0.08984375 0.0 0.23828125 0.0 0.08169642857142857 35
360 0.1 0.0703125 0.0 0.23828125 0.0 0.08192274305555555 36
370 0.1 0.05859375 0.0 0.23828125 0.0 0.0816089527027027 37
380 0.1 0.05078125 0.0 0.23828125 0.0 0.08100328947368421 38
390 0.1 0.0390625 0.0 0.23828125 0.0 0.08022836538461539 39
400 0.1 0.0390625 0.0 0.23828125 0.0 0.07919921875000001 40
410 0.1 0.03125 0.0 0.23828125 0.0 0.07822027439024391 41
412 0.1 0.01953125 0.0 0.23828125 0.0 0.07710193452380953 42
