10 0.1 623 0 623 623 0 0
20 0.1 795.0 0.0 795 623 623.0 1
30 0.1 757.0 0.0 795 623 709.0 2
40 0.1 1420.0 0.0 1420 623 725.0 3
50 0.1 1692.0 0.0 1692 623 898.75 4
60 0.1 1551.0 0.0 1692 623 1057.4 5
70 0.1 2166.0 0.0 2166 623 1139.6666666666667 6
80 0.1 2453.0 0.0 2453 623 1286.2857142857142 7
90 0.1 2762.0 0.0 2762 623 1432.125 8
100 0.1 3420.0 0.0 3420 623 1579.888888888889 9
110 0.1 3770.0 0.0 3770 623 1763.9 10
120 0.1 3579.0 0.0 3770 623 1946.2727272727273 11
130 0.1 4254.0 0.0 4254 623 2082.3333333333335 12
140 0.1 4498.0 0.0 4498 623 2249.3846153846152 13
150 0.1 4328.0 0.0 4498 623 2410.0 14
160 0.1 4519.0 0.0 4519 623 2537.866666666667 15
170 0.1 5157.0 0.0 5157 623 2661.6875 16
180 0.1 5209.0 0.0 5209 623 2808.470588235294 17
190 0.1 5364.0 0.0 5364 623 2941.8333333333335 18
200 0.1 5360.0 0.0 5364 623 3069.315789473684 19
210 0.1 5754.0 0.0 5754 623 3183.85 20
220 0.1 6425.0 0.0 6425 623 3306.2380952380954 21
230 0.1 6540.0 0.0 6540 623 3448.0 22
240 0.1 6868.0 0.0 6868 623 3582.4347826086955 23
250 0.1 7560.0 0.0 7560 623 3719.3333333333335 24
260 0.1 7499.0 0.0 7560 623 3872.96 25
270 0.1 7868.0 0.0 7868 623 4012.423076923077 26
280 0.1 7996.0 0.0 7996 623 4155.222222222223 27
290 0.1 8044.0 0.0 8044 623 4292.392857142858 28
300 0.1 8359.0 0.0 8359 623 4421.758620689656 29
310 0.1 8949.0 0.0 8949 623 4553.0 30
320 0.1 9198.0 0.0 9198 623 4694.806451612903 31
330 0.1 9330.0 0.0 9330 623 4835.53125 32
340 0.1 4976.0 0.0 9330 623 4971.727272727273 33
350 0.1 4280.0 0.0 9330 623 4971.85294117647 34
360 0.1 4107.0 0.0 9330 623 4952.085714285714 35
370 0.1 2999.0 0.0 9330 623 4928.611111111111 36
380 0.1 2698.0 0.0 9330 623 4876.459459459459 37
390 0.1 2741.0 0.0 9330 623 4819.131578947368 38
400 0.1 2866.0 0.0 9330 623 4765.846153846154 39
410 0.1 1434.0 0.0 9330 623 4718.35 40
412 0.1 239.0 0.0 9330 239 4638.243902439024 41
