0 15.3 21.079712418300648 13.05411970316215 121.575 7.413 0 0
10 19 100.46235263157901 85.93599231935647 405.304 7.413 21.079712418300648 153
20 23.3 94.38640772532187 256.1983242455932 1671.305 7.413 65.05260349854231 343
30 32.6 50.81482208588957 40.30007524181508 1671.305 7.413 76.91853472222223 576
40 40.3 41.26272456575683 29.587283541763547 1671.305 7.413 67.48415521064302 902
50 39.4 89.37871319796953 95.68733585637568 1671.305 7.413 59.386655938697324 1305
60 47.8 365.9586150627612 239.94553255073723 1671.305 7.413 66.3418475573867 1699
70 52.3 901.1411969407266 202.16593245009489 1671.305 7.413 132.1281658245291 2177
80 52.7 1892.388540796964 301.6548605045078 2514.357 7.413 281.0888381481481 2700
90 71.8 1991.1105167130893 1330.1048780296112 3423.874 0.519 544.2295085218468 3227
100 88.7 1805.3492525366394 1648.4899954671848 3732.415 0.519 807.5655196451198 3945
110 82.7 1958.016669891171 1640.2140712699827 3732.415 0.502 990.7265649834429 4832
120 83.1 1900.234920577615 1522.172444313439 3732.415 0.502 1132.0852708959171 5659
130 104.3 1589.7485254074813 1542.7865341777244 3732.415 0.502 1230.4415665639433 6490
140 105 1492.2610266666663 1472.7415864396492 3732.415 0.502 1280.1902932430633 7533
150 97.3 1664.0561849948588 1556.1954702686105 3732.415 0.502 1306.1339341722003 8583
160 120.4 1341.3036129568109 1513.002512424737 3732.415 0.502 1342.5778803892833 9556
170 126.1 1281.3253362410778 1497.7566621256155 3732.415 0.502 1342.4352950743487 10760
180 133 1197.3953285714292 1415.2026190375639 3732.415 0.502 1336.0248751351794 12021
190 134.8 1222.6948234421386 1471.4545525021324 3732.415 0.502 1322.2148761141482 13351
200 134.1 1200.003618195375 1426.1197911824393 3732.415 0.502 1313.0881987210012 14699
210 156.5 1024.0008664536733 1418.8307774271805 3732.415 0.502 1303.6339329800494 16040
220 153.9 981.0899740090967 1369.1301767562693 3732.415 0.48 1278.775895541039 17605
230 161.4 1008.3864361833947 1424.0508547101572 3732.415 0.48 1254.8447090994562 19144
240 167.1 975.406078994614 1422.7817606769036 3732.415 0.48 1235.6818007033428 20758
250 180 887.743752222223 1408.0632953056552 3732.415 0.48 1216.2908010611256 22429
260 189 866.2256582010589 1369.642210771739 3732.415 0.48 1191.8826666804237 24229
270 186.3 863.1760198604406 1437.8418815618188 3743.569 0.48 1168.3177619740416 26119
280 184.8 872.8586390692623 1398.9962292795874 3743.569 0.48 1148.0018779929953 27982
290 199.7 810.7758607911842 1315.0595997810783 3743.569 0.48 1130.9564637948372 29830
300 217 747.0967562211989 1327.3126061655653 3743.569 0.48 1110.8665821158131 31827
310 220.6 738.5531219401624 1305.5605171519314 3743.569 0.48 1087.647459187575 33997
320 224.1 710.1246131191451 1263.370360640691 3743.569 0.48 1066.3756831478051 36203
330 134.6 1209.548907132242 1558.0819801895882 3743.569 0.48 1045.6088886432212 38444
340 107 1527.0760411214947 1532.5053102307415 3743.569 0.48 1051.1545851721535 39790
350 106.9 1475.6257072029953 1528.0439923763447 3743.569 0.48 1063.6175307880565 40860
360 80.7 2026.110130111526 1332.855000562095 3743.569 0.48 1074.1218771971664 41929
370 67.1 1641.2222622950824 925.3995088721437 3743.569 0.48 1092.0986302882814 42736
380 65.1 87.98706912442388 96.75407977658121 3743.569 0.48 1100.5871680143755 43407
390 60.3 117.42755721393027 111.90913864030598 3743.569 0.48 1085.6250121203868 44058
400 41.9 20.628704057279244 17.573112322930367 3743.569 0.48 1072.5526880499765 44661
410 11.6 11.19608620689654 4.530586710443166 3743.569 0.48 1062.7754886424136 45080
412 0.5 9.882200000000001 0.2323337254898651 3743.569 0.48 1060.0765061952386 45196
