10 0.1 671 0 671 671 0 0
20 0.1 786.0 0.0 786 671 671.0 1
30 0.1 760.0 0.0 786 671 728.5 2
40 0.1 1449.0 0.0 1449 671 739.0 3
50 0.1 1734.0 0.0 1734 671 916.5 4
60 0.1 1581.0 0.0 1734 671 1080.0 5
70 0.1 2176.0 0.0 2176 671 1163.5 6
80 0.1 2490.0 0.0 2490 671 1308.142857142857 7
90 0.1 2648.0 0.0 2648 671 1455.875 8
100 0.1 3430.0 0.0 3430 671 1588.3333333333333 9
110 0.1 3963.0 0.0 3963 671 1772.5 10
120 0.1 3773.0 0.0 3963 671 1971.6363636363637 11
130 0.1 4505.0 0.0 4505 671 2121.75 12
140 0.1 4784.0 0.0 4784 671 2305.076923076923 13
150 0.1 4643.0 0.0 4784 671 2482.1428571428573 14
160 0.1 4795.0 0.0 4795 671 2626.2 15
170 0.1 5533.0 0.0 5533 671 2761.75 16
180 0.1 5730.0 0.0 5730 671 2924.764705882353 17
190 0.1 5989.0 0.0 5989 671 3080.6111111111113 18
200 0.1 5822.0 0.0 5989 671 3233.684210526316 19
210 0.1 6289.0 0.0 6289 671 3363.1 20
220 0.1 7212.0 0.0 7212 671 3502.4285714285716 21
230 0.1 7194.0 0.0 7212 671 3671.0454545454545 22
240 0.1 7477.0 0.0 7477 671 3824.217391304348 23
250 0.1 8375.0 0.0 8375 671 3976.4166666666665 24
260 0.1 8339.0 0.0 8375 671 4152.36 25
270 0.1 8790.0 0.0 8790 671 4313.384615384615 26
280 0.1 8960.0 0.0 8960 671 4479.185185185185 27
290 0.1 8991.0 0.0 8991 671 4639.214285714285 28
300 0.1 9388.0 0.0 9388 671 4789.275862068966 29
310 0.1 10047.0 0.0 10047 671 4942.566666666667 30
320 0.1 10363.0 0.0 10363 671 5107.225806451613 31
330 0.1 10507.0 0.0 10507 671 5271.46875 32
340 0.1 5965.0 0.0 10507 671 5430.121212121212 33
350 0.1 5484.0 0.0 10507 671 5445.85294117647 34
360 0.1 5215.0 0.0 10507 671 5446.942857142857 35
370 0.1 3727.0 0.0 10507 671 5440.5 36
380 0.1 3285.0 0.0 10507 671 5394.189189189189 37
390 0.1 3393.0 0.0 10507 671 5338.684210526316 38
400 0.1 3.4e3 0.0 10507 671 5288.794871794872 39
410 0.1 1876.0 0.0 10507 671 5241.575 40
412 0.1 369.0 0.0 10507 369 5159.487804878048 41
