30 1.9 35169.93305263158 63.776853061010414 35316.599 35062.873 0 0
40 5.5 35152.715218181846 83.25713956339492 35491.522 35054.604 35169.93305263158 19
50 4.7 35193.883851063816 100.03829382323039 35610.8 35054.604 35157.13601351353 74
60 6.1 35699.082983606546 386.87720063927316 37193.401 35054.604 35171.409966942156 121
70 7.6 36617.34606578947 314.8798825345295 37301.261 35054.604 35348.267406593404 182
80 8.4 52103.5363452381 20679.271630059215 83500.869 35054.604 35722.104531007746 258
90 10.9 54588.136853211035 21194.89672016458 85918.182 35054.604 39745.6140994152 342
100 16.8 52153.36091071429 20291.461163581018 86782.991 35054.604 43332.8313503326 451
110 16.9 57108.59110650891 21239.35303164001 87265.282 35054.604 45726.77152180938 619
120 17 61137.032888235306 21376.00718175898 87265.282 35012.824 48167.79628045687 788
130 19 53973.56071052629 20554.469250875933 87265.282 35009.637 50469.22657620044 958
140 21.1 57104.07274407581 21540.53089555552 87265.282 35009.167 51049.212190766564 1148
150 19.8 56201.784868686904 21587.140705406084 88292.123 35009.167 51989.29723620309 1359
160 24 56170.89587916668 22850.363903943267 90771.367 35006.713 52524.989305073876 1557
170 26.4 57689.26489393941 23668.47850008752 93724.514 35006.713 53011.92173567058 1797
180 29.9 61874.699448160514 24384.32898901764 95878.845 35006.713 53611.057394953925 2061
190 27 60463.51141851854 24442.26938105131 96166.388 35006.713 54658.018824576284 2360
200 27.7 58562.172588447655 24768.31131800151 96166.388 35006.713 55254.01996539925 2630
210 34.6 61972.747294797664 24268.802202255247 96166.388 35006.713 55569.24469074649 2907
220 34.7 58575.10859365994 24122.069893309817 96166.388 35006.713 56250.342723639726 3253
230 32.4 61228.580833333326 24338.07523590867 96166.388 35006.713 56474.424322777784 3600
240 36 59422.607402777816 23919.38431702542 96166.388 35006.713 56866.96935575944 3924
250 40.4 58688.46029702977 23719.737432180053 96166.388 35006.713 57081.72885550888 4284
260 43.2 58782.672541666725 23710.895213447144 96166.388 35006.713 57220.19291318261 4688
270 42.5 60249.20416941172 23783.086616003126 96166.388 35006.584 57352.02713183597 5120
280 43 59218.36345348838 23645.05942902728 96166.388 35006.584 57574.083081514895 5545
290 46.1 60060.06100216915 23332.698196770696 96166.388 35006.584 57692.41622962345 5975
300 47.6 58123.22183193281 23273.022129555717 96166.388 35006.584 57862.00669577379 6436
310 52.3 60080.15548565968 23549.771423445687 96166.388 35006.584 57879.99546961807 6912
320 50.3 58762.728471173024 23540.150757779447 96166.388 35006.584 58034.761264963025 7435
330 48.1 59134.83624532223 23233.285135614857 96166.388 35006.584 58080.88969841271 7938
340 52.8 59363.76638825755 23371.016878909973 96166.388 35006.584 58141.10448509325 8419
350 52.7 59381.03569829221 23228.472696127224 96166.388 35006.584 58213.25889270147 8947
360 48.1 62329.275320166365 23528.205024479703 96175.709 35006.584 58278.217556048134 9474
370 31.7 80246.83292113575 15034.772576699605 96175.709 35006.584 58473.95424962331 9955
380 35.4 83685.80440677966 3014.22825486185 96175.709 35006.584 59145.87817279985 10272
390 29.6 82417.09396283777 3200.4675241818013 96175.709 35006.584 59963.41382938077 10626
400 31 82264.75060645159 2781.6053290230398 96175.709 35006.584 60571.93693133126 10922
410 10.4 85312.88076923075 3600.2387142807765 96175.709 35006.584 61170.652408475784 11232
412 0.5 89759.55919999999 85.26207993568754 96175.709 35006.584 61392.14074206069 11336
