0 64.9578125 64.9578125
10 78.80078125 143.75859375
20 104.22109375 247.9796875
30 172.33046875 420.31015625
40 225.15 645.46015625
50 217.15625 862.61640625
60 245.08515625 1107.7015625
70 302.128125 1409.8296875
80 307.92734375 1717.75703125
90 343.1796875 2060.93671875
100 403.68203125 2464.61875
110 358.578125 2823.196875
120 371.24296875 3194.43984375
130 457.41796875 3651.8578125
140 437.08984375 4088.94765625
150 434.528125 4523.47578125
160 514.3921875 5037.86796875
170 512.48125 5550.34921875
180 517.896875 6068.24609375
190 519.42734375 6587.6734375
200 548.18671875 7135.86015625
210 548.9265625 7684.78671875
220 565.28046875 8250.0671875
230 588.42265625 8838.48984375
240 642.784375 9481.27421875
250 641.53203125 10122.80625
260 674.66796875 10797.47421875
270 637.14921875 11434.6234375
280 646.35078125 12080.97421875
290 706.415625 12787.38984375
300 752.3390625 13539.72890625
310 738.77734375 14278.50625
320 750.23359375 15028.73984375
330 580.95390625 15609.69375
340 586.4140625 16196.1078125
350 597.4703125 16793.578125
360 493.22109375 17286.79921875
370 544.6015625 17831.40078125
380 443.0140625 18274.41484375
390 436.7484375 18711.16328125
400 150.64296875 18861.80625
410 14.3484375 18876.1546875
412 0.51171875 18876.66640625
