0 0.1 0.16015625 0 0.16015625 0.16015625 0 0
10 0.1 0.12890625 0.0 0.16015625 0.12890625 0.16015625 1
20 0.1 0.109375 0.0 0.16015625 0.109375 0.14453125 2
30 0.1 0.1015625 0.0 0.16015625 0.1015625 0.1328125 3
40 0.1 0.078125 0.0 0.16015625 0.078125 0.125 4
50 0.1 0.0703125 0.0 0.16015625 0.0703125 0.115625 5
60 0.1 0.05859375 0.0 0.16015625 0.05859375 0.10807291666666667 6
70 0.1 0.05078125 0.0 0.16015625 0.05078125 0.10100446428571429 7
80 0.1 0.0390625 0.0 0.16015625 0.0390625 0.0947265625 8
90 0.1 0.03125 0.0 0.16015625 0.03125 0.08854166666666667 9
100 0.1 0.03125 0.0 0.16015625 0.03125 0.0828125 10
110 0.1 0.01953125 0.0 0.16015625 0.01953125 0.078125 11
120 0.1 0.01953125 0.0 0.16015625 0.01953125 0.0732421875 12
130 0.1 0.01953125 0.0 0.16015625 0.01953125 0.06911057692307693 13
140 0.1 0.01171875 0.0 0.16015625 0.01171875 0.06556919642857142 14
150 0.1 0.16015625 0.0 0.16015625 0.01171875 0.06197916666666667 15
160 0.1 0.12890625 0.0 0.16015625 0.01171875 0.068115234375 16
170 0.1 0.109375 0.0 0.16015625 0.01171875 0.07169117647058823 17
180 0.1 0.171875 0.0 0.171875 0.01171875 0.07378472222222222 18
190 0.1 0.1484375 0.0 0.171875 0.01171875 0.07894736842105263 19
200 0.1 0.12109375 0.0 0.171875 0.01171875 0.082421875 20
210 0.1 0.1015625 0.0 0.171875 0.01171875 0.08426339285714286 21
220 0.1 0.08984375 0.0 0.171875 0.01171875 0.08504971590909093 22
230 0.1 0.0703125 0.0 0.171875 0.01171875 0.08525815217391307 23
240 0.1 0.05859375 0.0 0.171875 0.01171875 0.0846354166666667 24
250 0.1 0.05078125 0.0 0.171875 0.01171875 0.08359375000000004 25
254 0.1 0.0390625 0.0 0.171875 0.01171875 0.08233173076923081 26
