0 1.2 45.26425 43.030507757336146 176.421 14.939 0 0
10 0.9 30.455666666666666 16.38600452283052 176.421 14.676 45.26425 12
20 1 97.4738 99.13959554164018 284.288 14.676 38.91771428571428 21
30 1.9 31.61747368421052 15.673267849794847 284.288 8.638 57.80677419354838 31
40 1.2 37.40816666666666 14.227753956225449 284.288 8.638 47.854839999999996 50
50 2 44.258250000000004 18.91099523260211 284.288 8.638 45.83290322580644 62
60 2.6 31.062923076923077 15.618475762632187 284.288 8.638 45.448841463414624 82
70 2.3 33.35104347826087 17.223371831873663 284.288 8.638 41.98556481481481 108
80 4.1 42.72504878048779 22.278989813713988 284.288 8.638 40.469580152671746 131
90 4.7 34.706595744680854 15.521303938231497 284.288 7.782 41.00722093023255 172
100 5 34.34778000000002 15.310186516551653 284.288 7.782 39.65503196347031 219
110 4.4 36.15040909090909 14.681644050121319 284.288 7.782 38.66855390334572 269
120 4.8 34.37589583333335 19.218863320792824 284.288 7.721 38.31456549520767 313
130 4.3 36.566069767441874 14.261999397317544 284.288 7.721 37.79086426592798 361
140 5.9 32.92281355932203 15.82814285654744 284.288 7.341 37.660502475247526 404
150 7.8 36.535846153846144 15.08710679395585 284.288 7.249 37.056779697624194 463
160 3.1 34.157838709677414 15.182955333248028 284.288 7.249 36.981672828096116 541
170 3.2 35.07259375000001 5.909606706770844 284.288 7.249 36.82863286713287 572
180 4.4 33.357045454545464 7.155668563372884 284.288 7.249 36.735597682119206 604
190 2.5 29.763199999999998 5.887014605043886 284.288 7.249 36.50618981481481 648
200 1.5 25.62826666666667 0.8384559989780163 284.288 7.249 36.2557072808321 673
210 1.6 27.175125000000005 2.5533699760071995 284.288 7.249 36.02400436046511 688
220 0.8 27.26025 1.4964878674750428 284.288 7.249 35.82289346590909 704
230 1 26.1801 1.1615312694886877 284.288 7.249 35.726683988764044 712
240 2.1 26.817571428571426 1.6489448161787348 284.288 7.249 35.594459833795014 722
250 2.8 24.51607142857143 3.262020122655935 284.288 7.249 35.34639165545088 743
254 1.1 19.802000000000007 2.1967550448952493 284.288 7.249 34.953072632944234 771
