30 0.7 30067.195285714286 13.504950401499134 30097.759 30055.428 0 0
40 0.5 30058.440400000003 4.6528496472598695 30097.759 30055.06 30067.195285714286 7
50 0.7 30177.007999999998 129.17764521552635 30365.248 30053.752 30063.547416666668 12
60 0.9 30056.426888888884 2.2523100459760625 30365.248 30052.96 30105.348684210527 19
70 0.2 30063.401 2.8029999999998836 30365.248 30052.96 30089.62382142857 28
80 0.6 30064.94483333333 14.801099862472698 30365.248 30052.96 30087.875633333333 30
90 1.1 30059.512818181815 3.8824640446302907 30365.248 30052.96 30084.053833333335 36
100 1.7 50663.969529411756 31918.140592035794 100211.909 30052.96 30078.31019148936 47
110 1.7 46533.849352941186 29700.683308132837 100211.909 30052.104 35546.375953124996 64
120 2 40565.16925000001 25003.26743723881 100211.909 30051.569 37852.38888888889 81
130 2.3 42237.485086956505 26537.731339503083 100211.909 30051.569 38389.57311881188 101
140 1.6 51939.413562500005 32455.28372712259 100211.909 30051.569 39103.298725806446 124
150 2.7 53398.519407407395 33007.539508560716 100211.909 30051.155 40570.28327857143 140
160 1.4 50063.77392857142 31634.66217498475 100211.909 30047.807 42644.30947904192 167
170 3.2 49750.95565625 31483.093678296802 100211.909 30047.807 43218.19070718232 181
180 4.4 69846.76075 34688.230250515524 100211.909 30047.807 44199.63896244131 213
190 2.5 74871.05180000003 33610.60125594076 100211.909 30047.807 48590.58588326848 257
200 1.5 100079.20726666666 3.1234093651329977 100211.909 30047.807 50920.41442198582 282
210 1.6 100081.4943125 3.197052367389964 100211.909 30047.807 53403.181737373736 297
220 0.8 100088.744 22.97241435939642 100211.909 30047.807 55789.293562300314 313
230 1.1 100080.3800909091 4.853032219031812 100211.909 30047.807 56893.32971028036 321
240 2 100079.19820000001 4.929241195153799 100211.909 30047.807 58324.225957831324 332
250 3.2 100077.15793750001 6.563631649749405 100211.909 30047.807 60696.6675625 352
254 0.7 100075.1145714286 10.803525335446217 100211.909 30047.807 63978.37509375001 384
