0 0.1 0.8815561875774435 0 0.8815561875774435 0.8815561875774435 0 0
10 0.1 0.4008016032064128 0.0 0.8815561875774435 0.4008016032064128 0.8815561875774435 1
20 0.1 0.0 0.0 0.8815561875774435 0.0 0.6411788953919282 2
30 0.1 0.3003003003003003 0.0 0.8815561875774435 0.0 0.4274525969279521 3
40 0.1 0.499001996007984 0.0 0.8815561875774435 0.0 0.39566452277103914 4
50 0.1 0.6 0.0 0.8815561875774435 0.0 0.41633201741842807 5
60 0.1 0.4008016032064128 0.0 0.8815561875774435 0.0 0.4469433478486901 6
70 0.1 0.5020080321285141 0.0 0.8815561875774435 0.0 0.44035167004265047 7
80 0.1 0.4020100502512563 0.0 0.8815561875774435 0.0 0.4480587153033834 8
90 0.1 0.6018054162487462 0.0 0.8815561875774435 0.0 0.4429421969642582 9
100 0.1 0.802407221664995 0.0 0.8815561875774435 0.0 0.4588285188927069 10
110 0.1 1.2048192771084338 0.0 1.2048192771084338 0.0 0.49006294641746045 11
120 0.1 1.2036108324974923 0.0 1.2048192771084338 0.0 0.5496259739750415 12
130 0.1 1.1088709677419355 0.0 1.2048192771084338 0.0 0.5999325015536916 13
140 0.1 1.2072434607645874 0.0 1.2072434607645874 0.0 0.6362852491385661 14
150 0.1 1.5120967741935485 0.0 1.5120967741935485 0.0 0.6743491299136343 15
160 0.1 1.513622603430878 0.0 1.513622603430878 0.0 0.7267083576811288 16
170 0.1 1.5197568389057752 0.0 1.5197568389057752 0.0 0.7729974309605259 17
180 0.1 2.131979695431472 0.0 2.131979695431472 0.0 0.8144840647352619 18
190 0.1 4.632426988922457 0.0 4.632426988922457 0.0 0.8838259400350624 19
200 0.1 3.4274193548387095 0.0 4.632426988922457 0.0 1.0712559924794323 20
210 0.1 3.7449392712550607 0.0 4.632426988922457 0.0 1.183454247829874 21
220 0.1 3.783231083844581 0.0 4.632426988922457 0.0 1.2998853852582914 22
230 0.1 6.471183013144591 0.0 6.471183013144591 0.0 1.4078569373707388 23
240 0.1 5.182926829268292 0.0 6.471183013144591 0.0 1.6188288571946492 24
250 0.1 4.208416833667335 0.0 6.471183013144591 0.0 1.761392776077595 25
260 0.1 6.580259222333002 0.0 6.580259222333002 0.0 1.8555090859848926 26
270 0.1 3.939393939393939 0.0 6.580259222333002 0.0 2.0304998317755634 27
280 0.1 6.380857427716849 0.0 6.580259222333002 0.0 2.0986746213333625 28
290 0.1 2.4072216649949847 0.0 6.580259222333002 0.0 2.2463360974155515 29
294 0.1 0.5005005005005005 0.0 6.580259222333002 0.0 2.251698949668199 30
