10 0.1 111 0 111 111 0 0
20 0.1 52.0 0.0 111 52 111.0 1
30 0.1 89.0 0.0 111 52 81.5 2
40 0.1 139.0 0.0 139 52 84.0 3
50 0.1 259.0 0.0 259 52 97.75 4
60 0.1 343.0 0.0 343 52 130.0 5
70 0.1 467.0 0.0 467 52 165.5 6
80 0.1 415.0 0.0 467 52 208.57142857142858 7
90 0.1 615.0 0.0 615 52 234.375 8
100 0.1 649.0 0.0 649 52 276.6666666666667 9
110 0.1 1025.0 0.0 1025 52 313.9 10
120 0.1 994.0 0.0 1025 52 378.54545454545456 11
130 0.1 1161.0 0.0 1161 52 429.8333333333333 12
140 0.1 1270.0 0.0 1270 52 486.0769230769231 13
150 0.1 1520.0 0.0 1520 52 542.0714285714286 14
160 0.1 1717.0 0.0 1717 52 607.2666666666667 15
170 0.1 1952.0 0.0 1952 52 676.625 16
180 0.1 2145.0 0.0 2145 52 751.6470588235294 17
190 0.1 2722.0 0.0 2722 52 829.0555555555555 18
200 0.1 2951.0 0.0 2951 52 928.6842105263158 19
210 0.1 3660.0 0.0 3660 52 1029.8 20
220 0.1 4592.0 0.0 4592 52 1155.047619047619 21
230 0.1 5141.0 0.0 5141 52 1311.2727272727273 22
240 0.1 5525.0 0.0 5525 52 1477.7826086956522 23
250 0.1 4158.0 0.0 5525 52 1646.4166666666667 24
260 0.1 4548.0 0.0 5525 52 1746.88 25
270 0.1 5097.0 0.0 5525 52 1854.6153846153845 26
280 0.1 4430.0 0.0 5525 52 1974.7037037037037 27
290 0.1 2840.0 0.0 5525 52 2062.3928571428573 28
294 0.1 470.0 0.0 5525 52 2089.206896551724 29
