10 0.1 113 0 113 113 0 0
20 0.1 50.0 0.0 113 50 113.0 1
30 0.1 94.0 0.0 113 50 81.5 2
40 0.1 134.0 0.0 134 50 85.66666666666667 3
50 0.1 251.0 0.0 251 50 97.75 4
60 0.1 328.0 0.0 328 50 128.4 5
70 0.1 452.0 0.0 452 50 161.66666666666666 6
80 0.1 431.0 0.0 452 50 203.14285714285714 7
90 0.1 602.0 0.0 602 50 231.625 8
100 0.1 652.0 0.0 652 50 272.77777777777777 9
110 0.1 981.0 0.0 981 50 310.7 10
120 0.1 955.0 0.0 981 50 371.6363636363636 11
130 0.1 1128.0 0.0 1128 50 420.25 12
140 0.1 1213.0 0.0 1213 50 474.6923076923077 13
150 0.1 1477.0 0.0 1477 50 527.4285714285714 14
160 0.1 1625.0 0.0 1625 50 590.7333333333333 15
170 0.1 1893.0 0.0 1893 50 655.375 16
180 0.1 2092.0 0.0 2092 50 728.1764705882352 17
190 0.1 2732.0 0.0 2732 50 803.9444444444445 18
200 0.1 2819.0 0.0 2819 50 905.421052631579 19
210 0.1 3454.0 0.0 3454 50 1001.1 20
220 0.1 4220.0 0.0 4220 50 1117.904761904762 21
230 0.1 4708.0 0.0 4708 50 1258.909090909091 22
240 0.1 5030.0 0.0 5030 50 1408.8695652173913 23
250 0.1 3426.0 0.0 5030 50 1559.75 24
260 0.1 3753.0 0.0 5030 50 1634.4 25
270 0.1 4008.0 0.0 5030 50 1715.8846153846155 26
280 0.1 3494.0 0.0 5030 50 1800.7777777777778 27
290 0.1 2062.0 0.0 5030 50 1861.25 28
294 0.1 340.0 0.0 5030 50 1868.1724137931035 29
