30 0.2 36047.6855 98.95249999999942 36146.638 35948.733 0 0
40 0.7 35937.18885714286 42.13952852956339 36146.638 35884.325 36047.6855 2
50 0.6 51032.67316666667 79.67995238539997 51147.16 35884.325 35961.74366666666 9
60 1.8 41747.990722222225 7337.279025313449 51147.16 35811.975 41990.11546666666 15
70 0.7 42321.497428571434 7492.42141464882 51147.16 35811.975 41858.047424242424 33
80 2.3 40422.00873913044 6951.970341161901 51147.16 35765.373 41939.151175 40
90 1.9 43727.174210526326 7512.23689609221 51147.16 35752.184 41385.27377777778 63
100 4.1 42050.49456097562 7417.810216821427 51147.16 35745.915 41927.90924390244 82
110 3.2 41435.30759375 7268.966178469742 51147.16 35745.915 41968.77101626017 123
120 4 41060.1479 7166.7455850803635 51147.16 35734.76 41858.63663225807 155
130 4.9 42837.08624489795 7499.956985065575 51147.16 35728.398 41694.844071794876 195
140 5.3 40326.763452830186 6884.03900825697 51147.16 35728.398 41924.228770491805 244
150 6.4 41907.27290625001 7370.683313818428 51147.16 35728.398 41639.1592020202 297
160 6.5 41368.41687692309 7258.827616779839 51199.561 35728.398 41686.69182548476 361
170 6.9 43564.381028985496 7501.872948809781 51739.499 35728.398 41638.12874647888 426
180 7 41419.02732857143 7254.016865389102 51739.499 35457.162 41906.636640404045 495
190 9 43158.07671111112 7525.484286203545 51739.499 35457.162 41846.22486725664 565
200 11.5 41855.41003478261 7370.792024553601 51739.499 35448.631 42026.47931908398 655
210 14.4 42050.79129166669 7381.028996197882 51739.499 35448.631 42000.93001038962 770
220 16.6 42590.86849397591 7500.89490357887 51876.921 35399.816 42008.78561706785 914
230 17.6 43723.57663636363 7491.24117093839 51876.921 35399.816 42098.253911111125 1080
240 19.2 42922.01752083336 7486.190331578415 51876.921 35399.816 42326.0061401274 1256
250 22.7 42819.19973127752 7463.681156228169 52009.958 35399.816 42405.03527348068 1448
260 25.8 43235.08754263565 7498.969844426449 52358.688 35315.498 42461.16382985076 1675
270 27.2 44284.8314632353 7467.643388362344 52739.569 35315.498 42564.46042472841 1933
280 16.3 51057.68765644173 166.17387326563514 52739.569 35315.498 42776.678530158744 2205
290 5.2 50958.48990384616 99.9969509706822 52739.569 35315.498 43346.69731714528 2368
294 0 0 0 52739.569 35315.498 43510.25649669422 2420
