0 38.3265625 38.3265625
10 34.36015625 72.68671875
20 26.3453125 99.03203125
30 70.13671875 169.16875
40 139.89765625 309.06640625
50 177.49375 486.56015625
60 270.57890625 757.1390625
70 193.35625 950.4953125
80 390.071875 1340.5671875
90 357.52890625 1698.09609375
100 571.92578125 2270.021875
110 507.88515625 2777.90703125
120 701.90234375 3479.809375
130 670.31171875 4150.12109375
140 886.78984375 5036.9109375
150 962.51484375 5999.42578125
160 1080.23203125 7079.6578125
170 1144.09609375 8223.75390625
180 1307.07578125 9530.8296875
190 1543.77421875 11074.60390625
200 1765.17734375 12839.78125
210 2097.4109375 14937.1921875
220 2521.834375 17459.0265625
230 2752.6046875 20211.63125
240 2343.26796875 22554.89921875
250 2461.2296875 25016.12890625
260 2759.3078125 27775.43671875
270 2597.9390625 30373.37578125
280 1199.29765625 31572.6734375
290 309.50546875 31882.17890625
294 0 31882.17890625
