0 0.1 1.7596003572225942 0 1.7596003572225942 1.7596003572225942 0 0
10 0.1 0.6012024048096193 0.0 1.7596003572225942 0.6012024048096193 1.7596003572225942 1
20 0.1 0.2008032128514056 0.0 1.7596003572225942 0.2008032128514056 1.1804013810161067 2
30 0.1 0.4995004995004995 0.0 1.7596003572225942 0.2008032128514056 0.8538686582945396 3
40 0.1 0.4008016032064128 0.0 1.7596003572225942 0.2008032128514056 0.7652766185960296 4
50 0.1 0.30120481927710846 0.0 1.7596003572225942 0.2008032128514056 0.6923816155181062 5
60 0.1 0.7007007007007007 0.0 1.7596003572225942 0.2008032128514056 0.6271854828112732 6
70 0.1 0.6018054162487462 0.0 1.7596003572225942 0.2008032128514056 0.6376876567954771 7
80 0.1 0.6024096385542169 0.0 1.7596003572225942 0.2008032128514056 0.6332023767271358 8
90 0.1 1.1077542799597182 0.0 1.7596003572225942 0.2008032128514056 0.6297809613745893 9
100 0.1 1.411290322580645 0.0 1.7596003572225942 0.2008032128514056 0.6775782932331021 10
110 0.1 1.503006012024048 0.0 1.7596003572225942 0.2008032128514056 0.7442793868101515 11
120 0.1 1.8072289156626504 0.0 1.8072289156626504 0.2008032128514056 0.8075066055779763 12
130 0.1 4.028197381671702 0.0 4.028197381671702 0.2008032128514056 0.8844083217383358 13
140 0.1 3.911735205616851 0.0 4.028197381671702 0.2008032128514056 1.1089646831621476 14
150 0.1 2.1169354838709675 0.0 4.028197381671702 0.2008032128514056 1.2958160513257944 15
160 0.1 1.9114688128772637 0.0 4.028197381671702 0.2008032128514056 1.3471360158598678 16
170 0.1 1.8329938900203666 0.0 4.028197381671702 0.2008032128514056 1.380332062743244 17
180 0.1 2.721774193548387 0.0 4.028197381671702 0.2008032128514056 1.4054799420364175 18
190 0.1 2.730030333670374 0.0 4.028197381671702 0.2008032128514056 1.474758586852837 19
200 0.1 4.42211055276382 0.0 4.42211055276382 0.2008032128514056 1.537522174193714 20
210 0.1 3.939393939393939 0.0 4.42211055276382 0.2008032128514056 1.6748835255541952 21
220 0.1 3.462321792260693 0.0 4.42211055276382 0.2008032128514056 1.7778158170923652 22
230 0.1 4.4579533941236065 0.0 4.4579533941236065 0.2008032128514056 1.8510552073170752 23
240 0.1 4.36105476673428 0.0 4.4579533941236065 0.2008032128514056 1.9596759651006808 24
250 0.1 4.527162977867203 0.0 4.527162977867203 0.2008032128514056 2.0557311171660246 25
260 0.1 3.406813627254509 0.0 4.527162977867203 0.2008032128514056 2.1507861887314546 26
270 0.1 4.404404404404405 0.0 4.527162977867203 0.2008032128514056 2.1973057234915676 27
280 0.1 3.0364372469635628 0.0 4.527162977867203 0.2008032128514056 2.2761306763813116 28
290 0.1 2.3162134944612287 0.0 4.527162977867203 0.2008032128514056 2.3023481443324236 29
300 0.1 2.2267206477732793 0.0 4.527162977867203 0.2008032128514056 2.3028103226700503 30
310 0.1 2.716297786720322 0.0 4.527162977867203 0.2008032128514056 2.300355817028219 31
320 0.1 1.7189079878665317 0.0 4.527162977867203 0.2008032128514056 2.313354003581097 32
330 0.1 1.9076305220883536 0.0 4.527162977867203 0.2008032128514056 2.295340487953383 33
340 0.1 0.7042253521126761 0.0 4.527162977867203 0.2008032128514056 2.283937253663235 34
347 0.1 1.097804391217565 0.0 4.527162977867203 0.2008032128514056 2.2388026279046476 35
