0 0.1 3512.3125 0 3512.3125 3512.3125 0 0
10 0.1 3514.19921875 0.0 3514.19921875 3512.3125 3512.3125 1
20 0.1 3516.828125 0.0 3516.828125 3512.3125 3513.255859375 2
30 0.1 3516.5078125 0.0 3516.828125 3512.3125 3514.4466145833335 3
40 0.1 3515.5625 0.0 3516.828125 3512.3125 3514.9619140625 4
50 0.1 3513.75390625 0.0 3516.828125 3512.3125 3515.08203125 5
60 0.1 3512.93359375 0.0 3516.828125 3512.3125 3514.8606770833335 6
70 0.1 3512.09765625 0.0 3516.828125 3512.09765625 3514.585379464286 7
80 0.1 3510.53125 0.0 3516.828125 3510.53125 3514.2744140625 8
90 0.1 3506.34765625 0.0 3516.828125 3506.34765625 3513.8585069444443 9
100 0.1 3503.984375 0.0 3516.828125 3503.984375 3513.107421875 10
110 0.1 3503.09765625 0.0 3516.828125 3503.09765625 3512.2780539772725 11
120 0.1 3499.5390625 0.0 3516.828125 3499.5390625 3511.5130208333335 12
130 0.1 3490.75 0.0 3516.828125 3490.75 3510.5919471153848 13
140 0.1 3489.375 0.0 3516.828125 3489.375 3509.1746651785716 14
150 0.1 3488.6015625 0.0 3516.828125 3488.6015625 3507.8546875 15
160 0.1 3487.79296875 0.0 3516.828125 3487.79296875 3506.6513671875 16
170 0.1 3486.56640625 0.0 3516.828125 3486.56640625 3505.542049632353 17
180 0.1 3471.03515625 0.0 3516.828125 3471.03515625 3504.487847222222 18
190 0.1 3454.65625 0.0 3516.828125 3454.65625 3502.727179276316 19
200 0.1 3451.0546875 0.0 3516.828125 3451.0546875 3500.3236328125 20
210 0.1 3447.875 0.0 3516.828125 3447.875 3497.977492559524 21
220 0.1 3445.984375 0.0 3516.828125 3445.984375 3495.700106534091 22
230 0.1 3445.2578125 0.0 3516.828125 3445.2578125 3493.5385529891305 23
240 0.1 3444.3828125 0.0 3516.828125 3444.3828125 3491.52685546875 24
250 0.1 3444.05859375 0.0 3516.828125 3444.05859375 3489.64109375 25
260 0.1 3432.80859375 0.0 3516.828125 3432.80859375 3487.887920673077 26
270 0.1 3420.5234375 0.0 3516.828125 3420.5234375 3485.8479456018517 27
280 0.1 3420.02734375 0.0 3516.828125 3420.02734375 3483.5149274553573 28
290 0.1 3419.33203125 0.0 3516.828125 3419.33203125 3481.3257004310344 29
300 0.1 3418.7109375 0.0 3516.828125 3418.7109375 3479.259244791667 30
310 0.1 3427.01171875 0.0 3516.828125 3418.7109375 3477.3060735887098 31
320 0.1 3426.8515625 0.0 3516.828125 3418.7109375 3475.734375 32
330 0.1 3426.09765625 0.0 3516.828125 3418.7109375 3474.253077651515 33
340 0.1 3425.90625 0.0 3516.828125 3418.7109375 3472.836741727941 34
347 0.1 3425.94140625 0.0 3516.828125 3418.7109375 3471.4958705357144 35
