0 0.4 114.87525 39.71776218126469 171.666 59.35 0 0
10 1 51.9086 45.60590012092734 171.666 12.104 114.87525 4
20 0.9 48.57066666666666 22.115121011048828 171.666 11.575 69.89907142857143 14
30 2.3 68.58939130434784 146.35069110715716 749.552 11.575 61.55317391304347 23
40 3 111.61356666666666 225.7381972285127 831.063 11.575 65.07128260869567 46
50 4.1 101.3661707317073 218.84272668454614 831.063 11.463 83.44323684210526 76
60 4.2 122.90133333333335 247.88816030522304 851.851 11.238 89.72392307692307 117
70 4.9 109.00042857142863 221.5244765319975 878.166 11.238 98.4877672955975 159
80 7.8 196.51320512820516 330.78398621310987 1008.693 11.09 100.96430769230771 208
90 10 219.96928999999997 352.74959602838084 1197.552 11.09 127.02309790209793 286
100 8.4 213.91985714285715 350.3293947754959 1197.552 11.09 151.10242227979276 386
110 12 306.07007499999986 485.88162316455157 1490.878 11.09 162.32936808510638 470
120 13.1 471.3905419847329 668.505652827205 2336.976 11.09 191.5647661016949 590
130 14.7 936.4513197278907 1002.0778774256538 3337.026 11.09 242.40689736477114 721
140 16.1 273.9743043478261 483.64197695264096 3337.026 11.09 359.9466785714285 868
150 16.3 619.8864110429446 881.8088691076596 3622.694 11.09 346.4952186588921 1029
160 20 1001.749380000001 1178.576581929946 4300.441 11.09 383.8800880872483 1192
170 23.7 1754.352818565401 1407.4624340415533 6029.335 11.09 472.6544116379311 1392
180 27.3 3274.042391941392 2579.4884089268326 10545.039 0.571 659.1261872314304 1629
190 32.1 2577.9822461059184 4005.195270113887 14375.001 0.571 1034.4532765509991 1902
200 40.6 3479.619581280786 5529.822442151967 18676.218 0.566 1257.3380265407109 2223
210 44 3497.6212000000005 4898.5193739657725 18676.218 0.566 1600.527950931913 2629
220 49.8 2521.1609839357425 4257.853164071295 18676.218 0.566 1872.512646138807 3069
230 50.8 2737.0107066929136 4530.0241707612095 18676.218 0.566 1963.0724645360244 3567
240 50.5 2543.3540831683176 4411.340029359819 18676.218 0.566 2059.5535999999997 4075
250 37.4 2500.80639304813 4585.844234588796 18676.218 0.566 2112.8984131004363 4580
260 42 2114.4020095238075 5496.627670087857 22336.715 0.566 2142.183351433185 4954
270 41.9 4192.874579952268 8290.801714862624 25948.571 0.566 2140.012126349088 5374
280 24.4 4691.379094262298 8274.86563314509 26312.717 0.566 2288.49294251683 5793
290 25.3 4501.064857707511 8156.034021461378 26312.717 0.566 2385.611415438131 6037
300 25.8 7193.058868217052 10024.916569622035 26312.717 0.566 2470.70040127186 6290
310 21.8 5010.539995412843 8587.757577723249 26312.717 0.566 2656.76767135003 6548
320 13.1 9546.797969465646 10514.336623053932 26312.717 0.566 2732.6060347324856 6766
330 4.1 24716.154951219512 2268.894643610719 27194.391 0.566 2862.0331977671444 6897
340 5.3 25471.653811320764 2109.1273734019824 27269.291 0.566 2991.1797806284226 6938
347 6.8 21854.316558823524 3457.8674609139603 27269.291 0.566 3161.6082062651976 6991
