10 0.1 638 0 638 638 0 0
20 0.1 404.0 0.0 638 404 638.0 1
30 0.1 148.0 0.0 638 148 521.0 2
40 0.1 155.0 0.0 638 148 396.6666666666667 3
50 0.1 259.0 0.0 638 148 336.25 4
60 0.1 373.0 0.0 638 148 320.8 5
70 0.1 297.0 0.0 638 148 329.5 6
80 0.1 450.0 0.0 638 148 324.85714285714283 7
90 0.1 750.0 0.0 750 148 340.5 8
100 0.1 978.0 0.0 978 148 386.0 9
110 0.1 858.0 0.0 978 148 445.2 10
120 0.1 1205.0 0.0 1205 148 482.72727272727275 11
130 0.1 1651.0 0.0 1651 148 542.9166666666666 12
140 0.1 1687.0 0.0 1687 148 628.1538461538462 13
150 0.1 1616.0 0.0 1687 148 703.7857142857143 14
160 0.1 1714.0 0.0 1714 148 764.6 15
170 0.1 2261.0 0.0 2261 148 823.9375 16
180 0.1 2596.0 0.0 2596 148 908.4705882352941 17
190 0.1 2473.0 0.0 2596 148 1002.2222222222222 18
200 0.1 2975.0 0.0 2975 148 1079.6315789473683 19
210 0.1 3053.0 0.0 3053 148 1174.4 20
220 0.1 3386.0 0.0 3386 148 1263.857142857143 21
230 0.1 3764.0 0.0 3764 148 1360.3181818181818 22
240 0.1 3889.0 0.0 3889 148 1464.8260869565217 23
250 0.1 3746.0 0.0 3889 148 1565.8333333333333 24
260 0.1 2363.0 0.0 3889 148 1653.04 25
270 0.1 2512.0 0.0 3889 148 1680.3461538461538 26
280 0.1 2603.0 0.0 3889 148 1711.148148148148 27
290 0.1 2062.0 0.0 3889 148 1743.0 28
300 0.1 2069.0 0.0 3889 148 1754.0 29
310 0.1 2178.0 0.0 3889 148 1764.5 30
320 0.1 1778.0 0.0 3889 148 1777.8387096774193 31
330 0.1 1319.0 0.0 3889 148 1777.84375 32
340 0.1 772.0 0.0 3889 148 1763.939393939394 33
347 0.1 840.0 0.0 3889 148 1734.764705882353 34
