0 1 45.748599999999996 32.761280912687155 115.588 11.427 0 0
10 1.8 28.803277777777776 24.932666802155037 115.588 11.427 45.748599999999996 10
20 2.1 20.780714285714282 13.24240386803248 115.588 11.427 34.85517857142857 28
30 5.5 28.639527272727275 61.45370172705911 345.201 11.356 28.823265306122448 49
40 7.4 45.210918918918935 96.5508053547047 441.707 11.078 28.726096153846154 104
50 8.7 47.73803448275863 98.96641219451168 441.707 11.078 35.57933707865169 178
60 9.8 52.63464285714284 108.37204213671832 459.615 10.318 39.5710603773585 265
70 11.1 48.08212612612615 96.88403896542692 464.181 10.318 43.097867768595044 363
80 17.7 86.66707909604517 146.3842006680164 533.638 7.3 44.26506751054853 474
90 24.1 91.14711203319501 156.0047268853762 621.239 7.3 55.79372503840245 651
100 20.4 88.31335784313731 152.0246280941709 621.239 7.3 65.34548094170403 892
110 30.4 121.94244078947376 213.59699191895336 868.073 7.3 69.62052372262774 1096
120 36.2 206.45798066298323 288.1358083061526 1309.679 7.3 80.9818542857143 1400
130 37.1 334.88410242587594 332.1767797365197 1434.02 7.3 106.7607179341657 1762
140 37.8 120.07973809523793 216.65965031406864 1434.02 7.3 146.43899999999996 2133
150 39.9 300.2463609022558 345.3840952475011 1466.845 7.3 142.4709390681003 2511
160 48 397.2671395833338 373.74641708169963 1760.07 7.3 164.10406391752576 2910
170 58.9 904.2624601018682 394.33114178951496 2262.11 7.3 197.11830471976407 3390
180 59.4 1736.2990134680122 727.0834504732084 3881.109 0.518 301.79483337522004 3979
190 85.4 1451.4996252927424 1674.6298710258573 5007.312 0.496 488.12666870763167 4573
200 100.7 1333.0544915590874 1724.3155749679554 5380.85 0.489 639.7243294637924 5427
210 103.9 1306.202872954764 1330.7988186723235 5380.85 0.489 748.239012900218 6434
220 126.9 1017.6506375098521 1412.5613430000537 5380.85 0.489 825.8148794326245 7473
230 122.4 1166.0174901960772 1528.1644090729144 5380.85 0.489 853.6620056051252 8742
240 123.5 997.5927060728736 1414.6681425446045 5380.85 0.489 892.0247502508531 9966
250 107.5 1213.9284083720913 1885.7262213957413 6313.416 0.489 903.6644632622088 11201
260 127.8 1024.8436025039114 2094.086356932759 6823.496 0.489 930.8340413815575 12276
270 125.2 1120.806805910541 2073.5651904247493 6917.66 0.489 939.6981567065071 13554
280 78.6 1648.155248091601 2201.7147894970794 6917.66 0.485 955.0127608401996 14806
290 73.8 1932.2906056910579 2543.652715200357 7060.235 0.485 989.9543972550022 15592
300 74.6 1885.9185978552264 2256.76047074198 7060.235 0.485 1032.5412999999996 16330
310 70.6 1855.9217960339934 2378.7498956363174 7060.235 0.485 1069.8228333918946 17076
320 52.2 2496.978586206892 2587.3899926221343 7060.235 0.485 1101.0333759419634 17782
330 24.1 5159.841792531116 951.5176014307518 7060.235 0.485 1140.843439302884 18304
340 22 5346.586704545458 808.2007184168934 7443.196 0.485 1193.0719970342404 18545
347 11.2 2557.7629553571423 1492.0467932880972 7443.196 0.485 1241.7676131095118 18765
