10 0.1 575 0 575 575 0 0
20 0.1 243.0 0.0 575 243 575.0 1
30 0.1 148.0 0.0 575 148 409.0 2
40 0.1 150.0 0.0 575 148 322.0 3
50 0.1 247.0 0.0 575 148 279.0 4
60 0.1 350.0 0.0 575 148 272.6 5
70 0.1 278.0 0.0 575 148 285.5 6
80 0.1 411.0 0.0 575 148 284.42857142857144 7
90 0.1 655.0 0.0 655 148 300.25 8
100 0.1 846.0 0.0 846 148 339.6666666666667 9
110 0.1 710.0 0.0 846 148 390.3 10
120 0.1 1.0e3 0.0 1000 148 419.3636363636364 11
130 0.1 1388.0 0.0 1388 148 467.75 12
140 0.1 1372.0 0.0 1388 148 538.5384615384615 13
150 0.1 1387.0 0.0 1388 148 598.0714285714286 14
160 0.1 1374.0 0.0 1388 148 650.6666666666666 15
170 0.1 1816.0 0.0 1816 148 695.875 16
180 0.1 2122.0 0.0 2122 148 761.7647058823529 17
190 0.1 2032.0 0.0 2122 148 837.3333333333334 18
200 0.1 2715.0 0.0 2715 148 900.2105263157895 19
210 0.1 2872.0 0.0 2872 148 990.95 20
220 0.1 3161.0 0.0 3161 148 1080.5238095238096 21
230 0.1 3601.0 0.0 3601 148 1175.0909090909092 22
240 0.1 3701.0 0.0 3701 148 1280.5652173913045 23
250 0.1 3523.0 0.0 3701 148 1381.4166666666667 24
260 0.1 2291.0 0.0 3701 148 1467.08 25
270 0.1 2588.0 0.0 3701 148 1498.7692307692307 26
280 0.1 2658.0 0.0 3701 148 1539.111111111111 27
290 0.1 1876.0 0.0 3701 148 1579.0714285714287 28
300 0.1 1852.0 0.0 3701 148 1589.3103448275863 29
310 0.1 1957.0 0.0 3701 148 1598.0666666666666 30
320 0.1 1632.0 0.0 3701 148 1609.6451612903227 31
330 0.1 1076.0 0.0 3701 148 1610.34375 32
340 0.1 467.0 0.0 3701 148 1594.1515151515152 33
347 0.1 514.0 0.0 3701 148 1561.0 34
