10 0.1 68 0 68 68 0 0
20 0.1 120.0 0.0 120 68 68.0 1
30 0.1 84.0 0.0 120 68 94.0 2
40 0.1 115.0 0.0 120 68 90.66666666666667 3
50 0.1 66.0 0.0 120 66 96.75 4
60 0.1 122.0 0.0 122 66 90.6 5
70 0.1 207.0 0.0 207 66 95.83333333333333 6
80 0.1 302.0 0.0 302 66 111.71428571428571 7
90 0.1 308.0 0.0 308 66 135.5 8
100 0.1 466.0 0.0 466 66 154.66666666666666 9
110 0.1 380.0 0.0 466 66 185.8 10
120 0.1 375.0 0.0 466 66 203.45454545454547 11
130 0.1 605.0 0.0 605 66 217.75 12
140 0.1 392.0 0.0 605 66 247.53846153846155 13
150 0.1 454.0 0.0 605 66 257.85714285714283 14
160 0.1 558.0 0.0 605 66 270.9333333333333 15
170 0.1 256.0 0.0 605 66 288.87499999999994 16
180 0.1 418.0 0.0 605 66 286.9411764705882 17
190 0.1 408.0 0.0 605 66 294.2222222222222 18
200 0.1 262.0 0.0 605 66 300.2105263157894 19
210 0.1 362.0 0.0 605 66 298.29999999999995 20
220 0.1 216.0 0.0 605 66 301.3333333333333 21
230 0.1 440.0 0.0 605 66 297.45454545454544 22
240 0.1 199.0 0.0 605 66 303.6521739130435 23
250 0.1 361.0 0.0 605 66 299.2916666666667 24
258 0.1 240.0 0.0 605 66 301.76 25
