0 1.9 17.88036842105264 3.625518143884313 26.054 13.605 0 0
10 2.8 17.15064285714286 2.7706007756736204 26.054 13.34 17.88036842105264 19
20 2.6 16.913230769230776 2.378931633312805 26.054 13.34 17.445638297872343 47
30 3 17.148866666666663 3.4023260840522362 26.054 11.435 17.25601369863014 73
40 1.7 19.414999999999996 3.749431815779089 26.054 11.435 17.224805825242722 103
50 3.4 18.256764705882354 3.9451261148769037 31.651 10.885 17.535083333333336 120
60 4.7 17.818765957446818 4.024632322113762 31.651 10.264 17.694415584415587 154
70 7.8 17.259384615384608 3.0912560397600606 31.651 10.264 17.723492537313437 201
80 7.9 17.543240506329116 3.7724645579370097 33.281 10.264 17.593741935483873 279
90 8.6 17.853848837209306 4.114404253457692 34.978 8.481 17.58259776536313 358
100 9.9 17.40532323232322 4.337636327035943 34.978 6.867 17.63513738738739 444
110 9.7 16.956237113402075 4.173179197432138 34.978 6.753 17.593237569060772 543
120 15.6 17.338762820512827 4.127102149848529 34.978 6.598 17.4966921875 640
130 12 18.314941666666666 4.813763720305615 36.161 6.598 17.465741206030152 796
140 10.9 18.74697247706421 4.2979153288023735 36.161 6.598 17.576990174672492 916
150 13.6 17.455808823529413 4.076670735659302 36.161 6.598 17.701407804878052 1025
160 5.3 19.129547169811318 5.798207125518759 39.246 6.598 17.67263824289406 1161
170 8.2 17.67128048780488 6.601497592978966 39.246 6.598 17.736242998352555 1214
180 8 30.97100000000001 48.803499742334054 299.628 6.598 17.732132716049385 1296
190 4.2 15.99964285714286 7.185964222080458 299.628 6.598 18.501834302325584 1376
200 3.6 14.402166666666666 6.951119392267375 299.628 6.598 18.427721438645985 1418
210 2.4 14.479791666666669 6.307069261148998 299.628 6.598 18.328051581843194 1454
220 6.6 14.24698484848485 6.731816926813598 299.628 6.598 18.265562922868746 1478
230 4.6 14.064826086956518 6.409779889405238 299.628 6.591 18.093784326424874 1544
240 3.4 14.689029411764707 7.3155716614922905 299.628 6.591 17.977223270440255 1590
250 5 10.813380000000004 4.286303936446878 299.628 5.847 17.908381773399018 1624
258 0.8 10.568 4.41165436656137 299.628 5.847 17.6964641577061 1674
