0 8.9171875 8.9171875
10 14.02265625 22.93984375
20 12.32109375 35.2609375
30 14.0859375 49.346875
40 9.93125 59.278125
50 17.284375 76.5625
60 25.3734375 101.9359375
70 41.3109375 143.246875
80 41.26953125 184.51640625
90 47.4171875 231.93359375
100 56.48828125 288.421875
110 57.2765625 345.6984375
120 90.63125 436.3296875
130 70.2625 506.5921875
140 59.3984375 565.990625
150 74.62890625 640.61953125
160 35.55 676.16953125
170 64.465625 740.63515625
180 62.79921875 803.434375
190 33.1078125 836.5421875
200 28.4484375 864.990625
210 18.965625 883.95625
220 52.15546875 936.11171875
230 36.34765625 972.459375
240 26.86484375 999.32421875
250 19.2609375 1018.58515625
258 2.8 1021.38515625
