0 9.8 9.704030612244894 36.15123868441343 240.159 1.196 0 0
10 9.3 1.6850430107526886 0.675867565349907 240.159 1.165 9.704030612244894 98
20 10.3 1.741174757281553 0.6542771365420315 240.159 1.165 5.799497382198951 191
30 14.1 1.4550921985815606 0.7224386783538731 240.159 1.123 4.377704081632651 294
40 12.6 1.4383412698412699 0.3809372768996503 240.159 1.123 3.430374712643677 435
50 14.9 1.9734899328859057 5.102711035746408 240.159 1.117 2.9829661319073075 561
60 17.6 1.3961704545454545 0.6868562229064014 240.159 1.117 2.7711183098591543 710
70 24.6 1.3469715447154482 0.3955073144401536 240.159 1.117 2.4979909706546266 886
80 25.7 1.4493307392996102 0.524231788842042 240.159 1.117 2.24785777385159 1132
90 27.3 1.7352197802197806 2.0758924580729614 240.159 1.117 2.100110151187905 1389
100 34 1.4732441176470592 0.6094100105797489 240.159 1.117 2.040173285198556 1662
110 28.6 1.3980139860139853 0.8408129140586199 240.159 1.111 1.9438916083916087 2002
120 36.8 1.3019565217391322 0.5250712511286588 240.159 1.084 1.875656905594406 2288
130 41.2 1.3671723300970893 0.39974099249268474 240.159 0.986 1.7961682981927716 2656
140 40.8 1.455607843137255 0.7729131949949539 240.159 0.986 1.7385586701434166 3068
150 41 1.46789268292683 0.6189732554174456 240.159 0.986 1.7053469505178371 3476
160 45.9 1.6042745098039215 1.74747605443106 240.159 0.986 1.6802938754503352 3886
170 50.7 1.636145956607494 1.438600258770633 240.159 0.986 1.672263291139241 4345
180 50.2 1.5625358565737058 1.3995148041236714 240.159 0.986 1.6684892827699922 4852
190 54.1 1.3701940850277259 0.6112586127990509 240.159 0.986 1.6585549122151666 5354
200 56.1 10.61111764705882 33.66752914285645 253.274 0.986 1.632091263782867 5895
210 62.1 1.3922109500805124 0.7952756673393571 253.274 0.986 2.4123319392812888 6456
220 73.4 1.284336512261581 0.44155993585269243 253.274 0.979 2.3228172954641795 7077
230 73 1.2869520547945184 0.8297125969826349 253.274 0.963 2.2252312123927793 7811
240 78.2 1.4416086956521759 1.1596911994505061 253.274 0.963 2.1450364125980563 8541
250 81.8 1.455151589242056 1.5051269062492914 253.274 0.963 2.0860338946690975 9323
260 79 1.415418987341773 0.6816416263170031 253.274 0.963 2.0351452519475397 10141
270 87.4 1.455957665903888 1.4224746202019145 253.274 0.963 1.9903566919769462 10931
280 88.3 1.375158550396376 0.46604836921669474 253.274 0.963 1.9507916984328673 11805
290 90.3 1.8150675526024367 3.8683560601164606 253.274 0.963 1.910731478562421 12688
300 96.6 1.4174896480331278 0.9911704999836116 253.274 0.963 1.9043754690604076 13591
310 100.9 1.362771060455896 0.5259791493255584 253.274 0.963 1.8720658102631036 14557
320 96 1.611392708333333 1.5708073139806702 253.274 0.963 1.8390529358859051 15566
330 51.1 1.437821917808218 0.9331815335447674 253.274 0.963 1.8258280890717655 16526
340 36.4 1.4549505494505504 1.239192801686826 253.274 0.963 1.8141904091095848 17037
350 24.7 1.5545141700404854 1.1851620120213442 253.274 0.963 1.8066757082926266 17401
360 28.6 1.5991503496503507 1.3934087053166873 253.274 0.963 1.8031464755213054 17648
370 29.9 1.4218494983277594 0.3970042089169102 253.274 0.963 1.7998932753429238 17934
380 30.9 1.3758414239482188 0.24813318032310866 253.274 0.963 1.7936937969615532 18233
390 27.7 1.3089819494584853 0.24173353254608762 253.274 0.963 1.786730341926437 18542
400 11.8 1.30235593220339 0.19786845165342606 253.274 0.963 1.7796982836495032 18819
407 0 0 0 253.274 0.963 1.7767238738976607 18937
