0 0.1 6.714397312117466 0 6.714397312117466 6.714397312117466 0 0
10 0.1 2.589641434262948 0.0 6.714397312117466 2.589641434262948 6.714397312117466 1
20 0.1 1.103309929789368 0.0 6.714397312117466 1.103309929789368 4.652019373190207 2
30 0.1 1.402805611222445 0.0 6.714397312117466 1.103309929789368 3.4691162253899273 3
40 0.1 2.2977022977022976 0.0 6.714397312117466 1.103309929789368 2.9525385718480566 4
50 0.1 4.491017964071856 0.0 6.714397312117466 1.103309929789368 2.821571317018905 5
60 0.1 2.108433734939759 0.0 6.714397312117466 1.103309929789368 3.0998124248610637 6
70 0.1 2.5176233635448138 0.0 6.714397312117466 1.103309929789368 2.9581868977294485 7
80 0.1 2.8197381671701915 0.0 6.714397312117466 1.103309929789368 2.9031164559563694 8
90 0.1 3.91566265060241 0.0 6.714397312117466 1.103309929789368 2.8938522016467942 9
100 0.1 5.089820359281437 0.0 6.714397312117466 1.103309929789368 2.996033246542356 10
110 0.1 6.206206206206207 0.0 6.714397312117466 1.103309929789368 3.1863775295186367 11
120 0.1 3.8383838383838382 0.0 6.714397312117466 1.103309929789368 3.4380299192426005 12
130 0.1 3.5860655737704916 0.0 6.714397312117466 1.103309929789368 3.4688263745611576 13
140 0.1 5.065856129685916 0.0 6.714397312117466 1.103309929789368 3.47720060307611 14
150 0.1 7.381193124368049 0.0 7.381193124368049 1.103309929789368 3.583110971516764 15
160 0.1 5.734406438631791 0.0 7.381193124368049 1.103309929789368 3.820491106069969 16
170 0.1 8.450704225352112 0.0 8.450704225352112 1.103309929789368 3.9330743609265464 17
180 0.1 6.559031281533804 0.0 8.450704225352112 1.103309929789368 4.184053797839078 18
190 0.1 6.435137895812053 0.0 8.450704225352112 1.103309929789368 4.30905261277038 19
200 0.1 6.49746192893401 0.0 8.450704225352112 1.103309929789368 4.415356876922463 20
210 0.1 6.550665301944729 0.0 8.450704225352112 1.103309929789368 4.514504736542061 21
220 0.1 6.864754098360656 0.0 8.450704225352112 1.103309929789368 4.607057489514909 22
230 0.1 6.035379812695109 0.0 8.450704225352112 1.103309929789368 4.705218211638637 23
240 0.1 6.6115702479338845 0.0 8.450704225352112 1.103309929789368 4.760641611682657 24
250 0.1 10.256410256410255 0.0 10.256410256410255 1.103309929789368 4.834678757132706 25
260 0.1 8.11088295687885 0.0 10.256410256410255 1.103309929789368 5.0432068917203035 26
270 0.1 9.406952965235174 0.0 10.256410256410255 1.103309929789368 5.156824523763213 27
280 0.1 8.8659793814433 0.0 10.256410256410255 1.103309929789368 5.308614825244354 28
290 0.1 8.60655737704918 0.0 10.256410256410255 1.103309929789368 5.431282568561559 29
300 0.1 8.695652173913043 0.0 10.256410256410255 1.103309929789368 5.537125062177813 30
310 0.1 8.645833333333334 0.0 10.256410256410255 1.103309929789368 5.639013033524111 31
320 0.1 9.743589743589745 0.0 10.256410256410255 1.103309929789368 5.732976167893149 32
330 0.1 10.510204081632653 0.0 10.510204081632653 1.103309929789368 5.854509912611228 33
340 0.1 5.708460754332314 0.0 10.510204081632653 1.103309929789368 5.991442094053035 34
350 0.1 5.544354838709677 0.0 10.510204081632653 1.103309929789368 5.983356912918158 35
360 0.1 7.3219658976930795 0.0 10.510204081632653 1.103309929789368 5.97116241085681 36
370 0.1 4.334677419354839 0.0 10.510204081632653 1.103309929789368 6.007670613203737 37
380 0.1 3.1313131313131315 0.0 10.510204081632653 1.103309929789368 5.963644476523503 38
390 0.1 3.4378159757330633 0.0 10.510204081632653 1.103309929789368 5.891020595877083 39
400 0.1 3.91566265060241 0.0 10.510204081632653 1.103309929789368 5.829690480373483 40
407 0.1 1.6080402010050252 0.0 10.510204081632653 1.103309929789368 5.78300687476931 41
