10 0.1 837 0 837 837 0 0
20 0.1 691.0 0.0 837 691 837.0 1
30 0.1 614.0 0.0 837 614 764.0 2
40 0.1 1292.0 0.0 1292 614 714.0 3
50 0.1 1347.0 0.0 1347 614 858.5 4
60 0.1 1517.0 0.0 1517 614 956.2 5
70 0.1 1907.0 0.0 1907 614 1049.6666666666667 6
80 0.1 2460.0 0.0 2460 614 1172.142857142857 7
90 0.1 2602.0 0.0 2602 614 1333.125 8
100 0.1 2931.0 0.0 2931 614 1474.111111111111 9
110 0.1 3353.0 0.0 3353 614 1619.8 10
120 0.1 3363.0 0.0 3363 614 1777.3636363636363 11
130 0.1 4048.0 0.0 4048 614 1909.5 12
140 0.1 4559.0 0.0 4559 614 2074.0 13
150 0.1 4588.0 0.0 4588 614 2251.5 14
160 0.1 5054.0 0.0 5054 614 2407.266666666667 15
170 0.1 5845.0 0.0 5845 614 2572.6875 16
180 0.1 5492.0 0.0 5845 614 2765.176470588235 17
190 0.1 6292.0 0.0 6292 614 2916.6666666666665 18
200 0.1 6541.0 0.0 6541 614 3094.315789473684 19
210 0.1 7.1e3 0.0 7100 614 3266.65 20
220 0.1 7899.0 0.0 7899 614 3449.190476190476 21
230 0.1 8122.0 0.0 8122 614 3651.4545454545455 22
240 0.1 8114.0 0.0 8122 614 3845.8260869565215 23
250 0.1 8779.0 0.0 8779 614 4023.6666666666665 24
260 0.1 8796.0 0.0 8796 614 4213.88 25
270 0.1 8834.0 0.0 8834 614 4390.115384615385 26
280 0.1 9370.0 0.0 9370 614 4554.7037037037035 27
290 0.1 9173.0 0.0 9370 614 4726.678571428572 28
300 0.1 9732.0 0.0 9732 614 4880.0 29
310 0.1 9973.0 0.0 9973 614 5041.733333333334 30
320 0.1 9894.0 0.0 9973 614 5200.806451612903 31
330 0.1 9838.0 0.0 9973 614 5347.46875 32
340 0.1 6439.0 0.0 9973 614 5483.545454545455 33
350 0.1 5303.0 0.0 9973 614 5511.64705882353 34
360 0.1 5008.0 0.0 9973 614 5505.685714285714 35
370 0.1 3771.0 0.0 9973 614 5491.861111111111 36
380 0.1 3146.0 0.0 9973 614 5445.351351351352 37
390 0.1 3389.0 0.0 9973 614 5384.8421052631575 38
400 0.1 3172.0 0.0 9973 614 5333.666666666666 39
407 0.1 1464.0 0.0 9973 614 5279.624999999999 40
