0 19.6 25.661045918367336 35.43929353972552 257.386 11.342 0 0
10 19.4 17.866170103092777 6.322481979276923 257.386 11.342 25.661045918367336 196
20 18.4 18.038978260869552 5.708643864462605 257.386 10.211 21.783594871794865 390
30 34 18.718450000000022 5.504413677209676 257.386 10.211 20.583229965156782 574
40 34.7 19.957723342939474 7.725193932158281 257.386 9.05 19.88954814004376 914
50 42.4 20.478952830188696 8.257522973516474 257.386 8.386 19.9083084853291 1261
60 50.3 20.275328031809146 6.139287990602832 257.386 7.87 20.051900890207715 1685
70 57.6 20.611835069444435 8.233847806688 257.386 6.943 20.10326462522852 2188
80 64.1 20.127461778471137 7.403738779263199 257.386 6.943 20.20924746743849 2764
90 70.4 23.812242897727298 12.640581741608448 257.386 6.943 20.19385110132158 3405
100 82.9 22.418992762364315 8.678169801431677 257.386 6.943 20.813794597225602 4109
110 79 23.617655696202533 10.034058601743716 257.386 6.943 21.083278047792632 4938
120 96.3 27.79121806853585 13.841154799848166 257.386 6.943 21.432816864525144 5728
130 104.2 29.984761036468292 15.352381318644658 257.386 6.943 22.34794769092812 6691
140 108.1 30.96575300647546 17.775499527377058 257.386 6.943 23.376986809776284 7733
150 111.4 39.38901166965888 23.026129106030478 257.386 6.943 24.30771704107102 8814
160 123.6 53.461749999999974 37.573415724553904 257.386 6.943 25.999957393231263 9928
170 123.3 41.5497437145174 26.339067327413705 257.386 6.943 29.040335005374413 11164
180 132.8 46.59623945783142 30.968578085220045 257.386 6.943 30.284515124626918 12397
190 138.1 77.4081093410574 52.4229039425801 289.558 6.943 31.862800728597453 13725
200 136.1 737.6730095518006 234.9739019813384 1169.56 6.943 36.02658142459952 15106
210 144.5 829.4351764705887 95.69927531821635 1169.56 6.943 94.01776310196156 16467
220 155.4 942.4639954954944 165.20959392454324 1323.15 6.943 153.34548542876294 17912
230 158.6 1123.6827622950818 174.1156468436357 1393.804 0.873 216.34200061645944 19466
240 165.7 1023.6921285455624 199.21512694256748 1393.804 0.863 284.6985675945278 21052
250 176.9 1063.0204827586208 342.56459888890294 1441.381 0.838 338.6204633405256 22709
260 175.4 1065.547313568981 335.7996429396769 1441.381 0.838 390.97211112018937 24478
270 189.2 997.0863208245222 426.7268503809216 1441.381 0.838 436.07751311375375 26232
280 187.5 1000.2836794666666 412.09556203037005 1441.381 0.837 473.8185408547854 28124
290 199.2 950.5349116465878 462.27521153025094 1441.381 0.835 506.72370885696137 29999
300 209.9 914.49386183897 518.7754642225993 1515.035 0.802 534.3587285799127 31991
310 220.3 863.0480531093962 532.3735151966347 1515.035 0.802 557.7645263127013 34090
320 208.8 918.0010502873545 531.2833822994264 1701.274 0.802 576.2953617226459 36293
330 150.2 653.8272343541952 494.23372795735844 1701.274 0.802 594.8848064406864 38381
340 113.4 54.14164109347445 37.57961323522509 1701.274 0.802 597.1045874683444 39883
350 108.1 39.414125809435625 25.041059407217404 1701.274 0.802 582.0932511641511 41017
360 79.2 29.451397727272752 21.710575166034758 1701.274 0.802 568.1582391800081 42098
370 58.4 16.931554794520533 8.290943986383802 1701.274 0.802 558.2105633014684 42890
380 60.7 17.331397034596375 8.311345141322134 1701.274 0.802 550.9393910843258 43474
390 58.7 16.572155025553656 8.095439386897917 1701.274 0.802 543.5915529593244 44081
400 39.6 12.802780303030305 6.94559782205777 1701.274 0.802 536.6657808945997 44668
407 11.8 9.305220338983052 1.9255114184645001 1701.274 0.802 532.0623336144147 45064
