0 7.6 76
10 7.6 152
20 8.8 240
30 20.8 448
40 26.9 717
50 24.8 965
60 31.1 1276
70 37.8 1654
80 42.1 2075
90 42.8 2503
100 46.6 2969
110 53.7 3506
120 59.9 4105
130 66.9 4774
140 65.2 5426
150 72.1 6147
160 73.4 6881
170 69.4 7575
180 81.7 8392
190 87.8 9270
200 96.2 10232
210 92 11152
220 96.8 12120
230 99.7 13117
240 107.7 14194
250 115 15344
260 121 16554
270 118.7 17741
280 123.1 18972
290 125.7 20229
300 118.8 21417
310 112.8 22545
320 117.6 23721
330 127.1 24992
340 94.6 25938
350 85.4 26792
360 59.5 27387
370 26.3 27650
380 23 27880
390 24.6 28126
400 20.3 28329
