0 8.3 1.5672650602409635 3.601452010001727 34.082 0.809 0 0
10 8.7 1.3288850574712636 1.0377073361617175 34.082 0.783 1.5672650602409635 83
20 9.6 1.2455520833333333 0.2291823268796987 34.082 0.783 1.4452705882352936 170
30 14.2 1.1626760563380287 0.5241983221796851 34.082 0.743 1.3731917293233078 266
40 15.5 1.1001354838709678 0.256706310851949 34.082 0.743 1.299924019607843 408
50 15.4 1.2846298701298704 1.0617430654493831 34.082 0.743 1.244920071047957 563
60 16 1.2252124999999998 1.0954375688937048 34.082 0.742 1.2534490934449092 717
70 22.8 1.2785789473684206 0.8807307910045233 34.082 0.688 1.248297605473204 877
80 26.4 1.093287878787879 0.330940304749394 34.082 0.688 1.2545457013574657 1105
90 28.5 1.1542666666666666 1.2338371977871618 34.082 0.688 1.2234485025566106 1369
100 30.5 1.1526131147540981 0.3188233713564382 34.082 0.688 1.2115278113663845 1654
110 33.7 1.2801572700296728 0.9155659025180406 34.082 0.688 1.20235528330781 1959
120 36.4 1.2404945054945058 0.8871816577938557 34.082 0.631 1.2137748257839718 2296
130 38.4 1.5984531250000027 2.58414568670081 42.316 0.631 1.2174312030075185 2660
140 37.1 1.2012398921832892 0.9994658110267247 42.316 0.631 1.2654970433639947 3044
150 45.5 1.0631296703296718 0.5518064068657889 42.316 0.631 1.2585162518301611 3415
160 46.3 1.0597429805615548 0.5980977989740072 42.316 0.631 1.2355444444444448 3870
170 45.1 1.0995543237250573 0.6645710908953316 42.316 0.631 1.2167592891760908 4333
180 49.9 2.423176352705412 14.599090352045096 216.18 0.631 1.2057100752508367 4784
190 53.7 10.577914338919939 48.7333074944854 405.276 0.631 1.320704523944729 5283
200 58.7 1.1751277683134562 0.9102955689541397 405.276 0.629 2.1748491408934725 5820
210 57.7 1.1411525129982683 0.6263541677551305 405.276 0.629 2.0832561261120666 6407
220 60.3 1.0898424543946934 0.696606186564175 405.276 0.586 2.005421964490265 6984
230 62.3 1.1173675762439799 0.6862191723699897 405.276 0.586 1.9326534862264413 7587
240 63.1 1.2979572107765465 1.6936981536182987 405.276 0.586 1.8707870889159572 8210
250 69.7 1.2557948350071715 0.9587973484135366 405.276 0.586 1.8299030652641115 8841
260 70.5 1.1324411347517713 0.7556848603994991 405.276 0.586 1.7879494652967087 9538
270 72.6 1.115493112947658 0.4717907644652045 405.276 0.586 1.7428324709557752 10243
280 73.5 1.1497061224489797 0.7844879802693002 405.276 0.586 1.701311058437415 10969
290 75.4 1.122750663129976 0.7228174585707512 405.276 0.488 1.6666707963089544 11704
300 78.8 1.1708743654822342 1.0326958833632773 405.276 0.488 1.633750923101622 12458
310 86.1 1.2520511033681758 1.797491777340523 405.276 0.488 1.606214555337461 13246
320 83.1 1.0933802647412738 0.6249606850078372 405.276 0.488 1.5845987098603536 14107
330 37.5 1.2485813333333313 1.497612160981014 405.276 0.488 1.5572722586691663 14938
340 25.3 3.2539051383399222 15.27207030672174 405.276 0.488 1.5497127277476659 15313
350 28 1.1721964285714281 0.9386215999242656 405.276 0.488 1.5774116022099454 15566
360 25.6 2.0690664062500006 2.939519436084998 405.276 0.488 1.5702514199166988 15846
370 26.2 1.5023740458015267 1.6629415574362552 405.276 0.488 1.5781819028692095 16102
380 23.6 8.183673728813565 33.75480371512974 405.276 0.488 1.5769681618186269 16364
390 25.2 14.370837301587313 52.860360890834286 405.276 0.488 1.6708948192771091 16600
400 20.2 1.3925445544554447 1.0999369516112507 405.276 0.488 1.860806135770236 16852
