0 0.1 3521.8359375 0 3521.8359375 3521.8359375 0 0
10 0.1 3521.6328125 0.0 3521.8359375 3521.6328125 3521.8359375 1
20 0.1 3518.9921875 0.0 3521.8359375 3518.9921875 3521.734375 2
30 0.1 3515.8828125 0.0 3521.8359375 3515.8828125 3520.8203125 3
40 0.1 3504.734375 0.0 3521.8359375 3504.734375 3519.5859375 4
50 0.1 3502.1328125 0.0 3521.8359375 3502.1328125 3516.615625 5
60 0.1 3493.9921875 0.0 3521.8359375 3493.9921875 3514.2018229166665 6
70 0.1 3485.25 0.0 3521.8359375 3485.25 3511.3147321428573 7
80 0.1 3481.37890625 0.0 3521.8359375 3481.37890625 3508.056640625 8
90 0.1 3474.734375 0.0 3521.8359375 3474.734375 3505.0924479166665 9
100 0.1 3471.0625 0.0 3521.8359375 3471.0625 3502.056640625 10
110 0.1 3460.14453125 0.0 3521.8359375 3460.14453125 3499.2389914772725 11
120 0.1 3451.8203125 0.0 3521.8359375 3451.8203125 3495.9811197916665 12
130 0.1 3450.1015625 0.0 3521.8359375 3450.1015625 3492.5841346153848 13
140 0.1 3448.6640625 0.0 3521.8359375 3448.6640625 3489.5496651785716 14
150 0.1 3447.140625 0.0 3521.8359375 3447.140625 3486.8239583333334 15
160 0.1 3449.875 0.0 3521.8359375 3447.140625 3484.34375 16
170 0.1 3448.34375 0.0 3521.8359375 3447.140625 3482.3161764705883 17
180 0.1 3437.0078125 0.0 3521.8359375 3437.0078125 3480.4288194444443 18
190 0.1 3429.82421875 0.0 3521.8359375 3429.82421875 3478.1435032894738 19
200 0.1 3414.78515625 0.0 3521.8359375 3414.78515625 3475.7275390625 20
210 0.1 3410.46484375 0.0 3521.8359375 3410.46484375 3472.8255208333335 21
220 0.1 3408.75 0.0 3521.8359375 3408.75 3469.9909446022725 22
230 0.1 3407.46875 0.0 3521.8359375 3407.46875 3467.3282948369565 23
240 0.1 3406.08203125 0.0 3521.8359375 3406.08203125 3464.8341471354165 24
250 0.1 3404.1796875 0.0 3521.8359375 3404.1796875 3462.4840625 25
260 0.1 3388.546875 0.0 3521.8359375 3388.546875 3460.2415865384614 26
270 0.1 3384.90234375 0.0 3521.8359375 3384.90234375 3457.5862268518517 27
280 0.1 3382.99609375 0.0 3521.8359375 3382.99609375 3454.9903738839284 28
290 0.1 3381.81640625 0.0 3521.8359375 3381.81640625 3452.5078125 29
300 0.1 3381.171875 0.0 3521.8359375 3381.171875 3450.151432291667 30
310 0.1 3366.87109375 0.0 3521.8359375 3366.87109375 3447.926285282258 31
320 0.1 3347.01953125 0.0 3521.8359375 3347.01953125 3445.393310546875 32
330 0.1 3314.34765625 0.0 3521.8359375 3314.34765625 3442.412286931818 33
340 0.1 3294.74609375 0.0 3521.8359375 3294.74609375 3438.645680147059 34
350 0.1 3310.0859375 0.0 3521.8359375 3294.74609375 3434.534263392857 35
360 0.1 3309.34765625 0.0 3521.8359375 3294.74609375 3431.0773654513887 36
370 0.1 3309.25390625 0.0 3521.8359375 3294.74609375 3427.787373310811 37
380 0.1 3309.8984375 0.0 3521.8359375 3294.74609375 3424.6680715460525 38
390 0.1 3311.79296875 0.0 3521.8359375 3294.74609375 3421.7252604166665 39
400 0.1 3333.87890625 0.0 3521.8359375 3294.74609375 3418.976953125 40
