10 0.1 582 0 582 582 0 0
20 0.1 561.0 0.0 582 561 582.0 1
30 0.1 545.0 0.0 582 545 571.5 2
40 0.1 1175.0 0.0 1175 545 562.6666666666666 3
50 0.1 1136.0 0.0 1175 545 715.75 4
60 0.1 1178.0 0.0 1178 545 799.8 5
70 0.1 1519.0 0.0 1519 545 862.8333333333334 6
80 0.1 1847.0 0.0 1847 545 956.5714285714286 7
90 0.1 2128.0 0.0 2128 545 1067.875 8
100 0.1 2428.0 0.0 2428 545 1185.6666666666667 9
110 0.1 2554.0 0.0 2554 545 1309.9 10
120 0.1 2892.0 0.0 2892 545 1423.0 11
130 0.1 3293.0 0.0 3293 545 1545.4166666666667 12
140 0.1 3514.0 0.0 3514 545 1679.8461538461538 13
150 0.1 3614.0 0.0 3614 545 1810.857142857143 14
160 0.1 3823.0 0.0 3823 545 1931.0666666666666 15
170 0.1 4108.0 0.0 4108 545 2049.3125 16
180 0.1 3946.0 0.0 4108 545 2170.4117647058824 17
190 0.1 4592.0 0.0 4592 545 2269.0555555555557 18
200 0.1 4960.0 0.0 4960 545 2391.315789473684 19
210 0.1 5357.0 0.0 5357 545 2519.75 20
220 0.1 5317.0 0.0 5357 545 2654.8571428571427 21
230 0.1 5604.0 0.0 5604 545 2775.863636363636 22
240 0.1 5766.0 0.0 5766 545 2898.8260869565215 23
250 0.1 6386.0 0.0 6386 545 3018.2916666666665 24
260 0.1 6862.0 0.0 6862 545 3153.0 25
270 0.1 7103.0 0.0 7103 545 3295.653846153846 26
280 0.1 7387.0 0.0 7387 545 3436.6666666666665 27
290 0.1 7871.0 0.0 7871 545 3577.75 28
300 0.1 7913.0 0.0 7913 545 3725.793103448276 29
310 0.1 8337.0 0.0 8337 545 3865.366666666667 30
320 0.1 8163.0 0.0 8337 545 4009.6129032258063 31
330 0.1 8296.0 0.0 8337 545 4139.40625 32
340 0.1 6381.0 0.0 8337 545 4265.363636363636 33
350 0.1 5274.0 0.0 8337 545 4327.588235294118 34
360 0.1 4689.0 0.0 8337 545 4354.628571428571 35
370 0.1 3662.0 0.0 8337 545 4363.916666666667 36
380 0.1 2582.0 0.0 8337 545 4344.945945945946 37
390 0.1 2555.0 0.0 8337 545 4298.5526315789475 38
400 0.1 2284.0 0.0 8337 545 4253.846153846154 39
