0 0.1 3521.140625 0 3521.140625 3521.140625 0 0
10 0.1 3522.125 0.0 3522.125 3521.140625 3521.140625 1
20 0.1 3522.01171875 0.0 3522.125 3521.140625 3521.6328125 2
30 0.1 3521.77734375 0.0 3522.125 3521.140625 3521.7591145833335 3
40 0.1 3519.36328125 0.0 3522.125 3519.36328125 3521.763671875 4
50 0.1 3518.28515625 0.0 3522.125 3518.28515625 3521.28359375 5
60 0.1 3517.32421875 0.0 3522.125 3517.32421875 3520.7838541666665 6
70 0.1 3516.2109375 0.0 3522.125 3516.2109375 3520.289620535714 7
80 0.1 3512.796875 0.0 3522.125 3512.796875 3519.77978515625 8
90 0.1 3508.8046875 0.0 3522.125 3508.8046875 3519.00390625 9
100 0.1 3507.14453125 0.0 3522.125 3507.14453125 3517.983984375 10
110 0.1 3504.0703125 0.0 3522.125 3504.0703125 3516.9985795454545 11
120 0.1 3502.65234375 0.0 3522.125 3502.65234375 3515.9212239583335 12
130 0.1 3502.21484375 0.0 3522.125 3502.21484375 3514.9005408653848 13
140 0.1 3494.9921875 0.0 3522.125 3494.9921875 3513.9944196428573 14
150 0.1 3493.0703125 0.0 3522.125 3493.0703125 3512.727604166667 15
160 0.1 3485.64453125 0.0 3522.125 3485.64453125 3511.4990234375 16
170 0.1 3476.3671875 0.0 3522.125 3476.3671875 3509.9781709558824 17
180 0.1 3458.8671875 0.0 3522.125 3458.8671875 3508.110894097222 18
190 0.1 3456.44921875 0.0 3522.125 3456.44921875 3505.5191200657896 19
200 0.1 3454.6875 0.0 3522.125 3454.6875 3503.065625 20
210 0.1 3452.18359375 0.0 3522.125 3452.18359375 3500.7619047619046 21
220 0.1 3450.1953125 0.0 3522.125 3450.1953125 3498.553799715909 22
230 0.1 3447.48828125 0.0 3522.125 3447.48828125 3496.4512567934785 23
240 0.1 3446.25390625 0.0 3522.125 3446.25390625 3494.4111328125 24
250 0.1 3449.14453125 0.0 3522.125 3446.25390625 3492.48484375 25
260 0.1 3449.12109375 0.0 3522.125 3446.25390625 3490.817908653846 26
270 0.1 3448.859375 0.0 3522.125 3446.25390625 3489.273582175926 27
280 0.1 3449.69140625 0.0 3522.125 3446.25390625 3487.8302176339284 28
290 0.1 3449.69921875 0.0 3522.125 3446.25390625 3486.5150862068967 29
300 0.1 3449.87109375 0.0 3522.125 3446.25390625 3485.287890625 30
310 0.1 3450.984375 0.0 3522.125 3446.25390625 3484.1454133064517 31
