0 1 67.0996 55.54673864449649 183.728 10.922 0 0
10 0.9 30.766666666666666 22.59983681357014 183.728 10.922 67.0996 10
20 1.3 25.55892307692308 18.06363240351916 183.728 10.397 49.88926315789473 19
30 2.8 78.38107142857142 185.81752234727654 768.618 10.189 40.0050625 32
40 3.8 194.81349999999998 304.40100106859995 842.014 9.753 57.91386666666666 60
50 4.7 86.51887234042553 199.21497958210523 842.014 9.753 110.99739795918366 98
60 4.9 162.3778163265307 285.1691925666037 845.836 9.753 103.06297931034483 145
70 6.5 151.4031076923077 277.06836830751433 845.836 9.521 118.04456185567012 194
80 9.1 180.86653846153837 304.3469336174367 976.349 9.521 126.4163976833977 259
90 10 262.25318999999996 365.88227289732663 1148.472 9.521 140.57343428571428 350
100 10.2 232.969725490196 355.6772713446001 1148.472 9.521 167.61337999999998 450
110 11.7 320.3571538461538 431.30590648963766 1795.961 9.521 179.69009601449272 552
120 14.4 509.0572152777779 659.8522415127007 2478.156 9.521 204.29106128550072 669
130 13.6 580.5580808823531 594.3779841754623 2478.156 9.521 258.2717822878229 813
140 17.5 423.2915657142856 463.971774212225 2478.156 9.521 304.45822760800843 949
150 20.5 1241.0121414634154 1070.9210111952502 3928.925 9.521 322.959859430605 1124
160 17.4 2035.9578850574721 1541.3896532412055 6396.344 9.521 464.57063280662163 1329
170 26.5 3493.145411320754 3112.9752683560796 11550.843 0.924 646.4877198935465 1503
180 32.4 3898.5364691358013 4354.83216686431 14555.597 0.897 1073.1643535067874 1768
190 32 4120.897250000001 5128.297238369349 16205.343 0.89 1510.745885755258 2092
200 43.4 2924.41147926267 4112.326435050193 16205.343 0.884 1857.034623963516 2412
210 47.4 2805.094630801685 4331.300710510977 16205.343 0.858 2019.8039687280389 2846
220 49.8 2464.46329317269 4099.077905831848 16205.343 0.858 2131.9207680722884 3320
230 52.1 2376.414220729366 4445.035534666191 16657.143 0.858 2175.295880041906 3818
240 45.1 2976.4557361419047 4783.510837791798 16751.982 0.858 2199.4449133440876 4339
250 42.4 2445.377785377357 4873.185947856621 19473.623 0.858 2272.6039699373687 4790
260 44.6 2523.333394618834 5753.496418567458 22952.883 0.858 2286.653854430379 5214
270 38.3 3241.7457911227148 6880.72087567421 24606.738 0.858 2305.303867667844 5660
280 25.4 5328.739641732283 8961.790478210558 25990.796 0.858 2364.654729273539 6043
290 22.6 6373.116123893806 9182.737396176723 25990.796 0.858 2484.2160390662216 6297
300 25 4646.639680000002 8229.508892360547 25990.796 0.858 2618.9533407941126 6523
310 20.9 5453.095588516748 8682.12564482555 25990.796 0.858 2693.7978092425806 6773
