0 1.8 37.24727777777779 42.95340730347705 183.728 10.922 0 0
10 1.5 18.438066666666664 7.656885106157 183.728 10.922 37.24727777777779 18
20 2.3 14.409478260869562 4.7636999765852925 183.728 10.397 28.69763636363637 33
30 5.6 39.15737499999998 86.78984378114643 400.913 10.189 22.829285714285714 56
40 9.6 77.06956250000005 128.5899927101001 409.029 9.753 30.993330357142845 112
50 9.6 42.47040624999999 91.50077680494236 409.029 9.688 52.259283653846175 208
60 11.1 71.6474954954955 125.97823572132286 428.709 9.688 49.16805921052633 304
70 14.8 72.21666216216217 127.61997116473806 428.709 9.521 55.18063132530122 415
80 21.5 74.12887906976745 128.39972443640022 532.862 7.161 59.65901953818829 563
90 26 104.76632692307695 150.91492031328846 534.405 7.161 63.65775964010284 778
100 23.7 98.68551054852313 149.86248943428032 564.276 7.161 73.95470327552988 1038
110 30.1 158.89667774086388 193.8763116471071 814.18 7.161 78.55172392156864 1275
120 33.7 185.95549851632055 211.6579451113387 1149.551 7.161 93.8967944162437 1576
130 35.7 235.27035014005614 199.2023507705641 1149.551 7.161 110.11414061683224 1913
140 41.2 188.41644417475732 196.1455327290118 1149.551 7.141 129.7972977973569 2270
150 47.1 547.7530785562626 248.59012291902536 1358.916 7.141 138.80217785234905 2682
160 47.2 1103.4115466101694 561.6437136045129 2453.044 7.141 199.8918937519822 3153
170 64.4 1739.7802096273272 1088.595790811103 3799.808 0.828 317.53638372413786 3625
180 76.4 1773.7996230366498 1407.4444335196263 4058.096 0.797 532.0889777465445 4269
190 81.9 1537.518373626372 1560.3490784646156 4666.8 0.797 720.5783345916946 5033
200 105.6 1210.2115227272714 1378.6582115438332 4666.8 0.797 834.9108520164042 5852
210 113.9 1153.0736215978925 1395.1026722790928 4666.8 0.797 892.2816551823967 6908
220 120.3 1068.5022103075655 1448.3677078142607 4666.8 0.797 929.1950452342483 8047
230 130.5 994.6851141762454 1524.091644508893 4666.8 0.797 947.3125068108105 9250
240 109 1215.8880733944961 1524.3584633789294 4666.8 0.797 953.1695653244906 10555
250 122.7 1028.4438687856582 1879.1583253687306 5563.799 0.797 977.760649377415 11645
260 137 922.1700715328475 1855.4680614070462 5665.026 0.797 982.5919351305159 12872
270 116 1158.7870974137938 2119.980909934811 6264.357 0.782 976.7796929504284 14242
280 84.4 1616.1153578199055 2549.0330911722126 7310.146 0.782 990.4875613556682 15402
290 62.4 2189.3057067307677 2409.8595946694045 7310.146 0.782 1022.9897071279084 16246
300 72.8 1627.8264464285714 2075.0903584027787 7310.146 0.782 1066.1302633669236 16870
310 73 1839.7436123287682 2392.7472566033653 7310.146 0.782 1089.3667005341517 17598
