10 0.1 93 0 93 93 0 0
20 0.1 41.0 0.0 93 41 93.0 1
30 0.1 111.0 0.0 111 41 67.0 2
40 0.1 229.0 0.0 229 41 81.66666666666667 3
50 0.1 297.0 0.0 297 41 118.5 4
60 0.1 334.0 0.0 334 41 154.2 5
70 0.1 430.0 0.0 430 41 184.16666666666666 6
80 0.1 468.0 0.0 468 41 219.28571428571428 7
90 0.1 1167.0 0.0 1167 41 250.375 8
100 0.1 816.0 0.0 1167 41 352.22222222222223 9
110 0.1 840.0 0.0 1167 41 398.6 10
120 0.1 1076.0 0.0 1167 41 438.72727272727275 11
130 0.1 1083.0 0.0 1167 41 491.8333333333333 12
140 0.1 1278.0 0.0 1278 41 537.3076923076923 13
150 0.1 1387.0 0.0 1387 41 590.2142857142857 14
160 0.1 1721.0 0.0 1721 41 643.3333333333334 15
170 0.1 1806.0 0.0 1806 41 710.6875 16
180 0.1 2173.0 0.0 2173 41 775.1176470588235 17
190 0.1 2318.0 0.0 2318 41 852.7777777777778 18
200 0.1 2358.0 0.0 2358 41 929.8947368421053 19
210 0.1 3181.0 0.0 3181 41 1001.3 20
220 0.1 3173.0 0.0 3181 41 1105.095238095238 21
230 0.1 3449.0 0.0 3449 41 1199.090909090909 22
240 0.1 3564.0 0.0 3564 41 1296.9130434782608 23
250 0.1 2867.0 0.0 3564 41 1391.375 24
260 0.1 2641.0 0.0 3564 41 1450.4 25
270 0.1 2854.0 0.0 3564 41 1496.1923076923076 26
280 0.1 2545.0 0.0 3564 41 1546.4814814814815 27
290 0.1 1928.0 0.0 3564 41 1582.142857142857 28
300 0.1 1815.0 0.0 3564 41 1594.0689655172414 29
310 0.1 1904.0 0.0 3564 41 1601.4333333333334 30
