30 0.2 35890.157999999996 92.72599999999693 35982.884 35797.432 0 0
40 0.9 35784.84477777778 61.971977035823095 35982.884 35695.481 35890.157999999996 2
50 0.4 35774.301999999996 25.502671693372392 35982.884 35695.481 35803.99263636363 11
60 0.9 35800.179444444446 51.44724141640761 35982.884 35695.481 35796.07513333333 15
70 1.3 35806.40038461538 38.75198697543852 35982.884 35695.481 35797.61425 24
80 1.6 44295.27093749999 17613.837802019003 81046.299 35695.481 35800.70127027027 37
90 2.6 42878.825038461546 16210.83795422894 81046.299 35695.481 38365.09966037735 53
100 2.2 46150.97745454545 18837.251868818825 81046.299 35695.481 39850.62953164557 79
110 2.8 49056.96064285713 20322.16547899645 81977.996 35695.481 41222.982544554456 101
120 3.6 51493.405 21180.023601352743 82539.085 35695.481 42923.380891472865 129
130 3.6 56598.67508333335 22394.307427485757 82539.085 35695.481 44793.204333333335 165
140 3.8 48320.17821052633 19787.29220477459 82539.085 35695.481 46907.61700497513 201
150 4.3 56113.28039534885 22094.776404278946 84115.482 35695.481 47132.20832635984 239
160 3.2 55583.502875000006 21268.19349074564 86714.877 35695.481 48501.66257801419 282
170 4.9 66188.66642857147 22752.527111153835 91950.916 35102.891 49223.37878662421 314
180 6.1 61500.72037704915 23140.854412944154 95391.419 35020.476 51513.45893663913 363
190 9 56576.412599999996 21205.028955215832 97973.364 35020.476 52950.30551179245 424
200 9.4 60817.54409574466 23837.15615247095 98443.674 35011.639 53585.22698638132 514
210 10.7 56713.48895327103 22797.393621608884 99117.154 35011.445 54703.38127631579 608
220 11.4 57443.09033333333 21744.343070101328 99117.154 35011.344 55004.194593007 715
230 13.8 58232.26321739128 22263.691364516704 99959.343 35011.344 55339.57953196623 829
240 12 53776.125299999956 21396.347898010677 99959.343 35010.746 55752.3927156153 967
250 19.2 59623.80485416669 24067.23086337314 102824.539 35010.746 55534.2215197792 1087
260 22.8 57361.257675438625 23274.68078357938 106118.337 35010.746 56148.1386426896 1279
270 18.9 60936.126026455015 24496.95117095745 112426.12 35010.746 56331.676226940945 1507
280 14.6 79168.07460273974 18629.586124578505 114106.423 35010.746 56844.790031250006 1696
290 10.3 81746.25443689329 17557.636907532615 117773.103 35010.746 58614.170893051036 1842
300 11.8 86743.83491525428 13268.673620140322 118384.223 35010.746 59839.16040719795 1945
310 12.2 92463.67305737705 11790.837536451992 118384.223 35010.746 61378.06083955406 2063
