0 9.8 98
10 10.1 199
20 8.1 280
30 19.9 479
40 22.1 700
50 27.5 975
60 32.7 1302
70 37.9 1681
80 38.7 2068
90 42 2488
100 51.5 3003
110 50.5 3508
120 60.5 4113
130 65.2 4765
140 67.2 5437
150 70.4 6141
160 78.6 6927
170 76.3 7690
180 79.1 8481
190 87.9 9360
200 84.5 10205
210 92.9 11134
220 94.4 12078
230 96.3 13041
240 97.5 14016
250 100.2 15018
260 96.8 15986
270 97.5 16961
280 96 17921
290 96.6 18887
300 94.3 19830
310 92.5 20755
320 88.4 21639
330 92.4 22563
340 76.4 23327
350 73.1 24058
360 48.3 24541
370 23.9 24780
380 24.3 25023
390 21.4 25237
400 10.8 25345
407 0 25345
