0 0 0
10 0 0
20 0 0
30 2.4 24
40 4.4 68
50 5.5 123
60 6.2 185
70 7.2 257
80 12.1 378
90 13.4 512
100 11.7 629
110 17.4 803
120 18.3 986
130 19.7 1183
140 22.3 1406
150 22.7 1633
160 27 1903
170 24 2143
180 28 2423
190 28.8 2711
200 28.1 2992
210 32.7 3319
220 35.8 3677
230 34.2 4019
240 36.3 4382
250 39.6 4778
260 39.2 5170
270 44.7 5617
280 41.8 6035
290 44.1 6476
300 43.4 6910
310 49.2 7402
320 48.5 7887
330 55.4 8441
340 58.7 9028
350 55 9578
360 43.2 10010
370 28.9 10299
380 29.8 10597
390 30.8 10905
400 27.7 11182
407 11.4 11296
