0 0.1 3521.65234375 0 3521.65234375 3521.65234375 0 0
10 0.1 3520.07421875 0.0 3521.65234375 3520.07421875 3521.65234375 1
20 0.1 3518.03125 0.0 3521.65234375 3518.03125 3520.86328125 2
30 0.1 3515.22265625 0.0 3521.65234375 3515.22265625 3519.9192708333335 3
40 0.1 3505.0859375 0.0 3521.65234375 3505.0859375 3518.7451171875 4
50 0.1 3499.83984375 0.0 3521.65234375 3499.83984375 3516.01328125 5
60 0.1 3493.1484375 0.0 3521.65234375 3493.1484375 3513.3177083333335 6
70 0.1 3483.19140625 0.0 3521.65234375 3483.19140625 3510.4363839285716 7
80 0.1 3481.34375 0.0 3521.65234375 3481.34375 3507.03076171875 8
90 0.1 3479.58203125 0.0 3521.65234375 3479.58203125 3504.1766493055557 9
100 0.1 3474.7578125 0.0 3521.65234375 3474.7578125 3501.7171875 10
110 0.1 3464.8671875 0.0 3521.65234375 3464.8671875 3499.2663352272725 11
120 0.1 3462.56640625 0.0 3521.65234375 3462.56640625 3496.3997395833335 12
130 0.1 3447.17578125 0.0 3521.65234375 3447.17578125 3493.797175480769 13
140 0.1 3443.51953125 0.0 3521.65234375 3443.51953125 3490.4670758928573 14
150 0.1 3441.55078125 0.0 3521.65234375 3441.55078125 3487.3372395833335 15
160 0.1 3440.2421875 0.0 3521.65234375 3440.2421875 3484.4755859375 16
170 0.1 3438.2734375 0.0 3521.65234375 3438.2734375 3481.8736213235293 17
180 0.1 3436.6640625 0.0 3521.65234375 3436.6640625 3479.4513888888887 18
190 0.1 3423.0546875 0.0 3521.65234375 3423.0546875 3477.1994243421054 19
200 0.1 3419.3046875 0.0 3521.65234375 3419.3046875 3474.4921875 20
210 0.1 3389.37109375 0.0 3521.65234375 3389.37109375 3471.864211309524 21
220 0.1 3384.9375 0.0 3521.65234375 3384.9375 3468.1145241477275 22
230 0.1 3371.0703125 0.0 3521.65234375 3371.0703125 3464.4981317934785 23
240 0.1 3367.265625 0.0 3521.65234375 3367.265625 3460.6053059895835 24
250 0.1 3365.5 0.0 3521.65234375 3365.5 3456.87171875 25
260 0.1 3364.9921875 0.0 3521.65234375 3364.9921875 3453.357421875 26
270 0.1 3364.28515625 0.0 3521.65234375 3364.28515625 3450.0846354166665 27
280 0.1 3350.578125 0.0 3521.65234375 3350.578125 3447.0203683035716 28
290 0.1 3347.90625 0.0 3521.65234375 3347.90625 3443.6947737068967 29
300 0.1 3347.25 0.0 3521.65234375 3347.25 3440.5018229166667 30
310 0.1 3346.625 0.0 3521.65234375 3346.625 3437.493699596774 31
320 0.1 3346.1484375 0.0 3521.65234375 3346.1484375 3434.654052734375 32
330 0.1 3344.81640625 0.0 3521.65234375 3344.81640625 3431.9720643939395 33
340 0.1 3344.6796875 0.0 3521.65234375 3344.6796875 3429.4086626838234 34
350 0.1 3344.75 0.0 3521.65234375 3344.6796875 3426.9878348214284 35
360 0.1 3344.7578125 0.0 3521.65234375 3344.6796875 3424.703450520833 36
370 0.1 3344.640625 0.0 3521.65234375 3344.640625 3422.542757601351 37
380 0.1 3344.6484375 0.0 3521.65234375 3344.640625 3420.492701480263 38
390 0.1 3392.953125 0.0 3521.65234375 3344.640625 3418.5479767628203 39
400 0.1 3396.96875 0.0 3521.65234375 3344.640625 3417.90810546875 40
407 0.1 3398.23046875 0.0 3521.65234375 3344.640625 3417.3973894817073 41
