0 0.1 0.0 0 0.0 0.0 0 0
10 0.1 0.0 0.0 0.0 0.0 0.0 1
20 0.1 0.0 0.0 0.0 0.0 0.0 2
30 0.1 0.0 0.0 0.0 0.0 0.0 3
40 0.1 0.0 0.0 0.0 0.0 0.0 4
50 0.1 0.0 0.0 0.0 0.0 0.0 5
60 0.1 0.0 0.0 0.0 0.0 0.0 6
70 0.1 0.0 0.0 0.0 0.0 0.0 7
80 0.1 0.0 0.0 0.0 0.0 0.0 8
90 0.1 0.0 0.0 0.0 0.0 0.0 9
100 0.1 0.0 0.0 0.0 0.0 0.0 10
110 0.1 0.0 0.0 0.0 0.0 0.0 11
120 0.1 0.0 0.0 0.0 0.0 0.0 12
130 0.1 0.0 0.0 0.0 0.0 0.0 13
140 0.1 0.0 0.0 0.0 0.0 0.0 14
150 0.1 0.0 0.0 0.0 0.0 0.0 15
160 0.1 0.0 0.0 0.0 0.0 0.0 16
170 0.1 0.0 0.0 0.0 0.0 0.0 17
180 0.1 0.0 0.0 0.0 0.0 0.0 18
190 0.1 0.0 0.0 0.0 0.0 0.0 19
200 0.1 0.0703125 0.0 0.0703125 0.0 0.0 20
210 0.1 0.05859375 0.0 0.0703125 0.0 0.0033482142857142855 21
220 0.1 0.05078125 0.0 0.0703125 0.0 0.005859375 22
230 0.1 0.0390625 0.0 0.0703125 0.0 0.0078125 23
240 0.1 0.0390625 0.0 0.0703125 0.0 0.009114583333333334 24
250 0.1 0.1015625 0.0 0.1015625 0.0 0.0103125 25
260 0.1 0.08984375 0.0 0.1015625 0.0 0.013822115384615384 26
270 0.1 0.1484375 0.0 0.1484375 0.0 0.016637731481481483 27
280 0.1 0.12890625 0.0 0.1484375 0.0 0.021344866071428572 28
290 0.1 0.109375 0.0 0.1484375 0.0 0.025053879310344827 29
300 0.1 0.08984375 0.0 0.1484375 0.0 0.027864583333333335 30
310 0.1 0.078125 0.0 0.1484375 0.0 0.029863911290322582 31
320 0.1 0.05859375 0.0 0.1484375 0.0 0.0313720703125 32
330 0.1 0.05078125 0.0 0.1484375 0.0 0.032196969696969696 33
340 0.1 0.05078125 0.0 0.1484375 0.0 0.03274356617647059 34
350 0.1 0.0390625 0.0 0.1484375 0.0 0.03325892857142857 35
360 0.1 0.03125 0.0 0.1484375 0.0 0.03342013888888889 36
370 0.1 0.03125 0.0 0.1484375 0.0 0.033361486486486486 37
380 0.1 0.01953125 0.0 0.1484375 0.0 0.03330592105263158 38
390 0.1 0.01953125 0.0 0.1484375 0.0 0.03295272435897436 39
400 0.1 0.01953125 0.0 0.1484375 0.0 0.0326171875 40
407 0.1 0.01171875 0.0 0.1484375 0.0 0.032298018292682924 41
