0 0.1 3522.76171875 0 3522.76171875 3522.76171875 0 0
10 0.1 3523.33984375 0.0 3523.33984375 3522.76171875 3522.76171875 1
20 0.1 3519.8671875 0.0 3523.33984375 3519.8671875 3523.05078125 2
30 0.1 3521.61328125 0.0 3523.33984375 3519.8671875 3521.9895833333335 3
40 0.1 3521.51953125 0.0 3523.33984375 3519.8671875 3521.8955078125 4
50 0.1 3521.41015625 0.0 3523.33984375 3519.8671875 3521.8203125 5
60 0.1 3520.4765625 0.0 3523.33984375 3519.8671875 3521.751953125 6
70 0.1 3521.3125 0.0 3523.33984375 3519.8671875 3521.569754464286 7
80 0.1 3521.0 0.0 3523.33984375 3519.8671875 3521.53759765625 8
90 0.1 3520.76953125 0.0 3523.33984375 3519.8671875 3521.4778645833335 9
100 0.1 3520.38671875 0.0 3523.33984375 3519.8671875 3521.40703125 10
110 0.1 3520.171875 0.0 3523.33984375 3519.8671875 3521.314275568182 11
120 0.1 3519.95703125 0.0 3523.33984375 3519.8671875 3521.2190755208335 12
130 0.1 3517.7890625 0.0 3523.33984375 3517.7890625 3521.1219951923076 13
140 0.1 3516.87109375 0.0 3523.33984375 3516.87109375 3520.8839285714284 14
150 0.1 3515.8515625 0.0 3523.33984375 3515.8515625 3520.61640625 15
160 0.1 3515.2578125 0.0 3523.33984375 3515.2578125 3520.318603515625 16
170 0.1 3515.265625 0.0 3523.33984375 3515.2578125 3520.0209099264707 17
180 0.1 3515.140625 0.0 3523.33984375 3515.140625 3519.7567274305557 18
190 0.1 3514.93359375 0.0 3523.33984375 3514.93359375 3519.5137746710525 19
200 0.1 3514.19140625 0.0 3523.33984375 3514.19140625 3519.284765625 20
210 0.1 3514.203125 0.0 3523.33984375 3514.19140625 3519.0422247023807 21
220 0.1 3514.203125 0.0 3523.33984375 3514.19140625 3518.822265625 22
224 0.1 3514.08984375 0.0 3523.33984375 3514.08984375 3518.621433423913 23
