0 0.7 57.2987142857143 43.41575367705759 138.788 11.966 0 0
10 0.6 34.032999999999994 24.544591474837517 138.788 10.875 57.2987142857143 7
20 0.9 24.654333333333334 14.963512095167438 138.788 7.761 46.56069230769231 13
30 1.5 30.507933333333337 14.685399031993954 138.788 7.761 37.599 22
40 1.4 28.05864285714286 14.209247268728825 138.788 7.761 34.724243243243244 37
50 1.2 32.121916666666664 12.080243916262159 138.788 7.761 32.89447058823529 51
60 1.9 27.800105263157896 13.960428627467133 138.788 7.761 32.74731746031746 63
70 1.1 34.56100000000001 11.384256617244393 138.788 7.761 31.601012195121957 82
80 1.3 27.82553846153846 18.418623888358987 138.788 7.761 31.9511182795699 93
90 1.8 38.91316666666667 15.61401688387713 138.788 7.761 31.445150943396232 106
100 1.6 28.285625000000003 13.263889987834451 138.788 7.761 32.52921774193549 124
110 1.4 34.03378571428572 7.244343164335402 138.788 7.761 32.04423571428572 140
120 7.6 31.496447368421023 14.141353096685076 138.788 7.761 32.2251038961039 154
130 4.1 30.61882926829268 10.981868635480403 138.788 7.761 31.984330434782603 230
140 0.5 27.7968 3.2950237267734495 138.788 7.761 31.777741697416968 271
150 2.9 33.616241379310345 4.1962245646424154 138.788 7.761 31.70562318840579 276
160 1.7 32.16305882352941 5.150800103131759 138.788 7.761 31.887288524590158 305
170 0.3 85.41666666666667 84.80242634238455 205.342 7.761 31.901847826086946 322
180 0.3 26.923333333333336 2.1267894948855557 205.342 7.761 32.39583076923076 325
190 0.8 30.423374999999997 9.232396884578511 205.342 7.761 32.34577743902439 328
200 0.3 28.705333333333332 0.562310313695995 205.342 7.761 32.30000595238095 336
210 0.4 25.249499999999998 1.401448982303671 205.342 7.761 32.26819469026549 339
220 4.6 24.634478260869564 3.845509836380778 205.342 7.761 32.18634402332362 343
224 1.5 20.198866666666664 1.5137348013733736 205.342 7.761 31.29332133676093 389
