0 1.7 23.473411764705887 22.188211411783044 90.569 11.761 0 0
10 1 20.399099999999994 19.218896172517294 90.569 10.875 23.473411764705887 17
20 1.7 13.026647058823531 2.1902938277553345 90.569 7.761 22.334777777777777 27
30 3.1 14.734774193548382 3.60228164890583 90.569 7.761 18.738454545454545 44
40 2.6 15.084230769230768 3.4380936388967775 90.569 7.761 17.083599999999997 75
50 2.5 15.38992 3.0101339893101104 90.569 7.761 16.568910891089104 101
60 3.5 15.066685714285713 3.142904459903551 90.569 7.761 16.334984126984125 126
70 2.3 16.498826086956523 4.875073748848399 90.569 7.761 16.05926708074534 161
80 2.2 16.414863636363638 6.593264616226683 90.569 7.761 16.114211956521736 184
90 4.2 16.646023809523815 8.763782265361868 90.569 7.761 16.146320388349512 206
100 2.9 15.580724137931032 5.645593966470221 90.569 6.468 16.23094758064516 248
110 3.1 15.334193548387097 3.459043102990403 90.569 6.468 16.162873646209388 277
120 17.2 13.88561046511627 2.8501818902597957 90.569 6.468 16.079467532467532 308
130 8.6 14.56825581395349 4.5894528482366095 90.569 6.468 15.293335416666661 480
140 1 13.8677 5.671906488121961 90.569 6.468 15.18316431095406 566
150 5.8 16.78098275862069 4.221339260812278 90.569 6.468 15.160326388888885 576
160 3.4 16.05479411764705 4.503533173614661 90.569 6.468 15.308588328075707 634
170 0.6 42.68216666666667 69.39031699840324 197.515 6.468 15.346568862275445 668
180 0.6 13.439333333333332 6.065376401253997 197.515 6.468 15.58991246290801 674
190 1.6 15.1855 7.772263787018554 197.515 6.468 15.57093676470588 680
200 0.6 14.326500000000001 6.1593097759949265 197.515 6.379 15.562076149425287 696
210 0.8 12.600750000000001 5.597244383399746 197.515 6.379 15.55151566951567 702
220 9.2 12.292271739130436 5.602643947092925 197.515 6.29 15.518267605633804 710
224 3 10.075166666666668 2.7604380942564575 197.515 6.29 15.148203241895262 802
