0 1.4 2.316642857142857 2.893274136612678 12.656 1.127 0 0
10 0.8 2.9127500000000004 2.8911500631236695 12.656 1.127 2.316642857142857 14
20 1 1.3302 0.17442006765277893 12.656 1.102 2.5334090909090907 22
30 1.4 1.3215 0.19438538672294423 12.656 1.102 2.15740625 32
40 1.7 1.3343529411764707 0.16345891413133923 12.656 1.099 1.9030000000000002 46
50 3.2 1.3363749999999999 0.24946401919916228 12.656 0.947 1.7495555555555558 63
60 3.1 1.6171290322580643 2.0479095043945144 12.784 0.85 1.610378947368421 95
70 3.6 1.2220555555555555 0.2022399488567485 12.784 0.85 1.6120396825396826 126
80 4.3 1.2966976744186047 0.38220045482575027 12.784 0.85 1.5253765432098765 162
90 4.6 1.2564565217391306 0.28049643154528875 12.784 0.815 1.4774097560975608 205
100 5.5 1.2741818181818174 0.2248289119962588 12.784 0.815 1.4369163346613545 251
110 6.7 1.227089552238806 0.24932019401680167 12.784 0.788 1.4076666666666666 306
120 7.7 1.5830129870129879 2.3013733307795903 15.595 0.788 1.375230563002681 373
130 5.3 1.1974905660377357 0.23365832357344202 15.595 0.788 1.4107844444444446 450
140 8.8 1.3978749999999998 0.7269171800471682 15.595 0.772 1.3883101391650101 503
150 9.3 1.2900322580645165 0.8468823717893703 15.595 0.772 1.38973434856176 591
160 12.1 1.2536280991735533 0.7713520289717698 15.595 0.772 1.3761783625730997 684
170 14.9 1.8118053691275164 1.9341512044258353 15.595 0.764 1.3577577639751555 805
180 18 1.352655555555555 0.811754439622546 15.595 0.764 1.428672955974843 954
190 18.5 1.3694108108108118 1.1940053709381182 15.595 0.764 1.4166067019400352 1134
200 21.4 1.554850467289719 1.9048521114314927 19.285 0.764 1.4099871114480669 1319
210 23.2 1.2956508620689666 0.8364841515900499 19.285 0.764 1.4302093933463795 1533
220 26.7 1.361419475655431 1.070376896445672 19.285 0.764 1.4125223796033997 1765
230 30.5 1.3275475409836057 1.1339261628615076 19.285 0.761 1.4058075787401578 2032
240 8.3 1.4118795180722892 1.2278940674609482 19.285 0.761 1.3955939238339752 2337
250 0 0 0 19.285 0.761 1.3961524793388431 2420
260 0 0 0 19.285 0.761 1.3961524793388431 2420
270 0 0 0 19.285 0.761 1.3961524793388431 2420
280 0 0 0 19.285 0.761 1.3961524793388431 2420
290 0 0 0 19.285 0.761 1.3961524793388431 2420
294 0 0 0 19.285 0.761 1.3961524793388431 2420
