0 0.1 3516.66796875 0 3516.66796875 3516.66796875 0 0
10 0.1 3517.76171875 0.0 3517.76171875 3516.66796875 3516.66796875 1
20 0.1 3517.76953125 0.0 3517.76953125 3516.66796875 3517.21484375 2
30 0.1 3517.53515625 0.0 3517.76953125 3516.66796875 3517.3997395833335 3
40 0.1 3515.484375 0.0 3517.76953125 3515.484375 3517.43359375 4
50 0.1 3514.76953125 0.0 3517.76953125 3514.76953125 3517.04375 5
60 0.1 3513.08203125 0.0 3517.76953125 3513.08203125 3516.6647135416665 6
70 0.1 3510.546875 0.0 3517.76953125 3510.546875 3516.152901785714 7
80 0.1 3509.828125 0.0 3517.76953125 3509.828125 3515.4521484375 8
90 0.1 3508.13671875 0.0 3517.76953125 3508.13671875 3514.8272569444443 9
100 0.1 3507.63671875 0.0 3517.76953125 3507.63671875 3514.158203125 10
110 0.1 3506.13671875 0.0 3517.76953125 3506.13671875 3513.565340909091 11
120 0.1 3504.34375 0.0 3517.76953125 3504.34375 3512.9462890625 12
130 0.1 3501.23046875 0.0 3517.76953125 3501.23046875 3512.2845552884614 13
140 0.1 3499.6015625 0.0 3517.76953125 3499.6015625 3511.4949776785716 14
150 0.1 3498.66796875 0.0 3517.76953125 3498.66796875 3510.702083333333 15
160 0.1 3497.84375 0.0 3517.76953125 3497.84375 3509.949951171875 16
170 0.1 3496.96875 0.0 3517.76953125 3496.96875 3509.2378216911766 17
180 0.1 3490.61328125 0.0 3517.76953125 3490.61328125 3508.556206597222 18
190 0.1 3485.2890625 0.0 3517.76953125 3485.2890625 3507.6118421052633 19
200 0.1 3476.46484375 0.0 3517.76953125 3476.46484375 3506.495703125 20
210 0.1 3474.95703125 0.0 3517.76953125 3474.95703125 3505.0656622023807 21
220 0.1 3468.0625 0.0 3517.76953125 3468.0625 3503.697088068182 22
230 0.1 3459.484375 0.0 3517.76953125 3459.484375 3502.147758152174 23
240 0.1 3457.44921875 0.0 3517.76953125 3457.44921875 3500.3701171875 24
250 0.1 3457.203125 0.0 3517.76953125 3457.203125 3498.65328125 25
260 0.1 3456.6640625 0.0 3517.76953125 3456.6640625 3497.059044471154 26
270 0.1 3456.4609375 0.0 3517.76953125 3456.4609375 3495.562934027778 27
280 0.1 3456.76171875 0.0 3517.76953125 3456.4609375 3494.166434151786 28
290 0.1 3457.84375 0.0 3517.76953125 3456.4609375 3492.8766163793102 29
294 0.1 3460.3359375 0.0 3517.76953125 3456.4609375 3491.7088541666667 30
