0 1.4 127.23200000000001 99.28589427362924 376.222 13.93 0 0
10 0.8 148.29787499999998 78.86692990955954 376.222 13.93 127.23200000000001 14
20 1 107.30649999999999 70.86085692997227 376.222 13.93 134.89231818181818 22
30 2.3 117.237 172.81001638743655 869.576 13.035 126.27175 32
40 3.2 245.35871875 324.7063825678934 869.576 13.035 122.49358181818182 55
50 5.1 130.3642352941176 235.241829121304 869.576 12.947 167.6853563218391 87
60 6.1 253.2189508196721 345.45395670341765 895.582 9.154 153.89276811594203 138
70 5.6 123.60824999999996 245.58762007880856 895.582 9.154 184.3394874371859 199
80 9.1 217.34367032967032 319.5027595423677 895.582 9.154 171.002431372549 255
90 10.1 163.65782178217822 285.36261522096834 895.582 9.154 183.19044508670518 346
100 12.5 251.8791999999999 336.62150223285494 895.582 8.639 178.77703355704696 447
110 13.9 212.1541942446042 316.4253306105083 895.582 8.639 194.7521573426573 572
120 16.9 200.47089940828408 308.3742439503667 895.582 8.639 198.15424331926857 711
130 14.4 255.44738888888872 331.6608404775985 895.582 8.639 198.59914659090904 880
140 21 221.9289047619048 315.04321218600563 895.582 8.639 206.59343066406242 1024
150 22.6 236.9908849557523 328.4496239219143 1172.957 8.639 209.20319529983786 1234
160 24.9 227.76710441767057 328.4058667673433 1172.957 8.639 213.50457739726025 1460
170 28.2 273.1802234042553 392.2368258023094 1827.907 8.487 215.58261673493266 1709
180 34.6 176.77789595375737 289.1646683724795 1827.907 8.487 223.7405901557006 1991
190 38.1 210.94087139107614 311.0184385867018 1827.907 8.487 216.78761959777492 2337
200 46.4 228.33299999999969 326.0346579231025 1827.907 8.487 215.96804231052243 2718
210 54.3 255.02572375690613 342.7400847724041 1827.907 8.487 217.7711033940917 3182
220 61.3 305.5977455138666 386.19281135279425 1827.907 8.487 223.20177691275163 3725
230 65.4 307.9524266055046 399.13660159912405 1827.907 8.487 234.84509843245735 4338
240 50.3 363.8954532803179 400.9149787013336 1827.907 8.487 244.42286137820514 4992
250 47.1 495.31859447983 487.5321963778578 2241.196 8.487 255.3591150136488 5495
260 54.1 569.8225046210725 561.3447583523074 2527.817 8.487 274.30328444518943 5966
270 48.4 691.4269483471077 604.7869008866496 2527.817 8.487 298.87311664361465 6507
280 21.2 663.7882735849058 339.7066439829672 2527.817 8.487 326.0503523101131 6991
290 5.7 814.4039649122809 97.9608909575232 2527.817 8.487 335.9907159516869 7203
294 0 0 0 2527.817 8.487 339.74685303030316 7260
