0 2.6 68.27684615384617 43.919646178423044 146.536 13.845 0 0
10 2.2 53.885409090909086 39.23451209384074 146.536 13.845 68.27684615384617 26
20 1.8 59.58166666666668 36.509463296825146 146.536 13.845 61.680770833333334 48
30 4.2 73.66240476190475 87.10695160604618 361.835 13.035 61.108287878787884 66
40 8.1 91.97727160493828 132.6055557107557 420.415 13.035 65.99044444444445 108
50 10.9 60.963321100917405 105.52406655563546 420.415 8.571 77.12765608465608 189
60 15.7 98.35138216560516 144.1070013313283 420.415 8.571 71.21519798657717 298
70 11.8 58.872271186440656 109.80893472559745 420.415 8.524 80.57867252747255 455
80 22.5 87.74624888888877 136.51370563296828 420.415 7.761 76.10859336823736 573
90 21.2 79.8456981132076 129.46836243910545 420.415 7.761 79.38988721804509 798
100 33.5 96.10791044776114 142.2672757248311 428.405 7.356 79.48556237623761 1010
110 32.1 88.39192834890966 135.2103453180719 428.405 7.212 83.62570111524161 1345
120 40.6 85.2246724137932 133.36389805218457 431.427 7.212 84.544043817527 1666
130 38.1 98.20440419947512 140.2798718103303 431.427 7.033 84.67741023166023 2072
140 51.9 87.27668593448941 132.52355288175858 434.657 7.033 86.77842315532003 2453
150 57.6 94.76576562500014 139.469717869954 754.447 7.033 86.86543472409153 2972
160 63 88.76484603174609 135.90918979366887 754.447 7.033 88.14801381059755 3548
170 70.7 110.00963507779355 162.88652935186764 1037.305 7.033 88.24102584968888 4178
180 80.1 75.8755780274657 124.31664520705705 1037.305 4.382 91.39156970317302 4885
190 93.8 87.42014392324087 132.25095971191425 1037.305 4.046 89.20579599015129 5686
200 115 91.37616869565205 134.0753226733237 1037.305 3.192 88.95293644323674 6624
210 137.2 101.95387827988337 141.11479928920275 1037.305 3.192 89.31140275276563 7774
220 154.4 120.76403950777207 158.98842711859305 1037.305 3.083 91.20791231139296 9146
230 165.2 121.79943523002424 157.59499252509752 1037.305 3.083 95.47682347988774 10690
240 136.7 133.85992538405267 161.9892910025406 1037.305 3.083 99.00015475611731 12342
250 138.7 172.3499581831288 192.17844921792843 1100.677 3.083 102.47621474943466 13709
260 159.7 205.31815090795251 219.3297567193064 1228.96 3.083 108.89611950185476 15096
270 153 203.62227058823518 221.83419787575377 1228.96 3.083 118.12070370814112 16693
280 87.4 159.895899313501 179.2348945030855 1228.96 3.083 125.29940081216044 18223
290 25.9 165.46042471042472 176.59193050184336 1228.96 3.083 126.88275629680052 19097
294 0 0 0 1228.96 3.083 127.3989588241372 19356
