0 11.1375 11.1375
10 11.75703125 22.89453125
20 7.5421875 30.43671875
30 24.20625 54.64296875
40 52.5078125 107.15078125
50 64.55546875 171.70625
60 104.68515625 276.39140625
70 71.03046875 347.421875
80 148.2859375 495.7078125
90 138.1625 633.8703125
100 231.97890625 865.84921875
110 209.471875 1075.32109375
120 273.609375 1348.93046875
130 267.48515625 1616.415625
140 355.0796875 1971.4953125
150 392.93125 2364.4265625
160 421.9796875 2786.40625
170 462.59296875 3248.99921875
180 516.58359375 3765.5828125
190 628 4393.5828125
200 760.515625 5154.0984375
210 925.1109375 6079.209375
220 1027.32890625 7106.53828125
230 1073.05 8179.58828125
240 1008.26875 9187.85703125
250 1090.79375 10278.65078125
260 1214.20703125 11492.8578125
270 1113.2125 12606.0703125
280 642.83515625 13248.90546875
290 180.0515625 13428.95703125
294 0 13428.95703125
