0 0.9 2.761 3.0881381661663605 10.801 1.207 0 0
10 1.3 1.2751538461538463 0.13983278263909263 10.801 0.908 2.761 9
20 1.1 1.3288181818181821 0.12882321796789306 10.801 0.908 1.883 22
30 1.4 1.2452142857142856 0.10810786846705377 10.801 0.908 1.6982727272727274 33
40 0.5 1.3456 0.10904054291867775 10.801 0.908 1.5633191489361702 47
50 1.4 1.229142857142857 0.14779660596473068 10.801 0.783 1.5423846153846152 52
60 1.7 1.602294117647059 1.6224438271688606 10.801 0.783 1.4759393939393939 66
70 3 1.167133333333333 0.2366261092008985 10.801 0.783 1.5018192771084338 83
80 3.1 1.1522258064516135 0.20226024591096134 10.801 0.754 1.4129646017699113 113
90 3 1.1188333333333333 0.17787825112200256 10.801 0.754 1.3568333333333333 144
100 3.7 1.283189189189189 0.3457118654850891 10.801 0.754 1.3157988505747127 174
110 3.6 1.1643888888888887 0.22813169658698093 10.801 0.751 1.3100805687203791 211
120 5.5 1.3572727272727272 1.5396867267496093 11.314 0.745 1.288846153846154 247
130 4.1 1.289829268292683 0.2572226806408213 11.314 0.745 1.3013079470198676 302
140 3.9 1.1975641025641028 0.1904258109621825 11.314 0.745 1.299935860058309 343
150 5.4 1.1138888888888887 0.31223214693597284 11.314 0.691 1.2894842931937172 382
160 1.4 1.3411428571428572 0.18771515546656517 11.314 0.691 1.26773623853211 436
170 2.1 1.1876190476190476 0.2238865520941728 11.314 0.691 1.2700199999999997 450
180 1.5 1.7017333333333333 2.0088286293813673 11.314 0.691 1.2663460721868363 471
190 1.6 1.4028125 0.38102234494022785 11.314 0.691 1.2797839506172835 486
200 1.8 1.2857222222222224 0.14094002095278985 11.314 0.691 1.2837051792828682 502
210 1.2 1.3576666666666666 0.09561932626595708 11.314 0.691 1.2837749999999997 520
220 3.3 1.2982121212121216 0.16706299983444053 11.314 0.691 1.285441729323308 532
230 2.3 1.344869565217391 0.2133894794578429 11.314 0.691 1.286187610619469 565
240 1.7 1.8275882352941177 2.55271661658075 12.002 0.691 1.2884829931972788 588
250 2.5 1.1768799999999997 0.21576585828161043 12.002 0.691 1.3036314049586775 605
258 0.4 1.35425 0.053180706087828496 12.002 0.691 1.2986015873015873 630
