0 0.9 37.97288888888889 20.161253639617442 64.168 14.444 0 0
10 1.2 40.09641666666666 17.32987170782641 64.168 14.444 37.97288888888889 9
20 1.2 36.72275 17.57248670092445 64.168 14.26 39.18633333333333 21
30 1.8 28.624611111111115 15.531783131297393 64.168 11.435 38.290484848484844 33
40 1 33.06519999999999 14.223317283953135 64.168 11.435 34.879 51
50 1.8 34.536777777777786 17.36248336550057 64.168 10.885 34.581655737704914 61
60 2.7 31.06596296296297 14.471768087943534 64.168 10.264 34.571430379746836 79
70 3.4 39.6664705882353 15.948722145446773 64.168 10.264 33.67852830188679 106
80 3.9 35.6015641025641 16.920752545540914 64.348 10.264 35.13274285714286 140
90 4.2 36.62107142857142 16.148005323366394 70.605 10.264 35.234888268156425 179
100 4.7 36.23014893617021 15.184185022832319 70.605 10.264 35.4983257918552 221
110 5.1 32.764568627450984 13.714390340155594 70.605 10.264 35.62666791044776 268
120 6.9 39.2715072463768 14.268877639482627 70.605 10.264 35.169090909090905 319
130 5.5 40.03136363636361 15.522591903256405 70.605 10.264 35.898644329896904 388
140 5.5 37.21296363636363 17.270072862891656 78.706 9.653 36.41173589164785 443
150 6.9 34.460318840579724 16.168035318870803 78.706 7.874 36.500224899598386 498
160 2.7 37.62192592592592 13.283168034454361 78.706 7.874 36.2519823633157 567
170 4.1 35.405024390243916 8.286710670170187 78.706 7.874 36.31425252525253 594
180 4 62.00350000000001 72.69478018950193 344.14 7.874 36.25554645669291 635
190 2.1 32.057952380952386 6.95230222558166 344.14 7.874 37.78135111111111 675
200 1.8 28.87111111111111 2.5614492835304716 344.14 7.874 37.60866235632184 696
210 1.2 29.0265 1.9300277415968234 344.14 7.874 37.38838795518207 714
220 3.3 28.562939393939395 2.61885874911994 344.14 7.874 37.25017493112947 726
230 2.3 28.200043478260863 2.0120752963320343 344.14 7.874 36.872469038208166 759
240 1.7 29.433058823529414 2.6798461209244664 344.14 7.874 36.617397698209714 782
250 2.5 21.677 2.4548947024261554 344.14 7.874 36.464539424280346 799
258 0.4 21.185000000000002 0.9515558312574197 344.14 7.874 36.01588834951456 824
