0 8.86015625 8.86015625
10 14.1046875 22.96484375
20 12.18359375 35.1484375
30 14.440625 49.5890625
40 10.21875 59.8078125
50 17.471875 77.2796875
60 25.75546875 103.03515625
70 41.0078125 144.04296875
80 41.284375 185.32734375
90 47.271875 232.59921875
100 57.4890625 290.08828125
110 57.3296875 347.41796875
120 90.41875 437.83671875
130 70.5 508.33671875
140 59.61015625 567.946875
150 75.1578125 643.1046875
160 35.9609375 679.065625
170 65.55078125 744.61640625
180 63.6265625 808.24296875
190 33.51171875 841.7546875
200 29.1015625 870.85625
210 19.5140625 890.3703125
220 53.33515625 943.70546875
230 37.30390625 981.009375
240 27.44140625 1008.45078125
250 40.39453125 1048.8453125
258 6.5046875 1055.35
