10 0.1 63 0 63 63 0 0
20 0.1 56.0 0.0 63 56 63.0 1
30 0.1 87.0 0.0 87 56 59.5 2
40 0.1 143.0 0.0 143 56 68.66666666666667 3
50 0.1 112.0 0.0 143 56 87.25 4
60 0.1 124.0 0.0 143 56 92.2 5
70 0.1 220.0 0.0 220 56 97.5 6
80 0.1 245.0 0.0 245 56 115.0 7
90 0.1 502.0 0.0 502 56 131.25 8
100 0.1 437.0 0.0 502 56 172.44444444444446 9
110 0.1 422.0 0.0 502 56 198.9 10
120 0.1 285.0 0.0 502 56 219.1818181818182 11
130 0.1 508.0 0.0 508 56 224.66666666666666 12
140 0.1 659.0 0.0 659 56 246.46153846153845 13
150 0.1 448.0 0.0 659 56 275.92857142857144 14
160 0.1 722.0 0.0 722 56 287.4 15
170 0.1 379.0 0.0 722 56 314.5625 16
180 0.1 428.0 0.0 722 56 318.3529411764706 17
190 0.1 774.0 0.0 774 56 324.44444444444446 18
200 0.1 248.0 0.0 774 56 348.10526315789474 19
210 0.1 187.0 0.0 774 56 343.1 20
220 0.1 424.0 0.0 774 56 335.6666666666667 21
230 0.1 254.0 0.0 774 56 339.6818181818182 22
240 0.1 268.0 0.0 774 56 335.95652173913044 23
250 0.1 198.0 0.0 774 56 333.125 24
254 0.1 298.0 0.0 774 56 327.72 25
