30 0.3 30138.440333333332 32.85389125946601 30184.833 30113.04 0 0
40 0.6 30061.811833333337 3.1691786221179985 30184.833 30057.441 30138.440333333332 3
50 0.4 30060.626500000002 1.2406156737694771 30184.833 30057.441 30087.35466666667 9
60 0.7 30063.205285714288 4.5872929058526255 30184.833 30057.441 30079.130615384616 13
70 0.5 30162.5032 174.33544638931028 30505.108 30055.083 30073.55675 20
80 0.8 30059.549249999996 2.6258081018040156 30505.108 30055.083 30091.346040000004 25
90 0.9 30068.188444444444 22.730637597310416 30505.108 30054.904 30083.63772727273 33
100 2.4 41732.92141666669 26108.384695486824 100155.679 30051.35 30080.327166666666 42
110 2 40566.352399999996 25004.615449633176 100155.679 30051.35 34317.63416666667 66
120 2.3 48327.56665217392 30751.929668366425 100155.679 30049.547 35770.82445348838 86
130 2 58070.85604999999 34304.770262254606 100155.679 30049.547 38420.41225688074 109
140 2.1 50068.51880952381 31633.88669909033 100155.679 30049.547 41466.99268992249 129
150 1.8 49513.738888888896 31369.905216629202 100155.679 30049.547 42671.20634666667 150
160 3.6 55346.000055555545 33634.64928638168 100155.679 30049.547 43404.33483333334 168
170 3.5 52069.971142857146 32511.765680264416 100155.679 30049.547 45511.68751960785 204
180 4.5 62735.9488888889 34933.29809546753 100155.679 30049.547 46472.105623430965 239
190 2.1 83424.5866666667 29825.36533225456 100203.241 30048.753 49049.12304225353 284
200 1.5 100082.1214 4.334557613718505 100203.241 30048.753 51415.95824262296 305
210 0.7 100085.75614285714 8.501689755213924 100203.241 30048.753 53697.184640625004 320
220 2.1 100082.6422857143 4.724341658777238 100203.241 30048.753 54690.21216513762 327
230 2.4 100081.90070833336 6.257049600782635 100203.241 30048.753 57429.41053448277 348
240 1.9 100082.74621052633 5.85016444734094 100203.241 30048.753 60181.18409408603 372
250 2.4 100083.5396666667 7.960201466604141 100203.241 30048.753 62120.13468286445 391
254 0.6 100082.27249999998 2.5528381427923685 100203.241 30048.753 64315.6087060241 415
