0 7.0875 7.0875
10 5.86328125 12.95078125
20 10.55 23.50078125
30 18.90859375 42.409375
40 17.89296875 60.30234375
50 18.034375 78.33671875
60 32.42734375 110.7640625
70 30.63671875 141.40078125
80 48.375 189.77578125
90 41.24375 231.01953125
100 68.32109375 299.340625
110 45.40859375 344.74921875
120 70.1890625 414.93828125
130 74.834375 489.77265625
140 71.634375 561.40703125
150 71.2765625 632.68359375
160 68.0734375 700.75703125
170 55.72890625 756.4859375
180 71.81015625 828.29609375
190 33.87109375 862.1671875
200 24.23671875 886.40390625
210 11.42265625 897.8265625
220 32.4640625 930.290625
230 36.97421875 967.26484375
240 34.01796875 1001.2828125
250 37.29921875 1038.58203125
254 11.18984375 1049.771875
