0 9.8 98
10 9.3 191
20 10.3 294
30 14.1 435
40 12.6 561
50 14.9 710
60 17.6 886
70 19.7 1083
80 25.4 1337
90 28.4 1621
100 31.4 1935
110 28.5 2220
120 35.8 2578
130 39 2968
140 40.9 3377
150 41 3787
160 45 4237
170 47 4707
180 53.7 5244
190 50.2 5746
200 51.6 6262
210 51.6 6778
220 61 7388
230 59 7978
240 63.7 8615
250 60.2 9217
260 62.7 9844
270 61.8 10462
280 62.4 11086
290 62.7 11713
300 62.1 12334
310 63.8 12972
320 63 13602
330 36.7 13969
340 26.2 14231
350 25.1 14482
360 24.9 14731
370 28.6 15017
380 29.8 15315
390 30.9 15624
400 27.8 15902
407 11.8 16020
