0 98 98
10 191 93
20 294 103
30 413 119
40 494 81
50 589 95
60 682 93
70 798 116
80 896 98
90 977 81
100 1141 164
110 1176 35
120 1282 106
130 1381 99
140 1472 91
150 1559 87
160 1628 69
170 1771 143
180 1824 53
190 1815 -9
200 1790 -25
210 1778 -12
220 1799 21
230 1837 38
240 1783 -54
250 1790 7
260 1808 18
270 1817 9
280 1808 -9
290 1820 12
300 1800 -20
310 1833 33
320 1806 -27
330 1662 -144
340 1435 -227
350 1136 -299
360 928 -208
370 834 -94
380 557 -277
390 278 -279
400 118 -160
407 0 -118
