0 9.8 51.3982857142857 56.24752013998449 298.008 11.434 0 0
10 9.2 37.336663043478254 23.124256576664617 298.008 11.381 51.3982857142857 98
20 10.4 32.31786538461539 22.30274741184355 298.008 11.381 44.58949999999999 190
30 21.1 30.129492890995223 17.600837723322876 298.008 11.358 40.24851360544217 294
40 21.4 32.461378504672865 20.380944645815607 298.008 11.358 36.02056633663365 505
50 26.6 32.67397744360902 20.870463052951266 298.008 8.386 34.96122531293461 719
60 31.5 32.406234920634944 19.058834214303463 298.008 7.87 34.34355228426394 985
70 37.6 31.60409308510638 20.72796842854712 298.008 7.87 33.874125384615375 1300
80 44.4 29.052353603603596 19.536507728572378 298.008 7.578 33.36485799522673 1676
90 49.1 34.194678207739294 25.729671076819002 298.008 7.513 32.46167311320754 2120
100 54.9 33.59190346083784 22.43245826734107 298.008 7.513 32.7875656836461 2611
110 57 33.030647368421 23.547520985926912 298.008 7.513 32.9273066455696 3160
120 67.9 39.43535640648019 28.62127963729461 298.008 7.513 32.9430986595174 3730
130 73.7 42.156668928086845 30.906948424918852 298.008 7.18 33.942926967566336 4409
140 74.9 44.95554339118823 35.64426505997855 298.008 7.18 35.11928293820443 5146
150 78.4 55.93906632653064 44.527744160078406 298.008 7.18 36.3690469889737 5895
160 88.8 74.47869594594594 66.41310238574836 380.86 7.18 38.666231471777216 6679
170 89.1 57.51992143658807 46.97098264673269 380.86 7.18 42.86888357341087 7567
180 93.3 66.28956913183279 57.86557155676781 383.586 7.18 44.41228328209979 8458
190 99 105.11488989899 89.89225741286508 553.615 7.18 46.585801299116184 9391
200 96.4 1013.4538952282157 684.4184467595537 2827.963 7.18 52.16751767652443 10381
210 105.5 1139.4243895734608 655.8503372222027 2903.273 7.18 133.8493218157779 11345
220 113.1 1239.8603934571152 696.738820301496 3520.711 7.18 219.4042973387098 12400
230 114.1 1567.9598317265538 916.9906120883675 3860.4 0.885 304.6999772374546 13531
240 121.1 1389.9016069364134 829.6951917346387 3860.4 0.885 402.94012813522335 14672
250 128.5 1467.2794739299627 934.3223773346186 3860.4 0.88 478.19104740917925 15883
260 128 1464.2960593750024 940.6137746642131 3887.305 0.88 552.2228873485552 17168
270 138.9 1362.9496573074134 946.3103281902777 3887.305 0.876 615.5063684952297 18448
280 137.4 1362.2612663755472 941.6980706826694 3887.305 0.85 667.8428472047182 19837
290 141.8 1327.2993265162208 991.1156013111658 3887.305 0.85 712.8256819574748 21211
300 151.4 1273.8624663143976 1021.0736692276 3950.971 0.85 751.3304160590393 22629
310 158.7 1203.3702028985538 985.9750298927848 3950.971 0.85 784.0982379571717 24143
320 153.2 1246.423790469974 977.5964589456128 4099.35 0.85 809.9585025650991 25730
330 132.7 802.7047264506399 874.7390154960798 4099.35 0.85 834.4858600983055 27262
340 113.4 54.14164109347445 37.57961323522509 4099.35 0.85 833.010692574067 28589
350 108.1 39.414125809435625 25.041059407217404 4099.35 0.85 803.2950681627024 29723
360 79.2 29.451397727272752 21.710575166034758 4099.35 0.85 776.4883125892741 30804
370 58.4 16.931554794520533 8.290943986383802 4099.35 0.85 757.762738574503 31596
380 60.7 17.331397034596375 8.311345141322134 4099.35 0.85 744.3181950279677 32180
390 58.7 16.572155025553656 8.095439386897917 4099.35 0.85 730.8591720498978 32787
400 39.6 12.802780303030305 6.94559782205777 4099.35 0.85 718.2959048660633 33374
407 11.8 9.305220338983052 1.9255114184645001 4099.35 0.85 710.0230213206988 33770
