10 0.1 881 0 881 881 0 0
20 0.1 718.0 0.0 881 718 881.0 1
30 0.1 661.0 0.0 881 661 799.5 2
40 0.1 1464.0 0.0 1464 661 753.3333333333334 3
50 0.1 1613.0 0.0 1613 661 931.0 4
60 0.1 1728.0 0.0 1728 661 1067.4 5
70 0.1 2165.0 0.0 2165 661 1177.5 6
80 0.1 2693.0 0.0 2693 661 1318.5714285714287 7
90 0.1 2948.0 0.0 2948 661 1490.375 8
100 0.1 3249.0 0.0 3249 661 1652.3333333333333 9
110 0.1 3823.0 0.0 3823 661 1812.0 10
120 0.1 3717.0 0.0 3823 661 1994.8181818181818 11
130 0.1 4457.0 0.0 4457 661 2138.3333333333335 12
140 0.1 4877.0 0.0 4877 661 2316.6923076923076 13
150 0.1 4984.0 0.0 4984 661 2499.5714285714284 14
160 0.1 5296.0 0.0 5296 661 2665.2 15
170 0.1 6017.0 0.0 6017 661 2829.625 16
180 0.1 5715.0 0.0 6017 661 3017.1176470588234 17
190 0.1 6295.0 0.0 6295 661 3167.0 18
200 0.1 6512.0 0.0 6512 661 3331.6315789473683 19
210 0.1 6899.0 0.0 6899 661 3490.65 20
220 0.1 7672.0 0.0 7672 661 3652.9523809523807 21
230 0.1 8020.0 0.0 8020 661 3835.6363636363635 22
240 0.1 7981.0 0.0 8020 661 4017.5652173913045 23
250 0.1 8774.0 0.0 8774 661 4182.708333333333 24
260 0.1 8755.0 0.0 8774 661 4366.36 25
270 0.1 8818.0 0.0 8818 661 4535.153846153846 26
280 0.1 9460.0 0.0 9460 661 4693.777777777777 27
290 0.1 9284.0 0.0 9460 661 4864.0 28
300 0.1 9767.0 0.0 9767 661 5016.413793103448 29
310 0.1 10119.0 0.0 10119 661 5174.766666666666 30
320 0.1 10122.0 0.0 10122 661 5334.258064516129 31
330 0.1 10089.0 0.0 10122 661 5483.875 32
340 0.1 7099.0 0.0 10122 661 5623.424242424242 33
350 0.1 6081.0 0.0 10122 661 5666.823529411765 34
360 0.1 5994.0 0.0 10122 661 5678.657142857143 35
370 0.1 4476.0 0.0 10122 661 5687.416666666668 36
380 0.1 3696.0 0.0 10122 661 5654.675675675678 37
390 0.1 3865.0 0.0 10122 661 5603.131578947371 38
400 0.1 3725.0 0.0 10122 661 5558.564102564104 39
407 0.1 1987.0 0.0 10122 661 5512.725000000001 40
