30 2.4 35082.78479166666 56.0246617593384 35309.387 35056.035 0 0
40 4.4 35070.17118181819 31.11574928923493 35309.387 35052.789 35082.78479166666 24
50 5.5 35067.21774545452 15.256535646573028 35309.387 35052.789 35074.623044117645 68
60 6.2 35066.980951612895 10.094224360153857 35309.387 35050.999 35071.311731707305 123
70 7.2 35068.253444444446 11.060097794284484 35309.387 35050.999 35069.86033513513 185
80 12.1 55167.98025619835 22390.99547636152 80336.491 35050.999 35069.410155642014 257
90 13.4 51205.03660447764 21582.692214175335 80336.491 35050.999 41503.07942063492 378
100 11.7 51235.86661538458 21598.086630274112 80336.491 35050.999 44042.263527343755 512
110 17.4 51376.44558045976 21636.086856615526 80336.491 35050.999 45380.34232114467 629
120 18.3 51323.273322404355 21613.837175088654 80336.491 35050.999 46679.62247945205 803
130 19.7 52690.60441624363 21964.22133793645 80336.491 35050.999 47541.47654056795 986
140 22.3 54883.1344170404 22336.297043050658 80336.491 35050.999 48398.939086221464 1183
150 22.7 54345.51393832597 22263.090540496032 80336.491 35050.999 49427.37120483642 1406
160 27 51645.348307407454 21674.892778110345 80336.491 35050.999 50111.03219718309 1633
170 24 55020.41868750004 22344.97850611806 80336.491 35050.999 50328.722869679455 1903
180 28 58124.38711428568 22491.50625130807 80336.491 35050.999 50854.157772281855 2143
190 28.8 51769.37635763891 21674.085329590114 80361.761 35050.999 51694.29983408997 2423
200 28.1 56973.903765124545 22304.73736037943 81201.749 35050.999 51702.27550313537 2711
210 32.7 54286.63151070339 21872.80565159426 82052.991 35050.999 52197.37160661765 2992
220 35.8 58621.3060558659 22438.869596292756 82256.64 35050.999 52403.21312172341 3319
230 34.2 58326.701245614015 22323.17736174065 82559.206 35050.999 53008.61896083764 3677
240 36.3 58821.25450688713 22109.88483656797 82655.501 35050.999 53461.165400597165 4019
250 39.6 57666.2788181818 21936.014981065033 82655.501 35050.999 53905.189212916484 4382
260 39.2 59365.279808673535 21998.69414780912 82713.88 35050.999 54216.90781561324 4778
270 44.7 57511.51131767338 21872.344551433802 82862.304 35050.999 54607.26793578338 5170
280 41.8 57215.9802392344 22490.53885785026 85121.544 35050.999 54838.38717945523 5617
290 44.1 60066.22830612243 23172.55721584539 85322.839 35050.999 55003.06553885668 6035
300 43.4 58656.8968502304 23095.65598042646 85591.923 35011.931 55347.854726683145 6476
310 49.2 59599.44558333338 23560.536174657504 86131.335 35008.746 55555.68747366136 6910
320 48.5 58828.74782061854 23406.630032648576 86152.582 35008.746 55824.470098622 7402
330 55.4 59307.72997653425 23506.424139637187 86152.582 35008.746 56009.21394231013 7887
340 58.7 57576.394160136275 23703.740131672857 86152.582 35008.746 56225.70225921099 8441
350 55 57683.69736363636 23432.713493233474 86152.582 35008.746 56313.524162826754 9028
360 43.2 62576.64643287038 23293.49991259978 86152.582 35008.746 56392.20397703069 9578
370 28.9 82782.96709688583 1238.271098686514 86152.582 35008.746 56659.10499010989 10010
380 29.8 82723.21136241608 1351.7791784703513 86152.582 35008.746 57392.166078454225 10299
390 30.8 82489.66460389615 1358.5574258710083 86152.582 35008.746 58104.5046171558 10597
400 27.7 82611.30425631774 1378.9530273878772 86152.582 35008.746 58793.23724218248 10905
407 11.4 83058.74798245612 813.5187045501604 86152.582 35008.746 59383.257324718295 11182
