0 88.53671875 88.53671875
10 90.97265625 179.509375
20 75.590625 255.1
30 172.3 427.4
40 188.1015625 615.5015625
50 233.7984375 849.3
60 276.521875 1125.821875
70 323.20546875 1449.02734375
80 370.65859375 1819.6859375
90 401.73984375 2221.42578125
100 471.7734375 2693.19921875
110 477.584375 3170.78359375
120 562.97421875 3733.7578125
130 619.975 4353.7328125
140 643.05625 4996.7890625
150 672.259375 5669.0484375
160 744.87734375 6413.92578125
170 736.80078125 7150.7265625
180 780.51015625 7931.23671875
190 847.54140625 8778.778125
200 874.7234375 9653.5015625
210 873.525 10527.0265625
220 972.1546875 11499.18125
230 949.77421875 12448.95546875
240 1003.50625 13452.46171875
250 1069.06796875 14521.5296875
260 1028.74453125 15550.27421875
270 1117.6828125 16667.95703125
280 1069.4078125 17737.36484375
290 1137.71015625 18875.075
300 1149.61015625 20024.68515625
310 1199.45234375 21224.1375
320 1121.5265625 22345.6640625
330 852.915625 23198.5796875
340 766.64921875 23965.22890625
350 734.83515625 24700.0640625
360 561.2109375 25261.275
370 403.5875 25664.8625
380 406.7390625 26071.6015625
390 386.10390625 26457.70546875
400 270.721875 26728.42734375
407 89.2984375 26817.72578125
