0 88.39140625 88.39140625
10 90.0765625 178.46796875
20 75.6234375 254.09140625
30 179.2796875 433.37109375
40 191.49375 624.86484375
50 239.74296875 864.6078125
60 284.696875 1149.3046875
70 358.234375 1507.5390625
80 374.0875 1881.6265625
90 395.9546875 2277.58125
100 493.7984375 2771.3796875
110 482.7421875 3254.121875
120 580.92109375 3835.04296875
130 632.78515625 4467.828125
140 651.88359375 5119.71171875
150 681.88125 5801.59296875
160 756.5359375 6558.12890625
170 763.5390625 7321.66796875
180 771.534375 8093.20234375
190 856.90078125 8950.103125
200 830.11953125 9780.22265625
210 923.27109375 10703.49375
220 935.053125 11638.546875
230 964.31484375 12602.86171875
240 988.13828125 13591
250 1038.0453125 14629.0453125
260 1016.00390625 15645.04921875
270 1040.6609375 16685.71015625
280 1062.025 17747.73515625
290 1072.403125 18820.13828125
300 1097.5609375 19917.69921875
310 1099.840625 21017.53984375
320 1063.4625 22081.00234375
330 988.3265625 23069.32890625
340 783.6375 23852.96640625
350 729.36484375 24582.33125
360 439.83046875 25022.16171875
370 358.93515625 25381.096875
380 295.9640625 25677.0609375
390 275.928125 25952.9890625
400 108.64609375 26061.63515625
407 12.0765625 26073.71171875
