0 10.3 103
10 9.1 194
20 10.5 299
30 14.1 440
40 12.7 567
50 14.6 713
60 18 893
70 19.6 1089
80 20.4 1293
90 23.1 1524
100 27.9 1803
110 21.9 2022
120 29 2312
130 31.3 2625
140 31.4 2939
150 30.7 3246
160 35.2 3598
170 36.4 3962
180 39.4 4356
190 40.1 4757
200 40.3 5160
210 42.6 5586
220 43.8 6024
230 45.1 6475
240 47.1 6946
250 47.5 7421
260 47.2 7893
270 52.1 8414
280 52 8934
290 53.7 9471
300 59.4 10065
310 59.9 10664
320 56.3 11227
330 6.9 11296
340 0 11296
350 0 11296
360 0 11296
370 0 11296
380 0 11296
390 0 11296
400 0 11296
407 0 11296
