0 103 103
10 194 194
20 299 299
30 416 416
40 499 499
50 590 590
60 708 708
70 832 832
80 915 918
90 1012 1016
100 1174 1175
110 1219 1220
120 1326 1328
130 1442 1445
140 1533 1533
150 1613 1614
160 1695 1702
170 1819 1821
180 1933 1937
190 2046 2049
200 2168 2173
210 2267 2268
220 2347 2351
230 2456 2458
240 2564 2581
250 2643 2644
260 2723 2737
270 2797 2798
280 2899 2911
290 2995 3005
300 3155 3156
310 3262 3262
320 3340 3344
330 2855 3356
340 2268 3356
350 1718 3356
360 1286 3356
370 997 3356
380 699 3356
390 391 3356
400 114 3356
407 0 3356
