0 0.1 0.8898502544477055 0 0.8898502544477055 0.8898502544477055 0 0
10 0.1 0.3 0.0 0.8898502544477055 0.3 0.8898502544477055 1
20 0.1 0.10010010010010009 0.0 0.8898502544477055 0.10010010010010009 0.5949251272238527 2
30 0.1 0.3003003003003003 0.0 0.8898502544477055 0.10010010010010009 0.42998345151593514 3
40 0.1 0.20020020020020018 0.0 0.8898502544477055 0.10010010010010009 0.3975626637120264 4
50 0.1 0.5994005994005994 0.0 0.8898502544477055 0.10010010010010009 0.3580901710096612 5
60 0.1 0.4016064257028112 0.0 0.8898502544477055 0.10010010010010009 0.3983085757414842 6
70 0.1 0.7042253521126761 0.0 0.8898502544477055 0.10010010010010009 0.39877969716453093 7
80 0.1 0.6018054162487462 0.0 0.8898502544477055 0.10010010010010009 0.4369604040330491 8
90 0.1 1.3026052104208417 0.0 1.3026052104208417 0.10010010010010009 0.45527651650145984 9
100 0.1 3.1093279839518555 0.0 3.1093279839518555 0.10010010010010009 0.540009385893398 10
110 0.1 0.9072580645161291 0.0 3.1093279839518555 0.10010010010010009 0.7735838038987123 11
120 0.1 1.2072434607645874 0.0 3.1093279839518555 0.10010010010010009 0.7847233256168304 12
130 0.1 1.0101010101010102 0.0 3.1093279839518555 0.10010010010010009 0.8172248744743502 13
140 0.1 3.0211480362537766 0.0 3.1093279839518555 0.10010010010010009 0.831001741304826 14
150 0.1 1.6080402010050252 0.0 3.1093279839518555 0.10010010010010009 0.9770114943014226 15
160 0.1 1.809045226130653 0.0 3.1093279839518555 0.10010010010010009 1.016450788470398 16
170 0.1 1.105527638190955 0.0 3.1093279839518555 0.10010010010010009 1.063073990685707 17
180 0.1 2.416918429003021 0.0 3.1093279839518555 0.10010010010010009 1.065432526658221 18
190 0.1 1.503006012024048 0.0 3.1093279839518555 0.10010010010010009 1.1365633636237369 19
200 0.1 1.3039117352056169 0.0 3.1093279839518555 0.10010010010010009 1.1548854960437525 20
210 0.1 1.0040160642570282 0.0 3.1093279839518555 0.10010010010010009 1.1619819836228888 21
213 0.1 1.3 0.0 3.1093279839518555 0.10010010010010009 1.1548017145608043 22
