0 0.7 83.71900000000001 80.45780967509795 220.437 14.82 0 0
10 0.8 91.66525000000001 130.9505525386873 428.392 14.82 83.71900000000001 7
20 2.4 48.290625000000006 39.595873394850656 428.392 13.822 87.95700000000001 15
30 2.1 112.2605238095238 220.9062311752635 817.344 13.822 63.54692307692307 39
40 3.3 149.50554545454546 266.7221592001106 838.338 13.822 80.59668333333333 60
50 5.7 153.39338596491228 285.3689763105878 1122.192 13.822 105.04821505376344 93
60 8.1 197.72241975308646 306.4145204103709 1224.857 13.358 123.41937999999999 150
70 7 192.27537142857142 305.52170528735047 1224.857 13.358 149.47369264069266 231
80 7.9 284.63355696202547 366.63220420783745 1224.857 13.358 159.42757142857144 301
90 11.7 238.7339230769229 347.886777821946 1224.857 13.358 185.4572368421053 380
100 13.8 273.07459420289854 411.2776710578601 1853.127 13.358 197.9992334004024 497
110 13.7 583.4210948905113 652.4824944357235 2478.134 13.358 214.31482362204724 635
120 14.3 269.45420979020975 400.41493916325953 2478.134 11.607 279.8168432642488 772
130 16.4 372.39982317073174 513.8888078818874 2478.134 11.607 278.19732786885254 915
140 17.9 405.17963128491607 590.12043167305 2566.09 11.167 292.51540871177025 1079
150 19.5 602.1297743589743 719.6696940426821 3003.132 11.167 308.5463275039746 1258
160 15.2 1241.0683355263163 1346.3900309740052 6500.126 11.167 347.94672126634555 1453
170 12.5 2658.161784 2344.6890448893755 7891.492 11.167 432.528955140187 1605
180 11.8 3014.831169491524 2962.9336405320455 10345.393 11.167 593.3405757225435 1730
190 10.4 5449.37676923077 4373.376334530194 14723.219 11.167 747.959563852814 1848
200 9.5 9803.32958947368 5673.954883971294 19555.162 11.167 998.4449067622952 1952
210 8 11957.507200000004 5377.241928998905 24582.963 11.167 1407.0741421592575 2047
213 1.8 6656.183166666666 4234.394033525515 24582.963 11.167 1803.893439116126 2127
