0 1.3 45.05046153846153 34.67003641278597 126.637 14.82 0 0
10 1.4 52.35657142857143 75.30198404113011 300.773 14.709 45.05046153846153 13
20 4.8 24.121 18.9081006625908 300.773 13.798 48.83881481481481 27
30 4.5 52.3583111111111 96.44619068102685 400.415 13.613 33.01941333333333 75
40 7.5 65.75371999999999 114.92806312965921 406.485 13.613 40.271499999999996 120
50 12.3 71.05699186991868 129.560946019828 727.652 8.652 50.07235384615384 195
60 19.7 81.263152284264 133.6804955366755 743.961 8.652 58.189053459119485 318
70 17.1 85.9399883040936 137.19580149053922 743.961 7.848 67.01545631067962 515
80 20.1 109.37755223880606 150.33617269021713 743.961 7.848 71.73279591836736 686
90 27.8 100.62546402877697 143.70592007156702 743.961 7.848 80.26334385569338 887
100 33.4 114.81527245508983 178.37337923604093 820.591 7.848 85.12228755364809 1165
110 39.4 199.15601522842647 273.4123216736387 1361.938 7.848 91.73833622414945 1499
120 36.8 111.15511141304351 176.13741732268144 1361.938 7.848 114.0957400950872 1893
130 41.3 146.51879418886202 219.23913086517425 1361.938 7.848 113.61712383900932 2261
140 44.5 164.37328764044923 252.9131495931661 1361.938 7.848 118.69879543754678 2674
150 50.7 267.66617751479254 403.3216092928422 3289.07 7.848 125.21535492144918 3119
160 41.3 474.39299031477003 550.1005132198618 3289.07 7.848 145.13332708218417 3626
170 36 1004.774325 937.0032104708025 3943.013 7.848 178.8011262688784 4039
180 35 1297.3157714285705 1109.2897080326518 5666.93 7.848 246.3961141168447 4399
190 34.7 2380.177002881846 1595.8562641830047 7432.053 7.848 323.8486051800378 4749
200 32.2 3011.755155279505 1930.0008661083095 7432.053 7.848 463.86939678178965 5096
210 29.9 1960.2825585284284 1777.235068735412 8772.053 7.848 615.2941317829459 5418
213 4.8 764.8184791666666 1195.896890210875 8772.053 7.848 685.6372382368377 5717
