10 0.1 65 0 65 65 0 0
20 0.1 51.0 0.0 65 51 65.0 1
30 0.1 187.0 0.0 187 51 58.0 2
40 0.1 175.0 0.0 187 51 101.0 3
50 0.1 250.0 0.0 250 51 119.5 4
60 0.1 481.0 0.0 481 51 145.6 5
70 0.1 627.0 0.0 627 51 201.5 6
80 0.1 522.0 0.0 627 51 262.2857142857143 7
90 0.1 634.0 0.0 634 51 294.75 8
100 0.1 1109.0 0.0 1109 51 332.44444444444446 9
110 0.1 1085.0 0.0 1109 51 410.1 10
120 0.1 1155.0 0.0 1155 51 471.45454545454544 11
130 0.1 1183.0 0.0 1183 51 528.4166666666666 12
140 0.1 1455.0 0.0 1455 51 578.7692307692307 13
150 0.1 1442.0 0.0 1455 51 641.3571428571429 14
160 0.1 1559.0 0.0 1559 51 694.7333333333333 15
170 0.1 1128.0 0.0 1559 51 748.75 16
180 0.1 1177.0 0.0 1559 51 771.0588235294117 17
190 0.1 1089.0 0.0 1559 51 793.6111111111111 18
200 0.1 878.0 0.0 1559 51 809.1578947368421 19
210 0.1 891.0 0.0 1559 51 812.6 20
213 0.1 753.0 0.0 1559 51 816.3333333333334 21
