0 5.5140625 5.5140625
10 5.61640625 11.13046875
20 21.646875 32.77734375
30 26.54609375 59.3234375
40 46.634375 105.9578125
50 74.93359375 180.89140625
60 123.75625 304.64765625
70 102.01484375 406.6625
80 141.9875 548.65
90 180.98828125 729.63828125
100 214.89921875 944.5375
110 262.6171875 1207.1546875
120 237.896875 1445.0515625
130 279.27734375 1724.32890625
140 282.7359375 2007.06484375
150 327.99140625 2335.05625
160 292.3625 2627.41875
170 265.73203125 2893.15078125
180 262.45078125 3155.6015625
190 254.30859375 3409.91015625
200 241.35234375 3651.2625
210 224.771875 3876.034375
213 41.20078125 3917.23515625
