0 1.1 3.2895454545454546 7.075760124456098 25.659 0.744 0 0
10 0.8 1.2794999999999999 0.39192154827209996 25.659 0.744 3.2895454545454546 11
20 1.5 1.0272000000000001 0.13216313152060735 25.659 0.744 2.4432105263157893 19
30 1.8 1.0277222222222224 0.12649102100568924 25.659 0.744 1.8185 34
40 3.4 1.0705294117647053 0.13737138054839385 25.659 0.744 1.544769230769231 52
50 3.2 2.838125 7.079965473741732 39.408 0.744 1.3572790697674417 86
60 3.1 1.8983225806451605 2.2385088122215064 39.408 0.744 1.758864406779661 118
70 4 1.1039749999999997 0.14846607146078858 39.408 0.744 1.787879194630872 149
80 4.4 1.03975 0.10146049947908528 39.408 0.744 1.6431375661375658 189
90 4.9 1.0669387755102042 0.3261014871555039 39.408 0.744 1.52919313304721 233
100 7.3 1.315273972602739 1.6688062525352236 39.408 0.744 1.4488723404255317 282
110 5.3 0.9118867924528303 0.12202840071179198 39.408 0.708 1.4213999999999996 355
120 5.5 1.2626727272727274 1.166320508803733 39.408 0.708 1.3552132352941175 408
130 8.2 0.9450000000000001 0.18925057592463193 39.408 0.708 1.3442203023758097 463
140 10.3 1.1293398058252426 0.8095313225576292 39.408 0.708 1.2841541284403668 545
150 9.5 1.001305263157894 0.12991058250190152 39.408 0.708 1.2595462962962962 648
160 1.1 1.147 0.05733474275927924 39.408 0.708 1.2265275908479136 743
170 0 0 0 39.408 0.708 1.2253673740053048 754
180 0 0 0 39.408 0.708 1.2253673740053048 754
190 0 0 0 39.408 0.708 1.2253673740053048 754
200 0 0 0 39.408 0.708 1.2253673740053048 754
210 0 0 0 39.408 0.708 1.2253673740053048 754
220 0 0 0 39.408 0.708 1.2253673740053048 754
230 0 0 0 39.408 0.708 1.2253673740053048 754
240 0 0 0 39.408 0.708 1.2253673740053048 754
250 0 0 0 39.408 0.708 1.2253673740053048 754
260 0 0 0 39.408 0.708 1.2253673740053048 754
261 0 0 0 39.408 0.708 1.2253673740053048 754
