0 0.1 0.8949947083538798 0 0.8949947083538798 0.8949947083538798 0 0
10 0.1 0.30060120240480964 0.0 0.8949947083538798 0.30060120240480964 0.8949947083538798 1
20 0.1 2.1 0.0 2.1 0.30060120240480964 0.5977979553793448 2
30 0.1 0.1002004008016032 0.0 2.1 0.1002004008016032 1.0985319702528964 3
40 0.1 0.3009027081243731 0.0 2.1 0.1002004008016032 0.8489490778900731 4
50 0.1 0.20100502512562815 0.0 2.1 0.1002004008016032 0.7393398039369331 5
60 0.1 0.7028112449799196 0.0 2.1 0.1002004008016032 0.6496173408017156 6
70 0.1 0.8008008008008007 0.0 2.1 0.1002004008016032 0.6572164699700306 7
80 0.1 0.8040201005025126 0.0 2.1 0.1002004008016032 0.6751645113238768 8
90 0.1 0.5045408678102926 0.0 2.1 0.1002004008016032 0.6894817990103919 9
100 0.1 1.0050251256281406 0.0 2.1 0.1002004008016032 0.6709877058903819 10
110 0.1 2.320887991927346 0.0 2.320887991927346 0.1002004008016032 0.70135474404836 11
120 0.1 1.0040160642570282 0.0 2.320887991927346 0.1002004008016032 0.8363158480382755 12
130 0.1 0.9054325955734407 0.0 2.320887991927346 0.1002004008016032 0.8492158646704873 13
140 0.1 1.1077542799597182 0.0 2.320887991927346 0.1002004008016032 0.8532313454492696 14
150 0.1 1.6080402010050252 0.0 2.320887991927346 0.1002004008016032 0.8701995410832996 15
160 0.1 1.109989909182644 0.0 2.320887991927346 0.1002004008016032 0.9163145823284073 16
170 0.1 1.2987012987012987 0.0 2.320887991927346 0.1002004008016032 0.9277072486139507 17
180 0.1 0.6030150753768844 0.0 2.320887991927346 0.1002004008016032 0.9483180291743589 18
190 0.1 0.802407221664995 0.0 2.320887991927346 0.1002004008016032 0.9301441895008077 19
200 0.1 1.0999999999999999 0.0 2.320887991927346 0.1002004008016032 0.9237573411090171 20
210 0.1 0.5040322580645161 0.0 2.320887991927346 0.1002004008016032 0.9321498486752544 21
220 0.1 0.9018036072144289 0.0 2.320887991927346 0.1002004008016032 0.9126899581929482 22
230 0.1 1.098901098901099 0.0 2.320887991927346 0.1002004008016032 0.9122166385851864 23
240 0.1 0.3015075376884422 0.0 2.320887991927346 0.1002004008016032 0.9199951577650162 24
250 0.1 0.7984031936127743 0.0 2.320887991927346 0.1002004008016032 0.8952556529619531 25
260 0.1 0.6018054162487462 0.0 2.320887991927346 0.1002004008016032 0.8915305583716001 26
261 0.1 0.4995004995004995 0.0 2.320887991927346 0.1002004008016032 0.880799997552235 27
