10 0.1 99 0 99 99 0 0
20 0.1 188.0 0.0 188 99 99.0 1
30 0.1 88.0 0.0 188 88 143.5 2
40 0.1 235.0 0.0 235 88 125.0 3
50 0.1 366.0 0.0 366 88 152.5 4
60 0.1 502.0 0.0 502 88 195.2 5
70 0.1 555.0 0.0 555 88 246.33333333333334 6
80 0.1 744.0 0.0 744 88 290.42857142857144 7
90 0.1 963.0 0.0 963 88 347.125 8
100 0.1 1169.0 0.0 1169 88 415.55555555555554 9
110 0.1 1223.0 0.0 1223 88 490.9 10
120 0.1 1216.0 0.0 1223 88 557.4545454545455 11
130 0.1 1076.0 0.0 1223 88 612.3333333333334 12
140 0.1 1299.0 0.0 1299 88 648.0 13
150 0.1 1491.0 0.0 1491 88 694.5 14
160 0.1 1435.0 0.0 1491 88 747.6 15
170 0.1 1149.0 0.0 1491 88 790.5625 16
180 0.1 1074.0 0.0 1491 88 811.6470588235294 17
190 0.1 1005.0 0.0 1491 88 826.2222222222222 18
200 0.1 1146.0 0.0 1491 88 835.6315789473684 19
210 0.1 1038.0 0.0 1491 88 851.15 20
220 0.1 913.0 0.0 1491 88 860.047619047619 21
230 0.1 902.0 0.0 1491 88 862.4545454545455 22
240 0.1 819.0 0.0 1491 88 864.1739130434783 23
250 0.1 766.0 0.0 1491 88 862.2916666666666 24
260 0.1 867.0 0.0 1491 88 858.44 25
261 0.1 558.0 0.0 1491 88 858.7692307692307 26
