0 2.5 32.8356 28.046257403083217 122.295 12.236 0 0
10 1.2 18.300250000000002 6.9875590650455335 122.295 12.181 32.8356 25
20 2.9 21.219275862068958 30.87022801754037 183.641 11.228 28.12143243243243 37
30 5.2 53.022326923076925 103.4517040569993 385.044 11.228 25.088666666666665 66
40 9.8 52.9535918367347 104.63355749187176 405.658 11.228 37.398415254237285 118
50 13.7 150.20659854014596 250.70630927512983 1138.906 8.634 44.45585648148148 216
60 12.3 81.08984552845527 132.10488325237066 1138.906 8.634 85.49792917847024 353
70 17.8 199.79948314606727 346.2778494954176 2056.794 8.634 84.35886554621847 476
80 24.5 659.1349183673475 710.7203920892543 3194.372 8.634 115.77848318042808 654
90 22.5 997.4096444444452 1032.39459363269 4308.484 8.634 263.8567107897665 899
100 26.5 1597.184803773586 1378.3399916854282 5961.892 8.634 410.69782295373693 1124
110 30.8 2464.895568181819 1832.2984529684243 6828.22 8.634 637.061429805616 1389
120 25.7 2986.683914396888 1846.484852806598 8348.484 6.72 968.8074018856811 1697
130 29.2 4112.65524657534 1556.2725225718766 8348.484 6.72 1234.208765097237 1954
140 33.8 4893.571127218934 1089.532869375483 8348.484 6.72 1608.4324394479077 2246
150 40.4 4964.04108168317 3307.6305940076977 10654.059 0.417 2038.1448529411764 2584
160 34.5 7256.682579710145 2707.59591635234 11367.36 0.417 2433.7479574966537 2988
170 24.2 8370.281954545453 1250.6216562265924 11367.36 0.417 2932.9716132613266 3333
180 33 6934.655996969706 3796.587533337424 13632.309 0.417 3301.035697902098 3575
190 36.6 6940.644229508194 4702.934056029841 13845.794 0.417 3608.102202048656 3905
200 34 6660.165252941179 5126.270495863863 13920.851 0.417 3893.6817810817142 4271
210 26.8 9702.42503358209 3850.7174968862214 14452.604 0.417 4097.673188679246 4611
220 24.9 10124.780875502007 1794.3931694083396 14452.604 0.417 4405.538221356836 4879
230 24.4 9712.90302868852 2308.8382422201125 15276.521 0.417 4683.247156786272 5128
240 20.9 9261.403875598096 2608.65609581731 15276.521 0.417 4911.697646872673 5372
250 23.6 8331.153309322033 2749.863201648906 15276.521 0.417 5074.587559397959 5581
260 19.9 4595.019492462315 2607.6831952446587 15276.521 0.417 5206.708844765344 5817
261 0 0 0 15276.521 0.417 5186.475104554523 6016
