10 0.1 96 0 96 96 0 0
20 0.1 251.0 0.0 251 96 96.0 1
30 0.1 95.0 0.0 251 95 173.5 2
40 0.1 220.0 0.0 251 95 147.33333333333334 3
50 0.1 345.0 0.0 345 95 165.5 4
60 0.1 420.0 0.0 420 95 201.4 5
70 0.1 485.0 0.0 485 95 237.83333333333334 6
80 0.1 640.0 0.0 640 95 273.14285714285717 7
90 0.1 733.0 0.0 733 95 319.0 8
100 0.1 902.0 0.0 902 95 365.0 9
110 0.1 1071.0 0.0 1071 95 418.7 10
120 0.1 922.0 0.0 1071 95 478.0 11
130 0.1 844.0 0.0 1071 95 515.0 12
140 0.1 1051.0 0.0 1071 95 540.3076923076923 13
150 0.1 1266.0 0.0 1266 95 576.7857142857142 14
160 0.1 1236.0 0.0 1266 95 622.7333333333333 15
170 0.1 781.0 0.0 1266 95 661.0625 16
180 0.1 747.0 0.0 1266 95 668.1176470588235 17
190 0.1 760.0 0.0 1266 95 672.5 18
200 0.1 834.0 0.0 1266 95 677.1052631578947 19
210 0.1 798.0 0.0 1266 95 684.9499999999999 20
220 0.1 665.0 0.0 1266 95 690.3333333333333 21
230 0.1 605.0 0.0 1266 95 689.1818181818181 22
240 0.1 544.0 0.0 1266 95 685.5217391304348 23
250 0.1 522.0 0.0 1266 95 679.625 24
260 0.1 585.0 0.0 1266 95 673.32 25
261 0.1 370.0 0.0 1266 95 669.9230769230769 26
