0 12.32890625 12.32890625
10 4.0234375 16.35234375
20 12.74140625 29.09375
30 29.6859375 58.7796875
40 59.475 118.2546875
50 87.71171875 205.96640625
60 82.309375 288.27578125
70 122.35234375 410.628125
80 175.4875 586.115625
90 152.728125 738.84375
100 173.6859375 912.5296875
110 219.32734375 1131.85703125
120 199.96796875 1331.825
130 222.9453125 1554.7703125
140 245.88203125 1800.65234375
150 245.98671875 2046.6390625
160 250.03671875 2296.67578125
170 239.725 2536.40078125
180 283.8296875 2820.23046875
190 290.92265625 3111.153125
200 244.9625 3356.115625
210 235.50390625 3591.61953125
220 245.38984375 3837.009375
230 232.0734375 4069.0828125
240 196.378125 4265.4609375
250 252.1421875 4517.603125
260 202.7421875 4720.3453125
261 0 4720.3453125
