0 1.1 34.55254545454546 28.490996030209068 119.858 14.509 0 0
10 1.8 19.58822222222222 5.042222146319964 119.858 14.355 34.55254545454546 11
20 2.1 17.797714285714292 3.3560139783870473 119.858 13.952 25.264344827586203 29
30 4.8 38.607291666666676 85.05603711792948 460.487 13.889 22.12836 50
40 9.2 137.30414130434784 255.13500720277585 1355.551 13.833 30.19967346938776 98
50 9 148.65376666666666 249.66247742658268 1355.551 8.243 82.06078421052634 190
60 16.6 361.65021084337354 472.2309367901179 2413.452 8.243 103.46567142857144 280
70 15.5 587.5923096774196 677.2004743007843 2715.397 8.243 199.56126233183858 446
80 15.9 1827.5938238993704 863.6652444776119 4095.834 8.243 299.63582529118145 601
90 15.6 3017.8369487179475 1014.5955468622536 5360.882 8.243 619.300722368421 760
100 20.1 3865.053791044774 1605.2818692687622 7652.132 8.243 1027.785057860262 916
110 20.1 5243.490686567162 1137.6904132046122 8478.837 8.243 1538.3410250671438 1117
120 22.5 5130.991577777776 3091.4437845892285 9968.753 0.514 2103.3904044006067 1318
130 39 5436.4650051282015 5271.78379587099 13025.996 0.514 2544.8746973428383 1543
140 40.2 4501.742470149253 5093.3470734029115 13295.765 0.506 3128.278846352818 1933
150 48.1 3091.3987484407508 5114.09086654792 14362.231 0.495 3364.7381083511764 2335
160 34.3 5521.697775510208 6822.949199826713 16860.343 0.495 3318.049105468749 2816
170 34.5 6146.51157101449 6700.0523238866745 16860.343 0.495 3557.3183342830007 3159
180 35.4 4798.753107344632 6334.4616203072055 16860.343 0.495 3812.247462899543 3504
190 38.5 5112.2274623376525 6346.080421116499 16860.343 0.495 3902.7666433385166 3858
200 41.6 4461.049067307682 5908.493717775726 16860.343 0.495 4012.5103188781504 4243
210 21.7 9295.62813364055 5941.359601029347 16980.138 0.495 4052.5601405881066 4659
220 26 6696.536500000005 7489.569566014134 19312.395 0.495 4285.896021328956 4876
230 12 14108.170616666672 3931.3790402639443 19312.395 0.495 4407.930001947038 5136
240 13.9 15046.388223021588 2435.7500690388733 19312.395 0.495 4629.396682648399 5256
250 13.3 13710.598631578943 3705.9305543183073 19732.23 0.495 4897.786270064872 5395
260 13.5 11745.907681481478 3412.416879581983 19732.23 0.495 5109.816668777132 5528
270 14.9 9460.984409395973 3708.8487292023397 19732.23 0.495 5268.014141267877 5663
280 9.9 6629.573727272724 2668.4608147367408 19732.23 0.495 5375.50770113558 5812
284 3.6 2857.178 1822.0963131205037 19732.23 0.495 5396.511344611738 5911
