10 0.1 47 0 47 47 0 0
20 0.1 70.0 0.0 70 47 47.0 1
30 0.1 106.0 0.0 106 47 58.5 2
40 0.1 192.0 0.0 192 47 74.33333333333333 3
50 0.1 337.0 0.0 337 47 103.75 4
60 0.1 307.0 0.0 337 47 150.4 5
70 0.1 555.0 0.0 555 47 176.5 6
80 0.1 513.0 0.0 555 47 230.57142857142858 7
90 0.1 764.0 0.0 764 47 265.875 8
100 0.1 666.0 0.0 764 47 321.22222222222223 9
110 0.1 748.0 0.0 764 47 355.7 10
120 0.1 747.0 0.0 764 47 391.3636363636364 11
130 0.1 724.0 0.0 764 47 421.0 12
140 0.1 1047.0 0.0 1047 47 444.3076923076923 13
150 0.1 1114.0 0.0 1114 47 487.35714285714283 14
160 0.1 1332.0 0.0 1332 47 529.1333333333333 15
170 0.1 807.0 0.0 1332 47 579.3125 16
180 0.1 666.0 0.0 1332 47 592.7058823529412 17
190 0.1 754.0 0.0 1332 47 596.7777777777778 18
200 0.1 846.0 0.0 1332 47 605.0526315789474 19
210 0.1 808.0 0.0 1332 47 617.1 20
220 0.1 366.0 0.0 1332 47 626.1904761904761 21
230 0.1 501.0 0.0 1332 47 614.3636363636364 22
240 0.1 298.0 0.0 1332 47 609.4347826086956 23
250 0.1 233.0 0.0 1332 47 596.4583333333334 24
260 0.1 359.0 0.0 1332 47 581.92 25
270 0.1 264.0 0.0 1332 47 573.3461538461538 26
280 0.1 281.0 0.0 1332 47 561.8888888888889 27
284 0.1 237.0 0.0 1332 47 551.8571428571429 28
