30 0.1 36120.986 0 36120.986 36120.986 0 0
40 0.6 36598.51183333333 580.1030492382131 37312.501 35846.754 36120.986 1
50 0.5 42667.398 7874.473911334852 52581.286 35830.656 36530.29385714286 7
60 1.3 42442.57776923077 6865.760012757871 53933.084 35830.656 39087.42058333333 12
70 1.1 41333.926545454546 6118.235913860456 55804.325 35830.656 40832.10232 25
80 1 47636.4073 7618.146338238629 60685.587 35830.656 40985.4375 36
90 0.8 59303.977625 7090.908941031732 64417.638 35830.656 42431.3005 46
100 1.3 58873.70169230769 6613.053962821512 68261.152 35830.656 44930.95637037037 54
110 1.3 61803.38176923078 7265.296418207451 76174.441 35830.656 47636.2651641791 67
120 1.3 65375.92323076923 9232.968476939534 77529.614 35830.656 49938.421612499995 80
130 3.5 66025.29282857143 15703.04600064242 87894.045 35830.656 52096.35194623656 93
140 3.7 62110.93097297296 17015.03142036446 93703.308 35830.656 55905.046718749996 128
150 5.1 60573.313901960806 17626.868786545416 101289.129 35830.656 57296.669248484846 165
160 2.9 67916.94862068967 21611.28320886651 101998.297 35008.323 58070.32145833334 216
170 4.7 72110.6093191489 25571.711073634582 114627.099 35007.975 59235.840591836735 245
180 5.2 70931.51703846153 23179.794349568747 117558.149 35007.975 61308.149256849305 292
190 6.1 77455.32209836069 23964.67637444204 122835.812 35007.975 62762.8443866279 344
200 6.8 74628.7288088235 24937.624696372033 122835.812 35007.975 64975.78547407407 405
210 1.9 94150.23100000001 25248.119977045284 130850.475 35007.975 66363.52362790696 473
220 3.8 77466.47839473684 17318.191811169338 130850.475 35007.975 67436.5875304878 492
230 1.7 108103.7788235294 18017.43353507945 144060.484 35007.975 68155.71178113206 530
240 1.2 119657.33641666667 18151.81452392675 145421.564 35007.975 69397.24220109689 547
250 3 116422.0303 12493.089373676661 148550.165 35007.975 70476.1708783542 559
260 3.9 124368.44399999999 15027.606995874032 154809.143 35007.975 72816.3674533107 589
270 5.9 128801.23400000001 16684.80651134158 160543.101 35007.975 76017.84991401274 628
280 3.7 143812.68899999995 12362.09496425389 161911.28 35007.975 80550.9207452693 687
284 2.1 138560.37719047625 6181.122895723444 161911.28 35007.975 83783.91166436464 724
