0 5.30078125 5.30078125
10 7.540625 12.84140625
20 7.96875 20.81015625
30 23.728125 44.53828125
40 55.48515625 100.0234375
50 57.69140625 157.71484375
60 102.6265625 260.34140625
70 110.03203125 370.3734375
80 123.68828125 494.06171875
90 117.0171875 611.07890625
100 141.95703125 753.0359375
110 147.02421875 900.06015625
120 156.90703125 1056.9671875
130 235.9578125 1292.925
140 245.79375 1538.71875
150 266.96171875 1805.68046875
160 185.86953125 1991.55
170 206.16015625 2197.71015625
180 199.2 2396.91015625
190 195.4359375 2592.34609375
200 193.02578125 2785.371875
210 121.53828125 2906.91015625
220 132.7328125 3039.64296875
230 70.925 3110.56796875
240 73.9734375 3184.54140625
250 65.7109375 3250.25234375
260 62.7984375 3313.05078125
270 56.6828125 3369.73359375
280 48.47890625 3418.2125
284 10.36328125 3428.57578125
