0 0.1 0.9030934844755022 0 0.9030934844755022 0.9030934844755022 0 0
10 0.1 0.3996003996003996 0.0 0.9030934844755022 0.3996003996003996 0.9030934844755022 1
20 0.1 0.2997002997002997 0.0 0.9030934844755022 0.2997002997002997 0.651346942037951 2
30 0.1 0.1002004008016032 0.0 0.9030934844755022 0.1002004008016032 0.5341313945920673 3
40 0.1 0.5 0.0 0.9030934844755022 0.1002004008016032 0.4256486461444512 4
50 0.1 0.6993006993006993 0.0 0.9030934844755022 0.1002004008016032 0.44051891691556094 5
60 0.1 0.8991008991008992 0.0 0.9030934844755022 0.1002004008016032 0.48364921397975064 6
70 0.1 1.394422310756972 0.0 1.394422310756972 0.1002004008016032 0.5429994547113434 7
80 0.1 1.8867924528301887 0.0 1.8867924528301887 0.1002004008016032 0.6494273117170469 8
90 0.1 1.6898608349900597 0.0 1.8867924528301887 0.1002004008016032 0.7869123273962848 9
100 0.1 1.9821605550049552 0.0 1.9821605550049552 0.1002004008016032 0.8772071781556623 10
110 0.1 2.5691699604743086 0.0 2.5691699604743086 0.1002004008016032 0.9776574851419617 11
120 0.1 1.8849206349206349 0.0 2.5691699604743086 0.1002004008016032 1.1102835247529905 12
130 0.1 2.665350444225074 0.0 2.665350444225074 0.1002004008016032 1.1698709947658863 13
140 0.1 2.976190476190476 0.0 2.976190476190476 0.1002004008016032 1.2766909554415427 14
150 0.1 1.694915254237288 0.0 2.976190476190476 0.1002004008016032 1.3899909234914714 15
160 0.1 1.4042126379137412 0.0 2.976190476190476 0.1002004008016032 1.4090486941630849 16
170 0.1 0.9018036072144289 0.0 2.976190476190476 0.1002004008016032 1.4087642202660646 17
180 0.1 2.3092369477911645 0.0 2.976190476190476 0.1002004008016032 1.3805997417631959 18
190 0.1 0.6036217303822937 0.0 2.976190476190476 0.1002004008016032 1.4294753841857204 19
200 0.1 0.7028112449799196 0.0 2.976190476190476 0.1002004008016032 1.388182701495549 20
210 0.1 0.3015075376884422 0.0 2.976190476190476 0.1002004008016032 1.3555459654709954 21
220 0.1 2.3046092184368736 0.0 2.976190476190476 0.1002004008016032 1.3076351278445157 22
230 0.1 0.5005005005005005 0.0 2.976190476190476 0.1002004008016032 1.3509818274354877 23
240 0.1 0.30181086519114686 0.0 2.976190476190476 0.1002004008016032 1.3155451054798633 24
250 0.1 2.1042084168336674 0.0 2.976190476190476 0.1002004008016032 1.2749957358683146 25
260 0.1 0.3009027081243731 0.0 2.976190476190476 0.1002004008016032 1.3068885312900589 26
270 0.1 0.20020020020020018 0.0 2.976190476190476 0.1002004008016032 1.2696297970987374 27
280 0.1 2.404809619238477 0.0 2.976190476190476 0.1002004008016032 1.2314358829237897 28
290 0.1 0.501002004008016 0.0 2.976190476190476 0.1002004008016032 1.2718970462449857 29
300 0.1 0.5005005005005005 0.0 2.976190476190476 0.1002004008016032 1.2462005448370868 30
310 0.1 3.6108324974924777 0.0 3.6108324974924777 0.1002004008016032 1.2221457046971969 31
320 0.1 0.20020020020020018 0.0 3.6108324974924777 0.1002004008016032 1.2967921669720495 32
324 0.1 0.2997002997002997 0.0 3.6108324974924777 0.1002004008016032 1.2635621073729024 33
