0 0.1 3514.9609375 0 3514.9609375 3514.9609375 0 0
10 0.1 3515.91015625 0.0 3515.91015625 3514.9609375 3514.9609375 1
20 0.1 3515.5859375 0.0 3515.91015625 3514.9609375 3515.435546875 2
30 0.1 3516.78515625 0.0 3516.78515625 3514.9609375 3515.4856770833335 3
40 0.1 3514.75390625 0.0 3516.78515625 3514.75390625 3515.810546875 4
50 0.1 3513.80078125 0.0 3516.78515625 3513.80078125 3515.59921875 5
60 0.1 3511.71875 0.0 3516.78515625 3511.71875 3515.2994791666665 6
70 0.1 3506.91015625 0.0 3516.78515625 3506.91015625 3514.7879464285716 7
80 0.1 3503.25 0.0 3516.78515625 3503.25 3513.80322265625 8
90 0.1 3497.02734375 0.0 3516.78515625 3497.02734375 3512.6306423611113 9
100 0.1 3494.02734375 0.0 3516.78515625 3494.02734375 3511.0703125 10
110 0.1 3486.9921875 0.0 3516.78515625 3486.9921875 3509.5209517045455 11
120 0.1 3485.23828125 0.0 3516.78515625 3485.23828125 3507.6435546875 12
130 0.1 3469.015625 0.0 3516.78515625 3469.015625 3505.9200721153848 13
140 0.1 3465.82421875 0.0 3516.78515625 3465.82421875 3503.2840401785716 14
150 0.1 3462.7109375 0.0 3516.78515625 3462.7109375 3500.78671875 15
160 0.1 3460.359375 0.0 3516.78515625 3460.359375 3498.406982421875 16
170 0.1 3459.2734375 0.0 3516.78515625 3459.2734375 3496.168887867647 17
180 0.1 3457.46484375 0.0 3516.78515625 3457.46484375 3494.119140625 18
190 0.1 3464.01171875 0.0 3516.78515625 3457.46484375 3492.1899671052633 19
200 0.1 3471.1640625 0.0 3516.78515625 3457.46484375 3490.7810546875 20
210 0.1 3470.9296875 0.0 3516.78515625 3457.46484375 3489.8469122023807 21
220 0.1 3470.4609375 0.0 3516.78515625 3457.46484375 3488.9870383522725 22
230 0.1 3470.3515625 0.0 3516.78515625 3457.46484375 3488.1815557065215 23
240 0.1 3470.1171875 0.0 3516.78515625 3457.46484375 3487.4386393229165 24
250 0.1 3468.3125 0.0 3516.78515625 3457.46484375 3486.74578125 25
260 0.1 3466.5078125 0.0 3516.78515625 3457.46484375 3486.036808894231 26
270 0.1 3465.89453125 0.0 3516.78515625 3457.46484375 3485.3135127314813 27
280 0.1 3464.62109375 0.0 3516.78515625 3457.46484375 3484.6199776785716 28
290 0.1 3464.44921875 0.0 3516.78515625 3457.46484375 3483.9303609913795 29
300 0.1 3464.2890625 0.0 3516.78515625 3457.46484375 3483.2809895833334 30
310 0.1 3468.375 0.0 3516.78515625 3457.46484375 3482.6683467741937 31
320 0.1 3472.203125 0.0 3516.78515625 3457.46484375 3482.2216796875 32
324 0.1 3472.609375 0.0 3516.78515625 3457.46484375 3481.918087121212 33
