0 1 45.6325 50.07445567602308 169.495 15.852 0 0
10 0.9 52.25966666666667 17.535395765897803 169.495 15.811 45.6325 10
20 0.7 60.04585714285714 55.660059228007526 190.322 15.811 48.77168421052632 19
30 3.4 130.51344117647056 143.00994503657498 659.657 15.811 51.80703846153846 26
40 3.2 1600.8637812500003 1835.3001593374097 7888.033 15.811 96.40733333333333 60
50 5.3 2145.636075471699 3720.2203031123763 13786.342 15.811 619.6965326086957 92
60 3.1 2630.19035483871 4111.928994263009 19110.825 15.811 1177.4537448275867 145
70 5.5 4178.315545454543 4829.346145259229 25547.933 15.811 1433.333488636364 176
80 4.1 7644.818926829268 3243.4993045558767 25547.933 15.811 2086.900645021645 231
90 6.1 10778.155704918034 7301.167433092543 33579.2 15.811 2924.675091911765 272
100 6.4 14631.940515625 10906.283559096772 42208.661 15.811 4363.30066966967 333
110 6.6 14965.10242424242 9956.667935979187 54120.532 2.128 6018.698528967255 397
120 10.5 17302.75319047619 12674.531165647677 56358.225 0.73 7293.9958444924405 463
130 12.6 14517.440174603169 13599.0514883672 56358.225 0.527 9144.206269366197 568
140 14.6 15508.14270547945 16721.396874111757 63510.786 0.495 10119.750177233429 694
150 18 14246.067677777783 17768.74475334294 73804.752 0.466 11056.304116666664 840
160 12.6 18416.477777777778 20225.746174103653 78099.754 0.466 11619.203568627452 1020
170 13.7 15576.854335766426 18380.131638336232 85535.274 0.466 12366.54785340314 1146
180 14.4 19535.376423611106 21156.934869452973 85535.274 0.466 12709.347532346064 1283
190 15.9 19953.203471698103 20205.98246415164 95978.148 0.466 13398.168948142955 1427
200 12.1 17114.354958677675 20021.480275071863 95978.148 0.466 14055.325624842368 1586
210 8.8 20895.237715909097 23310.996373239497 100546.179 0.466 14272.163673696541 1707
220 6.2 28535.37643548387 28306.52806418988 100546.179 0.466 14596.860339832867 1795
230 3.8 35965.203236842106 29352.993113685774 100546.179 0.466 15062.228136241247 1857
240 2.7 44984.22222222222 30382.098573075364 112691.897 0.466 15481.39069762533 1895
250 3 46368.82943333333 28879.67984413453 112691.897 0.466 15895.842545265348 1922
260 3.2 61256.53712500001 23748.586814583323 112691.897 0.466 16364.177384733606 1952
270 2.7 76196.47403703706 9783.316776086458 112691.897 0.466 17088.247703125 1984
280 5.4 74917.92324074077 12544.155813027091 112691.897 0.466 17881.843979114867 2011
290 5.6 75586.00221428576 14627.378221761792 117745.399 0.466 19373.34435690073 2065
300 3.8 75312.0847368421 18883.338130681328 117745.399 0.466 20857.506940594063 2121
310 2.2 70953.05913636362 20148.217973177227 117745.399 0.466 21815.94786521538 2159
320 2.1 65341.17999999999 11103.431160000415 117745.399 0.466 22311.599606602478 2181
324 0.3 55524.232333333326 16399.814935514292 117745.399 0.466 22721.96345231608 2202
