10 0.1 63 0 63 63 0 0
20 0.1 82.0 0.0 82 63 63.0 1
30 0.1 106.0 0.0 106 63 72.5 2
40 0.1 249.0 0.0 249 63 83.66666666666667 3
50 0.1 294.0 0.0 294 63 125.0 4
60 0.1 348.0 0.0 348 63 158.8 5
70 0.1 497.0 0.0 497 63 190.33333333333334 6
80 0.1 401.0 0.0 497 63 234.14285714285714 7
90 0.1 426.0 0.0 497 63 255.0 8
100 0.1 600.0 0.0 600 63 274.0 9
110 0.1 693.0 0.0 693 63 306.6 10
120 0.1 709.0 0.0 709 63 341.72727272727275 11
130 0.1 754.0 0.0 754 63 372.3333333333333 12
140 0.1 1058.0 0.0 1058 63 401.6923076923077 13
150 0.1 896.0 0.0 1058 63 448.57142857142856 14
160 0.1 1150.0 0.0 1150 63 478.4 15
170 0.1 699.0 0.0 1150 63 520.375 16
180 0.1 871.0 0.0 1150 63 530.8823529411765 17
190 0.1 755.0 0.0 1150 63 549.7777777777778 18
200 0.1 840.0 0.0 1150 63 560.578947368421 19
210 0.1 615.0 0.0 1150 63 574.55 20
220 0.1 783.0 0.0 1150 63 576.4761904761905 21
230 0.1 465.0 0.0 1150 63 585.8636363636364 22
240 0.1 448.0 0.0 1150 63 580.6086956521739 23
250 0.1 484.0 0.0 1150 63 575.0833333333334 24
260 0.1 319.0 0.0 1150 63 571.44 25
270 0.1 258.0 0.0 1150 63 561.7307692307693 26
280 0.1 570.0 0.0 1150 63 550.4814814814815 27
290 0.1 316.0 0.0 1150 63 551.1785714285714 28
300 0.1 370.0 0.0 1150 63 543.0689655172414 29
310 0.1 474.0 0.0 1150 63 537.3 30
320 0.1 88.0 0.0 1150 63 535.258064516129 31
324 0.1 101.0 0.0 1150 63 521.28125 32
