0 0.1 3516.76953125 0 3516.76953125 3516.76953125 0 0
10 0.1 3518.35546875 0.0 3518.35546875 3516.76953125 3516.76953125 1
20 0.1 3518.28515625 0.0 3518.35546875 3516.76953125 3517.5625 2
30 0.1 3518.40625 0.0 3518.40625 3516.76953125 3517.8033854166665 3
40 0.1 3518.2890625 0.0 3518.40625 3516.76953125 3517.9541015625 4
50 0.1 3518.2421875 0.0 3518.40625 3516.76953125 3518.02109375 5
60 0.1 3518.11328125 0.0 3518.40625 3516.76953125 3518.0579427083335 6
70 0.1 3518.1328125 0.0 3518.40625 3516.76953125 3518.065848214286 7
80 0.1 3517.06640625 0.0 3518.40625 3516.76953125 3518.07421875 8
90 0.1 3516.60546875 0.0 3518.40625 3516.60546875 3517.9622395833335 9
100 0.1 3516.375 0.0 3518.40625 3516.375 3517.8265625 10
110 0.1 3515.53515625 0.0 3518.40625 3515.53515625 3517.6946022727275 11
120 0.1 3515.54296875 0.0 3518.40625 3515.53515625 3517.5146484375 12
130 0.1 3515.265625 0.0 3518.40625 3515.265625 3517.362980769231 13
140 0.1 3515.29296875 0.0 3518.40625 3515.265625 3517.2131696428573 14
