10 0.1 207 0 207 207 0 0
20 0.1 75.0 0.0 207 75 207.0 1
30 0.1 112.0 0.0 207 75 141.0 2
40 0.1 158.0 0.0 207 75 131.33333333333334 3
50 0.1 128.0 0.0 207 75 138.0 4
60 0.1 211.0 0.0 211 75 136.0 5
70 0.1 175.0 0.0 211 75 148.5 6
80 0.1 370.0 0.0 370 75 152.28571428571428 7
90 0.1 282.0 0.0 370 75 179.5 8
100 0.1 259.0 0.0 370 75 190.88888888888889 9
110 0.1 538.0 0.0 538 75 197.7 10
120 0.1 35.0 0.0 538 35 228.63636363636363 11
130 0.1 347.0 0.0 538 35 212.5 12
140 0.1 144.0 0.0 538 35 222.84615384615384 13
