0 1 2.9464999999999995 3.6863901380618955 14.005 1.676 0 0
10 1 37.2898 106.51130796286374 356.823 1.286 2.9464999999999995 10
20 2.1 15.802571428571426 36.10787982536489 356.823 1.286 20.11815 20
30 2.1 1.7345238095238094 0.44292271915921444 356.823 1.202 17.90773170731707 41
40 3 1.5577666666666663 0.18054725758709883 356.823 1.202 12.429709677419352 62
50 3 1.5083333333333333 0.17364164886979797 356.823 1.202 8.884510869565215 92
60 1.8 2.147055555555556 2.5128475983372205 356.823 1.202 7.0706967213114735 122
70 4 2.221 2.632149482837174 356.823 1.202 6.437657142857142 140
80 5.4 1.5429444444444442 0.16367678365050078 356.823 1.202 5.500622222222221 180
90 6 1.6784833333333335 0.46531181271869243 356.823 1.202 4.587311965811965 234
100 6.7 1.52110447761194 0.25552790742400006 356.823 1.172 3.9936734693877547 294
110 8 1.5418750000000006 0.9034568386895968 356.823 1.172 3.5347756232686978 361
120 7.9 1.5209240506329105 0.6812391310878761 356.823 1.172 3.173251700680272 441
130 7.9 1.5378227848101274 0.2346032341114163 356.823 1.172 2.922225 520
140 8.9 1.5535730337078648 0.8655474579533162 356.823 1.172 2.7396410684474124 599
150 11.3 1.5471238938053091 0.3262228494176695 356.823 1.166 2.5862107558139535 688
160 18.2 1.4974615384615388 0.3269561185629732 356.823 1.15 2.4396229712858926 801
170 17.5 1.5765085714285718 0.4706890252576103 356.823 1.15 2.2651841302136315 983
180 19.2 1.4648802083333339 0.5684408236790848 356.823 1.15 2.161109671848014 1158
190 20.7 1.646096618357488 0.7076148481155471 356.823 1.15 2.0620903703703704 1350
200 23.9 1.4360418410041842 0.276951905720048 356.823 1.15 2.0067848426461143 1557
210 29.1 1.476948453608248 0.8212078235374948 356.823 1.048 1.9308340757238307 1796
220 29.4 1.4191054421768707 0.32070639364185366 356.823 1.048 1.8675467177767129 2087
230 36.8 1.510961956521741 0.9938707753616215 356.823 1.048 1.8121742965140695 2381
240 24.3 2.0018230452674883 3.6202927202381954 356.823 1.048 1.7718519461622408 2749
250 6.7 1.6871044776119404 0.9894325093592617 356.823 1.048 1.7905294117647057 2992
260 8.6 1.4866627906976746 0.17552543117041713 356.823 1.048 1.7882641386073879 3059
270 10.8 7.45951851851852 26.609903604875537 356.823 1.048 1.7800168521462636 3145
280 11.9 1.7594705882352943 1.3091443727224077 356.823 1.048 1.9685770058407621 3253
290 14 1.500985714285714 0.7014329108099698 356.823 1.048 1.961197508896797 3372
300 14 1.4791642857142864 0.6714200581147209 356.823 1.048 1.9428519362186787 3512
310 7.9 1.5274556962025319 0.26356858677753625 356.823 1.048 1.925076396495071 3652
320 0.5 1.7078 0.15012714611288655 356.823 1.048 1.9166571964620742 3731
323 0 0 0 356.823 1.048 1.9163776766595286 3736
