0 0.1 1.5189926397168294 0 1.5189926397168294 1.5189926397168294 0 0
10 0.1 0.6979062811565304 0.0 1.5189926397168294 0.6979062811565304 1.5189926397168294 1
20 0.1 0.4 0.0 1.5189926397168294 0.4 1.10844946043668 2
30 0.1 0.9950248756218906 0.0 1.5189926397168294 0.4 0.87229964029112 3
40 0.1 0.9970089730807578 0.0 1.5189926397168294 0.4 0.9029809491238125 4
50 0.1 1.294820717131474 0.0 1.5189926397168294 0.4 0.9217865539152015 5
60 0.1 0.7992007992007992 0.0 1.5189926397168294 0.4 0.983958914451247 6
70 0.1 0.8 0.0 1.5189926397168294 0.4 0.9575648979868971 7
80 0.1 1.8867924528301887 0.0 1.8867924528301887 0.4 0.937869285738535 8
90 0.1 2.095808383233533 0.0 2.095808383233533 0.4 1.0433051931931632 9
100 0.1 1.794616151545364 0.0 2.095808383233533 0.4 1.1485555121972002 10
110 0.1 1.9019019019019021 0.0 2.095808383233533 0.4 1.207288297592488 11
120 0.1 3.0632411067193677 0.0 3.0632411067193677 0.4 1.2651727646182724 12
130 0.1 2.49003984063745 0.0 3.0632411067193677 0.4 1.4034857140106642 13
140 0.1 2.6052104208416833 0.0 3.0632411067193677 0.4 1.4810967230554348 14
150 0.1 2.788844621513944 0.0 3.0632411067193677 0.4 1.5560376362411847 15
160 0.1 3.7848605577689245 0.0 3.7848605577689245 0.4 1.6330880728207322 16
170 0.1 3.9 0.0 3.9 0.4 1.7596629248765083 17
180 0.1 4.39121756487026 0.0 4.39121756487026 0.4 1.8785705401611468 18
190 0.1 4.581673306772909 0.0 4.581673306772909 0.4 2.010815120408995 19
200 0.1 6.317867719644619 0.0 6.317867719644619 0.4 2.13935802972719 20
210 0.1 8.390918065153011 0.0 8.390918065153011 0.4 2.3383346816280204 21
220 0.1 7.27630285152409 0.0 8.390918065153011 0.4 2.6134521081518836 22
230 0.1 7.220573689416419 0.0 8.390918065153011 0.4 2.8161847491680665 23
240 0.1 8.69140625 0.0 8.69140625 0.4 2.999700955011748 24
250 0.1 5.158730158730158 0.0 8.69140625 0.4 3.227369166811278 25
260 0.1 4.179104477611941 0.0 8.69140625 0.4 3.301652281885081 26
270 0.1 3.711133400200602 0.0 8.69140625 0.4 3.3341505113564462 27
280 0.1 4.761904761904762 0.0 8.69140625 0.4 3.3476141859580233 28
290 0.1 3.3099297893681046 0.0 8.69140625 0.4 3.396382826507911 29
300 0.1 3.106212424849699 0.0 8.69140625 0.4 3.3935010586032504 30
310 0.1 4.504504504504505 0.0 8.69140625 0.4 3.3842336833208777 31
320 0.1 3.1124497991967868 0.0 8.69140625 0.4 3.4192421464828664 32
323 0.1 1.4940239043824701 0.0 8.69140625 0.4 3.4099454086863186 33
