10 0.1 92 0 92 92 0 0
20 0.1 69.0 0.0 92 69 92.0 1
30 0.1 158.0 0.0 158 69 80.5 2
40 0.1 180.0 0.0 180 69 106.33333333333333 3
50 0.1 419.0 0.0 419 69 124.75 4
60 0.1 356.0 0.0 419 69 183.6 5
70 0.1 444.0 0.0 444 69 212.33333333333334 6
80 0.1 546.0 0.0 546 69 245.42857142857142 7
90 0.1 1011.0 0.0 1011 69 283.0 8
100 0.1 707.0 0.0 1011 69 363.8888888888889 9
110 0.1 1139.0 0.0 1139 69 398.2 10
120 0.1 1302.0 0.0 1302 69 465.54545454545456 11
130 0.1 1379.0 0.0 1379 69 535.25 12
140 0.1 1647.0 0.0 1647 69 600.1538461538462 13
150 0.1 1620.0 0.0 1647 69 674.9285714285714 14
160 0.1 2127.0 0.0 2127 69 737.9333333333333 15
170 0.1 2634.0 0.0 2634 69 824.75 16
180 0.1 2643.0 0.0 2643 69 931.1764705882352 17
190 0.1 2798.0 0.0 2798 69 1026.2777777777778 18
200 0.1 2922.0 0.0 2922 69 1119.5263157894738 19
210 0.1 3457.0 0.0 3457 69 1209.65 20
220 0.1 3836.0 0.0 3836 69 1316.6666666666667 21
230 0.1 4224.0 0.0 4224 69 1431.1818181818182 22
240 0.1 4556.0 0.0 4556 69 1552.608695652174 23
250 0.1 3227.0 0.0 4556 69 1677.75 24
260 0.1 2407.0 0.0 4556 69 1739.72 25
270 0.1 2533.0 0.0 4556 69 1765.3846153846155 26
280 0.1 2738.0 0.0 4556 69 1793.8148148148148 27
290 0.1 2243.0 0.0 4556 69 1827.5357142857142 28
300 0.1 2348.0 0.0 4556 69 1841.8620689655172 29
310 0.1 3894.0 0.0 4556 69 1858.7333333333333 30
320 0.1 2638.0 0.0 4556 69 1924.3870967741937 31
323 0.1 792.0 0.0 4556 69 1946.6875 32
