0 2.2 29.67159090909091 21.84290954366301 92.176 10.639 0 0
10 1.8 42.19033333333333 81.41901009728761 367.524 10.639 29.67159090909091 22
20 3.9 24.424230769230764 29.35263508850702 367.524 10.194 35.305025 40
30 4.5 18.312733333333334 25.946186416761392 367.524 8.283 29.933493670886076 79
40 10.7 65.18870093457944 118.38436897777386 399.128 8.283 25.716282258064517 124
50 11.4 57.68537719298244 111.3652151211917 408.492 8.283 44.000043290043294 231
60 9.4 90.28197872340425 134.69246725229362 408.492 8.283 48.52215362318841 345
70 14.3 94.82100000000003 145.54471171214237 574.047 8.283 57.46389293849658 439
80 23.9 111.8071129707113 167.6335339398254 804.708 7.895 66.64270103092784 582
90 18.1 54.850712707182325 110.60556960852266 804.708 7.895 79.79044092570037 821
100 27.1 94.73294833948347 157.03740156139872 804.708 7.546 75.28536027944112 1002
110 31.1 99.5058006430868 165.3205776955795 804.708 7.397 79.42542026708563 1273
120 33.3 118.63745345345345 198.46431909000023 804.708 7.331 83.3679696969697 1584
130 41.8 147.68738995215327 228.49757252708176 833.791 7.331 89.49459363588942 1917
140 39.4 110.13344670050762 191.91866046408407 833.791 7.331 99.91197644539616 2335
150 47.7 279.9367945492662 298.47298673646765 1326.789 7.331 101.38770355441557 2729
160 61.5 338.38146504065014 271.11747514146805 1326.789 7.331 127.95286774797258 3206
170 58.2 927.3546305841937 347.6874909187371 2095.707 7.331 161.82190395184503 3821
180 64.7 1247.9329613601242 530.2863498540659 2767.979 7.331 263.01201226436535 4403
190 76.5 1486.4033895424843 1169.150876155841 3727.014 0.84 389.19891405940615 5050
200 109 1035.5009321100933 1353.769610479565 4583.089 0.828 533.5430969905419 5815
210 117.9 1329.452050890585 1416.5152389374769 4797.207 0.82 612.7804670528607 6905
220 130.6 992.3017343032159 1210.057159466901 4797.207 0.82 717.3024607867395 8084
230 118.2 1116.0825964467022 1092.1924035163102 4797.207 0.82 755.5504960596381 9390
240 120.5 1052.1695070539417 1314.6908694652961 4797.207 0.818 795.8597036511544 10572
250 108.3 1233.9035069252059 1831.2479137996463 4962.984 0.818 822.0848300076423 11777
260 114.2 1127.9654448336275 1968.7361730104592 5697.823 0.818 856.7659829704511 12860
270 115.5 1267.6983298701305 1870.7077982451838 5697.823 0.818 878.8849506499074 14002
280 77 1702.1694155844145 2277.3818304807223 6293.689 0.811 908.5134690242135 15157
290 73.2 1962.0222786885242 2209.54446071519 6293.689 0.811 946.8832234570228 15927
300 114 565.4654517543883 1163.8224276922579 6293.689 0.811 991.4886492586592 16659
310 91.3 6.696435925520254 2.9264543478136646 6293.689 0.811 964.2024845777856 17799
320 40.2 5.7916915422885555 1.564436234150976 6293.689 0.811 917.4836398567768 18712
323 2.5 5.913080000000001 0.9925669718462322 6293.689 0.811 898.3092041958778 19114
