10 0.1 91 0 91 91 0 0
20 0.1 70.0 0.0 91 70 91.0 1
30 0.1 171.0 0.0 171 70 80.5 2
40 0.1 176.0 0.0 176 70 110.66666666666667 3
50 0.1 389.0 0.0 389 70 127.0 4
60 0.1 312.0 0.0 389 70 179.4 5
70 0.1 372.0 0.0 389 70 201.5 6
80 0.1 468.0 0.0 468 70 225.85714285714286 7
90 0.1 803.0 0.0 803 70 256.125 8
100 0.1 644.0 0.0 803 70 316.8888888888889 9
110 0.1 958.0 0.0 958 70 349.6 10
120 0.1 1080.0 0.0 1080 70 404.90909090909093 11
130 0.1 1150.0 0.0 1150 70 461.1666666666667 12
140 0.1 1323.0 0.0 1323 70 514.1538461538462 13
150 0.1 1348.0 0.0 1348 70 571.9285714285714 14
160 0.1 1679.0 0.0 1679 70 623.6666666666666 15
170 0.1 2130.0 0.0 2130 70 689.625 16
180 0.1 2121.0 0.0 2130 70 774.3529411764706 17
190 0.1 2238.0 0.0 2238 70 849.1666666666666 18
200 0.1 2526.0 0.0 2526 70 922.2631578947369 19
210 0.1 3279.0 0.0 3279 70 1002.45 20
220 0.1 3467.0 0.0 3467 70 1110.857142857143 21
230 0.1 3819.0 0.0 3819 70 1217.9545454545455 22
240 0.1 4212.0 0.0 4212 70 1331.0434782608695 23
250 0.1 2947.0 0.0 4212 70 1451.0833333333333 24
260 0.1 2282.0 0.0 4212 70 1510.92 25
270 0.1 2464.0 0.0 4212 70 1540.576923076923 26
280 0.1 2608.0 0.0 4212 70 1574.7777777777778 27
290 0.1 1964.0 0.0 4212 70 1611.6785714285713 28
300 0.1 2039.0 0.0 4212 70 1623.8275862068965 29
310 0.1 3115.0 0.0 4212 70 1637.6666666666667 30
320 0.1 2317.0 0.0 4212 70 1685.3225806451612 31
323 0.1 684.0 0.0 4212 70 1705.0625 32
