40 0.8 35831.73512500001 143.16933147800583 36203.839 35745.654 0 0
50 0.7 35855.83714285715 85.58687150229875 36203.839 35745.654 35831.73512500001 8
60 1.1 35756.70699999999 49.78946075955355 36203.839 35693.072 35842.982733333345 15
70 1.2 35960.904416666664 157.53605859054292 36276.315 35693.072 35806.48146153846 26
80 2.3 47824.31569565217 19762.282406637893 81220.71 35693.072 35855.24660526315 38
90 1 53854.75149999999 22045.331849343944 81220.71 35693.072 40368.17429508196 61
100 2.6 49725.69915384616 20777.8564344382 81220.71 35693.072 42267.692211267604 71
110 3.3 50977.427242424244 21206.55613695219 81295.669 35693.072 44266.745618556706 97
120 3.3 53837.51436363636 22025.721763995447 81667.136 35693.072 45970.22633846154 130
130 4.7 56370.649340425516 22441.01393388394 81667.136 35693.072 47562.99017177914 163
140 3.8 39638.61368421054 12206.862383997373 81667.136 35693.072 49534.228176190474 210
150 5.1 51069.46807843136 20914.042884809533 83026.19 35693.072 48017.96466532258 248
160 4.8 58041.91349999997 22509.421756548123 83779.425 35693.072 48538.45521404682 299
170 4.7 61990.75170212765 22609.62138969303 86847.354 35693.072 49853.054631123916 347
180 5 61579.75829999998 22311.521765406727 88086.769 35693.072 51300.95250507614 394
190 6.3 57372.23741269841 20712.424305457447 92025.892 35066.137 52458.47568018017 444
200 9.5 57847.47377894739 22140.03348963957 93851.128 35066.137 53069.06145759368 507
210 12 54839.790991666676 19108.390669327007 96610.05 35066.137 53823.129847176075 602
220 13.3 55037.96043609023 21135.426149429317 96610.05 35011.722 53992.103998614955 722
230 11.1 56441.82966666668 21907.390275549715 96610.05 35011.542 54154.79277777777 855
240 13.7 58725.48680291974 22051.90848139633 96610.05 35011.476 54417.58894202898 966
250 17.7 55976.84649717511 22256.03444127301 100822.722 35011.111 54952.658757932906 1103
260 18.1 61839.595044198875 23789.950165480557 104131.613 35011.111 55094.28471874999 1280
270 19.5 58695.84617435898 23531.07039449907 106093.135 35011.111 55929.9460253251 1461
280 11.8 73052.98386440676 18661.53077855521 108901.585 35011.111 56255.6407892512 1656
290 13.6 84523.73344117643 17858.581963320976 110905.713 35011.111 57372.93869391205 1774
300 23.7 88640.49777215194 8868.573707119007 112406.683 35011.111 59306.18900052355 1910
310 16.3 84557.20430674848 3178.730305158439 112406.683 35011.111 62544.30319655333 2147
320 7.6 84185.08472368424 3137.1363251652397 112406.683 35011.111 64097.59448701298 2310
323 0.5 89163.54199999999 66.90579272978115 112406.683 35011.111 64737.4307225482 2386
