0 0.7 4.4482857142857135 6.531724093426869 20.447 1.718 0 0
10 0.9 1.774222222222222 0.096499600203867 20.447 1.551 4.4482857142857135 7
20 2 1.8743500000000002 0.8810344076708923 20.447 1.208 2.9441249999999997 16
30 2.1 1.691619047619048 0.19240123655440575 20.447 1.208 2.3498055555555553 36
40 3.7 1.927810810810811 0.7115722537561163 20.447 1.208 2.107315789473684 57
50 2.3 2.839782608695652 5.241701922057142 27.417 1.208 2.036659574468085 94
60 3.2 2.30653125 3.637260644911694 27.417 1.208 2.1945384615384613 117
70 4.6 1.7442608695652175 0.32095052001032176 27.417 1.208 2.2185906040268453 149
80 6.6 1.7020757575757572 1.0497347761798672 27.417 1.208 2.1066974358974355 195
90 5.7 1.6270350877192983 0.6249907778944123 27.417 1.174 2.0043793103448273 261
100 5.4 1.596111111111112 0.371726087261329 27.417 1.174 1.9367421383647796 318
110 7.3 1.601506849315068 0.4252383738688468 27.417 1.174 1.8872956989247311 372
120 8.2 1.6263414634146334 1.0559596169698102 27.417 1.174 1.8404134831460672 445
130 9.1 1.7305934065934063 1.5277609701568335 27.417 1.174 1.8071043643263753 527
140 13 1.7476769230769242 0.8526388649849597 27.417 1.174 1.7958381877022649 618
150 11.8 2.1469406779661018 2.82495179287614 30.814 1.174 1.7874679144385024 748
160 13.6 1.6399779411764706 0.38600440920431595 30.814 1.174 1.836449191685912 866
170 16.7 1.6788802395209588 1.0371419780644382 30.814 1.174 1.8097824351297402 1002
180 18.3 1.6940546448087432 0.9931036668892167 30.814 1.173 1.791082121471343 1169
190 21.8 1.4248348623853202 0.5570611699279483 30.814 1.168 1.7779489644970417 1352
200 28.2 1.3329574468085092 0.1259287129387789 30.814 1.159 1.7289178343949043 1570
210 28.7 1.3918780487804883 0.581818573718405 30.814 1.152 1.668625809935205 1852
220 34.2 1.4903333333333326 0.5460698282362262 30.814 1.142 1.6314932211313697 2139
230 44.4 1.555756756756757 0.7385736645385086 30.814 1.084 1.6120346634421603 2481
240 18.1 1.6109558011049725 1.7023158578285085 30.814 1.084 1.6034919658119657 2925
250 7.2 1.417541666666666 0.1652597229867782 30.814 1.084 1.6039269156471345 3106
260 10.6 1.5918018867924522 0.47752898597809773 30.814 1.084 1.5997042164883573 3178
270 11.2 1.466035714285714 0.23356656012837967 30.814 1.084 1.5994491473812422 3284
280 12.2 1.5341885245901647 0.4445667320128409 30.814 1.084 1.5950491755005887 3396
290 11.3 1.5096637168141593 0.237860322313996 30.814 1.084 1.5929386014781124 3518
300 17.5 1.4770457142857143 0.6974859983614037 30.814 1.084 1.5903470118424674 3631
310 4.7 1.4277021276595745 0.1724357314619993 30.814 1.084 1.5851374146085127 3806
320 0.6 1.4835000000000003 0.2155015467848588 30.814 1.084 1.5832169737866595 3853
