0 0.1 3515.51953125 0 3515.51953125 3515.51953125 0 0
10 0.1 3516.6328125 0.0 3516.6328125 3515.51953125 3515.51953125 1
20 0.1 3516.51953125 0.0 3516.6328125 3515.51953125 3516.076171875 2
30 0.1 3516.1640625 0.0 3516.6328125 3515.51953125 3516.2239583333335 3
40 0.1 3514.11328125 0.0 3516.6328125 3514.11328125 3516.208984375 4
50 0.1 3513.04296875 0.0 3516.6328125 3513.04296875 3515.78984375 5
60 0.1 3511.47265625 0.0 3516.6328125 3511.47265625 3515.33203125 6
70 0.1 3507.484375 0.0 3516.6328125 3507.484375 3514.780691964286 7
80 0.1 3504.3046875 0.0 3516.6328125 3504.3046875 3513.86865234375 8
90 0.1 3503.09375 0.0 3516.6328125 3503.09375 3512.8059895833335 9
100 0.1 3500.94140625 0.0 3516.6328125 3500.94140625 3511.834765625 10
110 0.1 3497.65625 0.0 3516.6328125 3497.65625 3510.8444602272725 11
120 0.1 3494.45703125 0.0 3516.6328125 3494.45703125 3509.7454427083335 12
130 0.1 3488.79296875 0.0 3516.6328125 3488.79296875 3508.5694110576924 13
140 0.1 3488.19921875 0.0 3516.6328125 3488.19921875 3507.156808035714 14
150 0.1 3487.1484375 0.0 3516.6328125 3487.1484375 3505.89296875 15
160 0.1 3486.55859375 0.0 3516.6328125 3486.55859375 3504.721435546875 16
170 0.1 3478.78515625 0.0 3516.6328125 3478.78515625 3503.653033088235 17
180 0.1 3459.15625 0.0 3516.6328125 3459.15625 3502.271484375 18
190 0.1 3452.88671875 0.0 3516.6328125 3452.88671875 3500.002261513158 19
200 0.1 3453.80078125 0.0 3516.6328125 3452.88671875 3497.646484375 20
210 0.1 3450.37890625 0.0 3516.6328125 3450.37890625 3495.55859375 21
220 0.1 3435.82421875 0.0 3516.6328125 3435.82421875 3493.504971590909 22
230 0.1 3432.90234375 0.0 3516.6328125 3432.90234375 3490.997112771739 23
240 0.1 3429.01953125 0.0 3516.6328125 3429.01953125 3488.5764973958335 24
250 0.1 3424.88671875 0.0 3516.6328125 3424.88671875 3486.19421875 25
260 0.1 3424.29296875 0.0 3516.6328125 3424.29296875 3483.836237980769 26
270 0.1 3423.81640625 0.0 3516.6328125 3423.81640625 3481.630931712963 27
280 0.1 3423.703125 0.0 3516.6328125 3423.703125 3479.5661272321427 28
290 0.1 3422.984375 0.0 3516.6328125 3422.984375 3477.6398168103447 29
300 0.1 3423.08203125 0.0 3516.6328125 3422.984375 3475.81796875 30
310 0.1 3431.7578125 0.0 3516.6328125 3422.984375 3474.1168094758063 31
320 0.1 3432.2265625 0.0 3516.6328125 3422.984375 3472.7930908203125 32
