0 0.7 56.06957142857142 23.795379124390294 98.772 11.417 0 0
10 0.9 76.67422222222223 58.753561491628886 222.031 11.417 56.06957142857142 7
20 2 47.27049999999999 37.533236293317415 222.031 10.996 67.65968749999999 16
30 2.8 99.68028571428572 220.45478857723333 757.72 10.97 56.332361111111105 36
40 4.2 84.20040476190475 197.38945190917076 838.136 7.349 75.297078125 64
50 3.7 129.62254054054057 247.94985559950612 858.075 7.349 78.82481132075472 106
60 5.6 220.8780892857143 371.7371359688128 1220.517 7.349 91.96827972027974 143
70 7.9 145.57193670886076 279.6782171935555 1220.517 7.349 128.2444070351759 199
80 9.8 214.94651020408162 342.9403711997427 1220.517 7.349 133.16841726618708 278
90 8 123.39161249999998 255.30323411154103 1220.517 7.349 154.48292021276598 376
100 10.8 374.33054629629635 510.51759103260036 1707.079 7.349 149.02830482456142 456
110 14.2 252.66087323943677 416.191514509692 1788.238 7.349 192.17128723404258 564
120 15.2 702.7095263157895 805.4665998701504 2694.538 7.349 204.33774787535415 706
130 14.9 356.3705369127517 529.4953062971937 2694.538 7.349 292.627386946387 858
140 20.3 719.010975369458 871.7568024890796 3130.779 7.349 302.0590943396227 1007
150 20 582.2686150000003 698.2524746327198 3130.779 7.349 372.01052561983477 1210
160 19.3 1166.5416113989645 1120.8898505123439 4599.7 7.349 401.83436808510646 1410
170 22.9 2899.7878165938873 2086.5620501711555 8538.238 2.872 493.90454772301956 1603
180 29.6 3469.7941722972964 3185.2376792337086 11371.505 0.943 794.6399563318779 1832
190 32.4 4146.767293209879 4621.51257389664 14085.906 0.907 1166.7478735902257 2128
200 41.9 3033.7904916467814 3460.26300937604 14403.344 0.889 1560.5187920065257 2452
210 47.9 2480.545822546969 3463.9303875481514 14403.344 0.883 1775.5312762103806 2871
220 50.8 2665.104610236221 4110.207152137838 14403.344 0.883 1876.3378337313436 3350
230 61.2 2033.923269607842 3726.418152200593 15497.061 0.883 1980.1982594608608 3858
240 37.8 3058.2352671957656 4905.390405845924 16307.316 0.883 1987.5538984340042 4470
250 37 2650.5109243243205 5350.182388256013 20287.188 0.883 2071.035242780528 4848
260 47.1 2974.943475583864 6438.851696284003 22868.645 0.869 2112.1249327328474 5218
270 34.8 4262.05103448276 7577.063083739719 22977.902 0.869 2183.55884619441 5689
280 23.5 3986.346995744682 7092.500123574264 23047.156 0.869 2303.3725419910547 6037
290 24.4 8424.211590163935 9817.838134431226 23887.528 0.869 2366.430417729591 6272
300 27.3 3603.8374908424908 6622.126930157314 23887.528 0.869 2593.2718244321663 6516
310 21.9 6357.608812785392 8808.813116138313 23887.528 0.869 2633.9087999705403 6789
320 8.2 9220.284829268294 10347.545830885087 24056.16 0.869 2750.274425371005 7008
