10 0.1 61 0 61 61 0 0
20 0.1 65.0 0.0 65 61 61.0 1
30 0.1 167.0 0.0 167 61 63.0 2
40 0.1 211.0 0.0 211 61 97.66666666666667 3
50 0.1 331.0 0.0 331 61 126.0 4
60 0.1 292.0 0.0 331 61 167.0 5
70 0.1 545.0 0.0 545 61 187.83333333333334 6
80 0.1 597.0 0.0 597 61 238.85714285714286 7
90 0.1 796.0 0.0 796 61 283.625 8
100 0.1 550.0 0.0 796 61 340.55555555555554 9
110 0.1 995.0 0.0 995 61 361.5 10
120 0.1 1097.0 0.0 1097 61 419.09090909090907 11
130 0.1 1369.0 0.0 1369 61 475.5833333333333 12
140 0.1 1177.0 0.0 1369 61 544.3076923076923 13
150 0.1 1754.0 0.0 1754 61 589.5 14
160 0.1 1663.0 0.0 1754 61 667.1333333333333 15
170 0.1 1788.0 0.0 1788 61 729.375 16
180 0.1 2214.0 0.0 2214 61 791.6470588235294 17
190 0.1 2374.0 0.0 2374 61 870.6666666666666 18
200 0.1 2527.0 0.0 2527 61 949.7894736842105 19
210 0.1 3219.0 0.0 3219 61 1028.65 20
220 0.1 3358.0 0.0 3358 61 1132.952380952381 21
230 0.1 3960.0 0.0 3960 61 1234.090909090909 22
240 0.1 4802.0 0.0 4802 61 1352.608695652174 23
250 0.1 2493.0 0.0 4802 61 1496.3333333333333 24
260 0.1 2444.0 0.0 4802 61 1536.2 25
270 0.1 2679.0 0.0 4802 61 1571.1153846153845 26
280 0.1 2347.0 0.0 4802 61 1612.148148148148 27
290 0.1 1907.0 0.0 4802 61 1638.392857142857 28
300 0.1 1945.0 0.0 4802 61 1647.655172413793 29
310 0.1 2120.0 0.0 4802 61 1657.5666666666666 30
320 0.1 1659.0 0.0 4802 61 1672.483870967742 31
