30 0.3 35815.566666666666 55.14044324772524 35887.208 35753.075 0 0
40 0.3 35878.75033333334 53.43177954072813 35954.169 35753.075 35815.566666666666 3
50 0.5 35795.9534 56.892630231338714 35954.169 35743.766 35847.1585 6
60 1.2 35957.149999999994 160.06247874294036 36259.299 35743.766 35823.88345454545 11
70 1.4 35853.023857142856 62.06953291828193 36259.299 35743.766 35893.41382608695 23
80 2.1 42303.70809523809 15740.824675549004 80929.776 35743.766 35878.13113513513 37
90 1 62877.0944 22091.46185823915 81119.317 35743.766 38204.633137931036 58
100 3.2 53051.22796874998 21856.002903589804 81864.011 35743.766 41832.93626470589 68
110 3.3 46975.52615151516 19231.9117309858 81864.011 35743.766 45422.78960999999 100
120 4.9 49689.22220408161 20461.88865446401 82758.356 35743.766 45808.055067669164 133
130 3.6 57631.585222222224 22434.83826240236 82758.356 35743.766 46852.98468131867 182
140 4.3 55075.27881395351 22147.33423404675 83273.626 35743.766 48632.93706422017 218
150 4.8 56696.71502083334 22266.578723437542 83273.626 35743.766 49694.31903831417 261
160 4.1 52247.6124390244 20982.51332998757 84317.205 35743.766 50782.069870550156 309
170 4.2 63307.98995238094 22446.718106336266 88366.431 35743.766 50953.74771428571 350
180 6.3 61063.754857142856 21425.601032424725 92042.406 35743.766 52277.4165255102 392
190 7.9 53681.751582278484 16847.36066555782 95601.873 35073.893 53493.98644835164 455
200 6.8 64965.26422058822 22969.01574018409 95601.873 35073.893 53521.764436329584 534
210 10.4 56789.29476923076 21223.691194559622 95601.873 35073.893 54814.385674418605 602
220 12.8 58866.365578125 21049.725167104734 96015.78 35011.503 55105.30712747874 706
230 15.4 55947.09119480523 20958.19118608748 97114.884 35011.503 55682.54391606714 834
240 13.1 55425.09458778627 23290.353679880147 99246.767 35011.503 55723.77901821862 988
250 16.2 56459.137845679004 23145.126279774337 102659.379 35011.469 55688.81238695264 1119
260 23.2 58471.77286637933 23035.038995459123 105348.947 35011.361 55786.23059484778 1281
270 18.9 64086.48055555554 23733.721900822977 107295.572 35011.097 56198.025576338405 1513
280 10.9 76385.91711926607 16517.977986473456 108020.94 35011.097 57074.0055945946 1702
290 13.9 83671.75707913667 18240.680041143994 115375.565 35011.097 58236.34593484264 1811
300 10.1 91230.87126732667 10674.2108890816 115375.565 35011.097 60049.43421641026 1950
310 14.9 92491.3094563758 11243.49642737146 115375.565 35011.097 61584.94135543638 2051
320 6.8 94931.30413235295 11174.41531074035 115603.229 35011.097 63678.14537681818 2200
