0 5.5140625 5.5140625
10 10.51640625 16.03046875
20 21.2375 37.26796875
30 31.43828125 68.70625
40 42.53828125 111.24453125
50 54.996875 166.24140625
60 97.0296875 263.27109375
70 112.8625 376.13359375
80 144.3140625 520.44765625
90 112.27578125 632.7234375
100 200.784375 833.5078125
110 243.8203125 1077.328125
120 291.02421875 1368.35234375
130 242.29453125 1610.646875
140 319.74453125 1930.39140625
150 356.10078125 2286.4921875
160 345.55 2632.0421875
170 357.6234375 2989.665625
180 432.77578125 3422.44140625
190 403.06640625 3825.5078125
200 497.40078125 4322.90859375
210 516.334375 4839.24296875
220 537.121875 5376.36484375
230 561.4640625 5937.82890625
240 448.52109375 6386.35
250 430.5078125 6816.8578125
260 504.96640625 7321.82421875
270 428.97890625 7750.803125
280 301.7484375 8052.5515625
290 302.17578125 8354.72734375
300 309.95234375 8664.6796875
310 303.95703125 8968.63671875
320 171.14609375 9139.7828125
