0 5.55703125 5.55703125
10 10.378125 15.93515625
20 21.05 36.98515625
30 31.959375 68.94453125
40 42.34453125 111.2890625
50 52.8984375 164.1875
60 95.6546875 259.8421875
70 108.9359375 368.778125
80 137.9328125 506.7109375
90 104.84609375 611.55703125
100 194.2265625 805.78359375
110 233.07265625 1038.85625
120 283.6609375 1322.5171875
130 226.4734375 1548.990625
140 307.94140625 1856.93203125
150 340.27578125 2197.2078125
160 363.33125 2560.5390625
170 383.94453125 2944.48359375
180 475.359375 3419.84296875
190 454.2921875 3874.13515625
200 547.23828125 4421.3734375
210 677.81015625 5099.18359375
220 646.7625 5745.94609375
230 783.4953125 6529.44140625
240 567.81640625 7097.2578125
250 591.65859375 7688.91640625
260 708.73359375 8397.65
270 533.95078125 8931.60078125
280 465.83125 9397.43203125
290 352.34453125 9749.7765625
300 340.2625 10090.0390625
310 339.86015625 10429.89921875
320 193.22421875 10623.1234375
