0 0.7 2.7237142857142858 3.5002955676948893 11.296 1.222 0 0
10 0.6 1.2408333333333332 0.11139032972190878 11.296 1.043 2.7237142857142858 7
20 0.9 1.3583333333333332 0.07932352880591118 11.296 1.043 2.039307692307692 13
30 1.3 1.9356923076923078 1.4202465866404697 11.296 1.043 1.7607272727272723 22
40 1 1.3241999999999998 0.03629269899029281 11.296 1.043 1.8257142857142854 35
50 0.7 2.158 2.0176536585138405 11.296 1.043 1.7142666666666666 45
60 1.3 2.0243076923076933 2.5415267484364104 11.296 0.923 1.7739999999999998 52
70 0.5 1.2816 0.04181196001146086 11.296 0.923 1.8240615384615386 65
80 1 4.6624 9.370590111620505 32.732 0.923 1.7853142857142859 70
90 1 2.066 1.437771470018793 32.732 0.923 2.14495 80
100 1.4 2.620642857142857 1.617991462415355 32.732 0.923 2.1361777777777777 90
110 0.7 1.9504285714285718 1.3091829357212361 32.732 0.923 2.201394230769231 104
120 7.4 1.448527027027027 1.1426834139011008 32.732 0.868 2.185567567567568 111
130 3.5 1.3741714285714284 0.6204190973257759 32.732 0.868 1.8907513513513516 185
140 0.4 2.2695 1.662036476735694 32.732 0.868 1.808568181818182 220
150 0.4 3.21875 1.9441385463747176 32.732 0.868 1.8167991071428573 224
160 0.5 1.2912 0.11654938867278543 32.732 0.868 1.8413947368421053 228
170 0.3 1.3616666666666666 0.06623359335630889 32.732 0.868 1.8295879828326183 233
180 0.3 3.112 2.569877169567967 32.732 0.868 1.8236398305084747 236
190 0.8 1.823125 1.302085004665594 32.732 0.868 1.8398117154811717 239
200 0.3 3.888333333333333 1.7981976779233393 32.732 0.868 1.8392712550607289 247
210 0.4 1.39825 0.08130613445491064 32.732 0.868 1.86386 250
220 4.6 1.766260869565217 1.259469012249462 32.732 0.868 1.8565275590551182 254
224 1.5 1.7289333333333332 1.0122168059374543 32.732 0.868 1.8426866666666668 300
