0 0.1 0.6974624646232072 0 0.6974624646232072 0.6974624646232072 0 0
10 0.1 2.19560878243513 0.0 2.19560878243513 0.6974624646232072 0.6974624646232072 1
20 0.1 3.865213082259663 0.0 3.865213082259663 0.6974624646232072 1.4465356235291686 2
30 0.1 0.2 0.0 3.865213082259663 0.2 2.252761443106 3
40 0.1 0.49800796812749004 0.0 3.865213082259663 0.2 1.7395710823295 4
50 0.1 0.7928642220019821 0.0 3.865213082259663 0.2 1.491258459489098 5
60 0.1 1.996007984031936 0.0 3.865213082259663 0.2 1.374859419907912 6
70 0.1 0.7960199004975124 0.0 3.865213082259663 0.2 1.4635949290684869 7
80 0.1 0.2 0.0 3.865213082259663 0.2 1.380148050497115 8
90 0.1 0.39920159680638717 0.0 3.865213082259663 0.2 1.2490204893307688 9
100 0.1 0.499001996007984 0.0 3.865213082259663 0.2 1.1640386000783307 10
110 0.1 1.7892644135188867 0.0 3.865213082259663 0.2 1.1035807269810265 11
120 0.1 0.49800796812749004 0.0 3.865213082259663 0.2 1.160721034192515 12
130 0.1 3.6561264822134385 0.0 3.865213082259663 0.2 1.1097431060336669 13
140 0.1 0.8964143426294822 0.0 3.865213082259663 0.2 1.2916276329036507 14
150 0.1 1.7857142857142856 0.0 3.865213082259663 0.2 1.2652800802187059 15
160 0.1 2.0937188434695915 0.0 3.865213082259663 0.2 1.2978072180621796 16
170 0.1 0.3996003996003996 0.0 3.865213082259663 0.2 1.344625548968498 17
180 0.1 0.2997002997002997 0.0 3.865213082259663 0.2 1.2921241517813813 18
190 0.1 0.19960079840319359 0.0 3.865213082259663 0.19960079840319359 1.2398913174613242 19
200 0.1 2.083333333333333 0.0 3.865213082259663 0.19960079840319359 1.1878767915084176 20
210 0.1 0.09970089730807577 0.0 3.865213082259663 0.09970089730807577 1.2305175792143659 21
220 0.1 0.3 0.0 3.865213082259663 0.09970089730807577 1.1791168209458982 22
224 0.1 2.5742574257425743 0.0 3.865213082259663 0.09970089730807577 1.1408943504699898 23
