10 0.1 166 0 166 166 0 0
20 0.1 370.0 0.0 370 166 166.0 1
30 0.1 76.0 0.0 370 76 268.0 2
40 0.1 98.0 0.0 370 76 204.0 3
50 0.1 117.0 0.0 370 76 177.5 4
60 0.1 274.0 0.0 370 76 165.4 5
70 0.1 144.0 0.0 370 76 183.5 6
80 0.1 76.0 0.0 370 76 177.85714285714286 7
90 0.1 92.0 0.0 370 76 165.125 8
100 0.1 172.0 0.0 370 76 157.0 9
110 0.1 301.0 0.0 370 76 158.5 10
120 0.1 105.0 0.0 370 76 171.45454545454547 11
130 0.1 982.0 0.0 982 76 165.91666666666669 12
140 0.1 228.0 0.0 982 76 228.69230769230768 13
150 0.1 283.0 0.0 982 76 228.64285714285714 14
160 0.1 421.0 0.0 982 76 232.26666666666668 15
170 0.1 145.0 0.0 982 76 244.0625 16
180 0.1 40.0 0.0 982 40 238.23529411764707 17
190 0.1 82.0 0.0 982 40 227.22222222222223 18
200 0.1 302.0 0.0 982 40 219.57894736842104 19
210 0.1 47.0 0.0 982 40 223.7 20
220 0.1 58.0 0.0 982 40 215.28571428571428 21
224 0.1 692.0 0.0 982 40 208.13636363636363 22
