10 0.1 240 0 240 240 0 0
20 0.1 505.0 0.0 505 240 240.0 1
30 0.1 77.0 0.0 505 77 372.5 2
40 0.1 106.0 0.0 505 77 274.0 3
50 0.1 126.0 0.0 505 77 232.0 4
60 0.1 325.0 0.0 505 77 210.8 5
70 0.1 154.0 0.0 505 77 229.83333333333334 6
80 0.1 80.0 0.0 505 77 219.0 7
90 0.1 98.0 0.0 505 77 201.625 8
100 0.1 177.0 0.0 505 77 190.11111111111111 9
110 0.1 337.0 0.0 505 77 188.8 10
120 0.1 105.0 0.0 505 77 202.27272727272728 11
130 0.1 1060.0 0.0 1060 77 194.16666666666666 12
140 0.1 230.0 0.0 1060 77 260.7692307692308 13
150 0.1 344.0 0.0 1060 77 258.57142857142856 14
160 0.1 469.0 0.0 1060 77 264.26666666666665 15
170 0.1 150.0 0.0 1060 77 277.0625 16
180 0.1 30.0 0.0 1060 30 269.5882352941176 17
190 0.1 65.0 0.0 1060 30 256.27777777777777 18
200 0.1 305.0 0.0 1060 30 246.21052631578948 19
210 0.1 48.0 0.0 1060 30 249.15 20
220 0.1 60.0 0.0 1060 30 239.57142857142858 21
224 0.1 769.0 0.0 1060 30 231.4090909090909 22
