0 8.71640625 8.71640625
10 3.8140625 12.53046875
20 7.32109375 19.8515625
30 15.66640625 35.51796875
40 13.6953125 49.21328125
50 14.953125 64.16640625
60 18.73828125 82.9046875
70 14.71953125 97.62421875
80 10.52734375 108.1515625
90 26.3671875 134.51875
100 16.93125 151.45
110 21.1171875 172.5671875
120 88.81484375 261.38203125
130 49.17734375 310.559375
140 8.02734375 318.58671875
150 45.65859375 364.2453125
160 26.88359375 391.12890625
170 4.84453125 395.9734375
180 4.84453125 400.81796875
190 12.91875 413.73671875
200 4.84453125 418.58125
210 6.459375 425.040625
220 66.05390625 491.09453125
224 10.5 501.59453125
