0 8.58203125 8.58203125
10 3.925 12.50703125
20 7.4046875 19.91171875
30 15.61015625 35.521875
40 13.85 49.371875
50 14.78515625 64.15703125
60 18.95703125 83.1140625
70 14.80234375 97.91640625
80 10.76875 108.68515625
90 26.25 134.93515625
100 17.1828125 152.11796875
110 21.07890625 173.196875
120 87.91484375 261.11171875
130 49.17578125 310.2875
140 8.05078125 318.33828125
150 45.98515625 364.3234375
160 26.99140625 391.31484375
170 4.84453125 396.159375
180 4.85546875 401.01484375
190 12.9078125 413.92265625
200 4.86796875 418.790625
210 6.503125 425.29375
220 74.55625 499.85
224 24.27421875 524.12421875
