0 1.2 12
10 0.6 18
20 1.6 34
30 3.2 66
40 5.7 123
50 5.1 174
60 7.3 247
70 10.3 350
80 17.4 524
90 11 634
100 19.5 829
110 22 1049
120 24.7 1296
130 25.8 1554
140 27.1 1825
150 35 2175
160 41.3 2588
170 40.4 2992
180 55.4 3546
190 65.9 4205
200 78.7 4992
210 80.3 5795
220 89.5 6690
230 95 7640
240 124.4 8884
250 120.5 10089
260 147.9 11568
270 152.4 13092
280 160.4 14696
290 197.5 16671
300 217.4 18845
310 198.9 20834
320 232.4 23158
330 253.9 25697
340 260.3 28300
350 269.5 30995
360 271.2 33707
370 284.4 36551
380 251.6 39067
390 268.9 41756
400 278.9 44545
410 288.2 47427
420 263.4 50061
430 262.7 52688
440 316.6 55854
450 324.3 59097
460 288 61977
470 267.3 64650
480 128 65930
