0 1 10
10 0.6 16
20 1.7 33
30 1.5 48
40 3.4 82
50 2.7 109
60 3 139
70 4.2 181
80 6.1 242
90 4.1 283
100 6.5 348
110 7.4 422
120 9 512
130 8.3 595
140 9.9 694
150 12.9 823
160 18.2 1005
170 17.6 1181
180 18.9 1370
190 25.5 1625
200 23.1 1856
210 29.6 2152
220 27.3 2425
230 35 2775
240 38.1 3156
250 43.6 3592
260 48.8 4080
270 54 4620
280 48.5 5105
290 57.7 5682
300 64.9 6331
310 63.2 6963
320 66.3 7626
330 76 8386
340 78.3 9169
350 79.4 9963
360 79.4 10757
370 85.6 11613
380 88.8 12501
390 83 13331
400 84.6 14177
410 70.4 14881
420 67.9 15560
430 66 16220
440 28.8 16508
450 9.5 16603
460 8 16683
470 8 16763
480 4 16803
