0 10 10
10 16 6
20 33 17
30 46 13
40 76 30
50 99 23
60 119 20
70 151 32
80 180 29
90 208 28
100 231 23
110 266 35
120 305 39
130 330 25
140 367 37
150 434 67
160 512 78
170 609 97
180 683 74
190 800 117
200 869 69
210 997 128
220 1110 113
230 1245 135
240 1309 64
250 1331 22
260 1446 115
270 1497 51
280 1622 125
290 1709 87
300 1819 110
310 1918 99
320 2024 106
330 2209 185
340 2368 159
350 2390 22
360 2503 113
370 2596 93
380 2513 -83
390 2558 45
400 2613 55
410 2706 93
420 2743 37
430 2816 73
440 2441 -375
450 1960 -481
460 1564 -396
470 1057 -507
480 917 -140
