0 1 2.9677999999999995 5.434122427770651 19.261 0.941 0 0
10 0.6 13.165666666666668 26.853125806050134 73.211 0.941 2.9677999999999995 10
20 1.7 1.2292941176470586 0.32737400175368464 73.211 0.941 6.792000000000001 16
30 1.5 1.1054666666666668 0.13004146347308698 73.211 0.941 3.9263636363636363 33
40 3.4 1.4872352941176468 1.461314095536325 73.211 0.829 3.044833333333333 48
50 2.7 1.1283333333333334 0.1783830667931194 73.211 0.829 2.3989999999999996 82
60 3 1.4032000000000002 1.9886181533919471 73.211 0.776 2.084247706422018 109
70 4.8 0.9736875000000002 0.1626568673939612 73.211 0.712 1.9372589928057553 139
80 5.8 1.1198448275862067 0.3874602449784536 73.211 0.704 1.6899251336898398 187
90 4.6 1.1900869565217393 0.4834760380774678 73.211 0.704 1.5549673469387755 245
100 6.8 25.511441176470576 82.18262421911739 408.176 0.69 1.4972886597938144 291
110 8.1 0.9563950617283951 0.17637443888404822 408.176 0.69 6.045930362116989 359
120 8.7 1.1425057471264368 1.3079585820146682 408.176 0.69 5.108993181818179 440
130 8.2 25.86554878048781 85.19814514128763 408.176 0.69 4.454184060721061 527
140 10.8 1.0036481481481478 0.14698181512708342 408.176 0.69 7.337159277504105 609
150 14.2 1.0922887323943666 0.7895278280602223 408.176 0.69 6.3831576011157605 717
160 16.8 0.9758869047619043 0.22828366923202933 408.176 0.69 5.508532013969733 859
170 18.6 1.0303655913978504 0.6397676625477834 408.176 0.69 4.767067185978578 1027
180 19.7 0.9585126903553296 0.6427426213113009 408.176 0.687 4.194085737840067 1213
190 25.6 0.9962265624999995 0.47774492597455565 408.176 0.637 3.7420234042553204 1410
200 23.1 1.0454632034632023 0.6279600637935565 408.176 0.637 3.320100240096039 1666
210 29.8 0.8664429530201347 0.36083461013760704 408.176 0.637 3.0431149182920403 1897
220 28.8 0.8221041666666666 0.13529893439826327 408.176 0.637 2.7476031890660595 2195
230 36.2 5.891801104972379 31.016688984523352 408.176 0.637 2.524267015706806 2483
240 38.2 1.2227434554973824 1.375629920305754 408.176 0.618 2.952754657293497 2845
250 45.2 0.8624756637168146 0.206394173167461 408.176 0.603 2.7479625038735667 3227
260 50.9 1.25093909626719 1.5670782463178041 408.176 0.603 2.51631258494156 3679
270 53.2 0.883840225563909 0.5126053594601966 408.176 0.576 2.362521967526265 4188
280 55.3 20.15695660036166 82.41992610393572 533.445 0.576 2.195856991525423 4720
290 58.4 20.440958904109593 78.6561313821444 563.983 0.576 4.0795073013464815 5273
300 66.2 0.917519637462235 0.8117306631844997 563.983 0.576 5.710903534232543 5857
310 69.4 0.9443487031700292 0.5322284665948805 563.983 0.563 5.224138671575395 6519
320 82.9 0.9148106151990346 0.5727610579581794 563.983 0.563 4.812357964785804 7213
330 92.6 0.8159524838012955 0.20717020138678927 563.983 0.563 4.41058393434469 8042
340 90.1 0.8593362930077693 0.5540023070018706 563.983 0.563 4.039416592328278 8968
350 78.4 1.0803660714285708 1.6227414751982043 563.983 0.563 3.7490880535008615 9869
360 90.9 23.05505280528056 95.19396562154705 620.315 0.563 3.552685346850652 10653
370 95.1 0.8373880126182961 0.29988759166992135 620.315 0.563 5.085953987199449 11562
380 105 1.089737142857141 1.8488511499619573 620.315 0.563 4.7630588987453075 12513
390 108.1 0.9760101757631827 0.5680277700408026 620.315 0.552 4.478683182186834 13563
400 109.8 1.0532823315118385 2.164164810799651 620.315 0.536 4.220120663753075 14644
410 117.7 0.8621588785046738 0.5261775201811898 620.315 0.536 3.9992345953500212 15742
420 136.3 1.036186353631693 1.1162230561049697 620.315 0.495 3.7809984041610045 16919
430 144.6 0.9547800829875533 0.5699428801464165 620.315 0.495 3.5763611202275483 18282
440 71.6 0.9483645251396638 0.6432742751727887 620.315 0.495 3.384207522303327 19728
450 48.1 0.8823471933471925 0.48300303029466346 620.315 0.495 3.2988982097436916 20444
460 39.5 0.880217721518988 0.30118936083194053 620.315 0.495 3.2433492951015546 20925
470 31.1 0.9424212218649507 0.40612784414217984 620.315 0.495 3.199567073170733 21320
480 35.2 1.0642556818181814 1.1167332393229037 620.315 0.495 3.167114927650133 21631
