0 0.1 2.5801736357193477 0 2.5801736357193477 2.5801736357193477 0 0
10 0.1 0.5994005994005994 0.0 2.5801736357193477 0.5994005994005994 2.5801736357193477 1
20 0.1 0.0 0.0 2.5801736357193477 0.0 1.5897871175599736 2
30 0.1 0.30060120240480964 0.0 2.5801736357193477 0.0 1.0598580783733158 3
40 0.1 0.3003003003003003 0.0 2.5801736357193477 0.0 0.8700438593811892 4
50 0.1 0.6006006006006006 0.0 2.5801736357193477 0.0 0.7560951475650114 5
60 0.1 1.001001001001001 0.0 2.5801736357193477 0.0 0.7301793897376095 6
70 0.1 3.996003996003996 0.0 3.996003996003996 0.0 0.7688681913466654 7
80 0.1 0.6024096385542169 0.0 3.996003996003996 0.0 1.1722601669288317 8
90 0.1 1.0 0.0 3.996003996003996 0.0 1.1089434415538746 9
100 0.1 0.7021063189568706 0.0 3.996003996003996 0.0 1.098049097398487 10
110 0.1 0.8056394763343404 0.0 3.996003996003996 0.0 1.0620542993583402 11
120 0.1 1.0070493454179255 0.0 3.996003996003996 0.0 1.0406863974396734 12
130 0.1 1.5060240963855422 0.0 3.996003996003996 0.0 1.038098931899539 13
140 0.1 1.3052208835341366 0.0 3.996003996003996 0.0 1.0715221579342535 14
150 0.1 1.9095477386934674 0.0 3.996003996003996 0.0 1.0871020729742458 15
160 0.1 1.417004048582996 0.0 3.996003996003996 0.0 1.1385049270816971 16
170 0.1 2.3255813953488373 0.0 3.996003996003996 0.0 1.1548872283464795 17
180 0.1 2.414486921529175 0.0 3.996003996003996 0.0 1.2199257931799439 18
190 0.1 2.3421588594704685 0.0 3.996003996003996 0.0 1.2827974315141137 19
200 0.1 4.954499494438827 0.0 4.954499494438827 0.0 1.3357655029119315 20
210 0.1 3.353658536585366 0.0 4.954499494438827 0.0 1.508086169175117 21
220 0.1 4.527162977867203 0.0 4.954499494438827 0.0 1.591975822239219 22
230 0.1 4.550050556117291 0.0 4.954499494438827 0.0 1.71959265509261 23
240 0.1 5.273833671399594 0.0 5.273833671399594 0.0 1.8375284009686383 24
250 0.1 7.339449541284404 0.0 7.339449541284404 0.0 1.9749806117858766 25
260 0.1 6.458123107971746 0.0 7.339449541284404 0.0 2.181306339843512 26
270 0.1 6.741573033707865 0.0 7.339449541284404 0.0 2.3397069608852985 27
280 0.1 7.926829268292683 0.0 7.926829268292683 0.0 2.4969164634861043 28
290 0.1 8.036622583926754 0.0 8.036622583926754 0.0 2.684154836065641 29
300 0.1 9.552845528455284 0.0 9.552845528455284 0.0 2.8625704276610118 30
310 0.1 10.499490316004078 0.0 10.499490316004078 0.0 3.0783857534930847 31
320 0.1 11.823647294589177 0.0 11.823647294589177 0.0 3.3102952710715536 32
330 0.1 12.474645030425965 0.0 12.474645030425965 0.0 3.5682756354205725 33
340 0.1 12.474437627811861 0.0 12.474645030425965 0.0 3.8302276764501433 34
350 0.1 12.061855670103093 0.0 12.474645030425965 0.0 4.077205103631907 35
360 0.1 12.538540596094553 0.0 12.538540596094553 0.0 4.299000952700551 36
370 0.1 14.747474747474747 0.0 14.747474747474747 0.0 4.521691213332821 37
380 0.1 14.939024390243901 0.0 14.939024390243901 0.0 4.7907907800207665 38
390 0.1 17.831813576494426 0.0 17.831813576494426 0.0 5.0510018982316165 39
400 0.1 15.163934426229508 0.0 17.831813576494426 0.0 5.370522190188187 40
410 0.1 18.069815195071868 0.0 18.069815195071868 0.0 5.609385903262366 41
420 0.1 15.09433962264151 0.0 18.069815195071868 0.0 5.906062791162593 42
430 0.1 16.822429906542055 0.0 18.069815195071868 0.0 6.119743647708614 43
440 0.1 17.09577754891864 0.0 18.069815195071868 0.0 6.362986517227555 44
450 0.1 12.59029927760578 0.0 18.069815195071868 0.0 6.601492984598469 45
460 0.1 11.122554067971164 0.0 18.069815195071868 0.0 6.731684425750801 46
470 0.1 9.607438016528926 0.0 18.069815195071868 0.0 6.825107184095915 47
480 0.1 9.562563580874874 0.0 18.069815195071868 0.0 6.883072409771604 48
