0 0 0
10 0 0
20 0 0
30 0.2 2
40 0.5 7
50 0.3 10
60 0.9 19
70 0.9 28
80 2.4 52
90 1.1 63
100 3 93
110 2.6 119
120 3.8 157
130 3.7 194
140 3.9 233
150 4.8 281
160 6.4 345
170 5.5 400
180 8 480
190 9.3 573
200 12.6 699
210 11.6 815
220 13.5 950
230 13.8 1088
240 20.7 1295
250 17.4 1469
260 22.3 1692
270 23.9 1931
280 25.1 2182
290 33.5 2517
300 35.2 2869
310 32.9 3198
320 38.7 3585
330 41.9 4004
340 43.5 4439
350 47.1 4910
360 44.5 5355
370 48.9 5844
380 37.4 6218
390 47.7 6695
400 57.9 7274
410 64.1 7915
420 66.8 8583
430 61.5 9198
440 75.6 9954
450 80.7 10761
460 66.4 11425
470 70.1 12126
480 33.1 12457
