0 0.1 3525.02734375 0 3525.02734375 3525.02734375 0 0
10 0.1 3525.140625 0.0 3525.140625 3525.02734375 3525.02734375 1
20 0.1 3525.1796875 0.0 3525.1796875 3525.02734375 3525.083984375 2
30 0.1 3524.88671875 0.0 3525.1796875 3524.88671875 3525.1158854166665 3
40 0.1 3522.44921875 0.0 3525.1796875 3522.44921875 3525.05859375 4
50 0.1 3521.30078125 0.0 3525.1796875 3521.30078125 3524.53671875 5
60 0.1 3519.7734375 0.0 3525.1796875 3519.7734375 3523.9973958333335 6
70 0.1 3517.31640625 0.0 3525.1796875 3517.31640625 3523.393973214286 7
80 0.1 3514.23046875 0.0 3525.1796875 3514.23046875 3522.63427734375 8
90 0.1 3513.69921875 0.0 3525.1796875 3513.69921875 3521.7005208333335 9
100 0.1 3511.66796875 0.0 3525.1796875 3511.66796875 3520.900390625 10
110 0.1 3507.5625 0.0 3525.1796875 3507.5625 3520.0610795454545 11
120 0.1 3505.421875 0.0 3525.1796875 3505.421875 3519.01953125 12
130 0.1 3503.703125 0.0 3525.1796875 3503.703125 3517.9735576923076 13
140 0.1 3503.4140625 0.0 3525.1796875 3503.4140625 3516.9542410714284 14
150 0.1 3502.625 0.0 3525.1796875 3502.625 3516.0515625 15
160 0.1 3501.828125 0.0 3525.1796875 3501.828125 3515.21240234375 16
170 0.1 3500.85546875 0.0 3525.1796875 3500.85546875 3514.425091911765 17
180 0.1 3492.25 0.0 3525.1796875 3492.25 3513.6712239583335 18
190 0.1 3490.09765625 0.0 3525.1796875 3490.09765625 3512.5437911184213 19
200 0.1 3480.6796875 0.0 3525.1796875 3480.6796875 3511.421484375 20
210 0.1 3471.3515625 0.0 3525.1796875 3471.3515625 3509.957589285714 21
220 0.1 3469.09375 0.0 3525.1796875 3469.09375 3508.2027698863635 22
230 0.1 3460.15234375 0.0 3525.1796875 3460.15234375 3506.5023777173915 23
240 0.1 3448.91796875 0.0 3525.1796875 3448.91796875 3504.5711263020835 24
250 0.1 3446.6640625 0.0 3525.1796875 3446.6640625 3502.345 25
260 0.1 3444.69921875 0.0 3525.1796875 3444.69921875 3500.203425480769 26
270 0.1 3427.57421875 0.0 3525.1796875 3427.57421875 3498.1477141203704 27
280 0.1 3412.4921875 0.0 3525.1796875 3412.4921875 3495.6272321428573 28
290 0.1 3410.078125 0.0 3525.1796875 3410.078125 3492.760506465517 29
300 0.1 3408.15625 0.0 3525.1796875 3408.15625 3490.004427083333 30
310 0.1 3406.98828125 0.0 3525.1796875 3406.98828125 3487.3641633064517 31
320 0.1 3389.47265625 0.0 3525.1796875 3389.47265625 3484.8524169921875 32
330 0.1 3371.42578125 0.0 3525.1796875 3371.42578125 3481.962121212121 33
340 0.1 3368.234375 0.0 3525.1796875 3368.234375 3478.711052389706 34
350 0.1 3365.54296875 0.0 3525.1796875 3365.54296875 3475.554575892857 35
360 0.1 3362.3828125 0.0 3525.1796875 3362.3828125 3472.4986979166665 36
370 0.1 3345.76953125 0.0 3525.1796875 3345.76953125 3469.5225929054054 37
380 0.1 3328.44921875 0.0 3525.1796875 3328.44921875 3466.265933388158 38
390 0.1 3255.7578125 0.0 3525.1796875 3255.7578125 3462.732171474359 39
400 0.1 3232.66015625 0.0 3525.1796875 3232.66015625 3457.5578125 40
410 0.1 3230.66796875 0.0 3525.1796875 3230.66796875 3452.072503810976 41
420 0.1 3235.96875 0.0 3525.1796875 3230.66796875 3446.8009672619046 42
430 0.1 3249.125 0.0 3525.1796875 3230.66796875 3441.8978924418607 43
440 0.1 3247.8984375 0.0 3525.1796875 3230.66796875 3437.516690340909 44
450 0.1 3247.68359375 0.0 3525.1796875 3230.66796875 3433.3029513888887 45
460 0.1 3264.41015625 0.0 3525.1796875 3230.66796875 3429.2677479619565 46
470 0.1 3263.94921875 0.0 3525.1796875 3230.66796875 3425.7601396276596 47
480 0.1 3263.78515625 0.0 3525.1796875 3230.66796875 3422.3890787760415 48
