0 0.1 0.0 0 0.0 0.0 0 0
10 0.1 0.0 0.0 0.0 0.0 0.0 1
20 0.1 0.0 0.0 0.0 0.0 0.0 2
30 0.1 0.0 0.0 0.0 0.0 0.0 3
40 0.1 0.0 0.0 0.0 0.0 0.0 4
50 0.1 0.0 0.0 0.0 0.0 0.0 5
60 0.1 0.0 0.0 0.0 0.0 0.0 6
70 0.1 0.078125 0.0 0.078125 0.0 0.0 7
80 0.1 0.0703125 0.0 0.078125 0.0 0.009765625 8
90 0.1 0.05859375 0.0 0.078125 0.0 0.016493055555555556 9
100 0.1 0.05078125 0.0 0.078125 0.0 0.020703125 10
110 0.1 0.0390625 0.0 0.078125 0.0 0.0234375 11
120 0.1 0.03125 0.0 0.078125 0.0 0.024739583333333332 12
130 0.1 0.03125 0.0 0.078125 0.0 0.025240384615384616 13
140 0.1 0.01953125 0.0 0.078125 0.0 0.025669642857142856 14
150 0.1 0.01953125 0.0 0.078125 0.0 0.025260416666666667 15
160 0.1 0.01953125 0.0 0.078125 0.0 0.02490234375 16
170 0.1 0.01171875 0.0 0.078125 0.0 0.02458639705882353 17
180 0.1 0.01171875 0.0 0.078125 0.0 0.023871527777777776 18
190 0.1 0.01171875 0.0 0.078125 0.0 0.023231907894736843 19
200 0.1 0.01171875 0.0 0.078125 0.0 0.02265625 20
210 0.1 0.0 0.0 0.078125 0.0 0.022135416666666668 21
220 0.1 0.0 0.0 0.078125 0.0 0.021129261363636364 22
230 0.1 0.0 0.0 0.078125 0.0 0.020210597826086956 23
240 0.1 0.078125 0.0 0.078125 0.0 0.019368489583333332 24
250 0.1 0.140625 0.0 0.140625 0.0 0.02171875 25
260 0.1 0.12109375 0.0 0.140625 0.0 0.026292067307692308 26
270 0.1 0.1796875 0.0 0.1796875 0.0 0.02980324074074074 27
280 0.1 0.1484375 0.0 0.1796875 0.0 0.03515625 28
290 0.1 0.12890625 0.0 0.1796875 0.0 0.0390625 29
300 0.1 0.109375 0.0 0.1796875 0.0 0.04205729166666667 30
310 0.1 0.08984375 0.0 0.1796875 0.0 0.04422883064516129 31
320 0.1 0.078125 0.0 0.1796875 0.0 0.045654296875 32
330 0.1 0.1484375 0.0 0.1796875 0.0 0.046638257575757576 33
340 0.1 0.12109375 0.0 0.1796875 0.0 0.04963235294117647 34
350 0.1 0.1015625 0.0 0.1796875 0.0 0.05167410714285714 35
360 0.1 0.08984375 0.0 0.1796875 0.0 0.053059895833333336 36
370 0.1 0.0703125 0.0 0.1796875 0.0 0.05405405405405406 37
380 0.1 0.05859375 0.0 0.1796875 0.0 0.05448190789473684 38
390 0.1 0.12890625 0.0 0.1796875 0.0 0.054587339743589744 39
400 0.1 0.109375 0.0 0.1796875 0.0 0.0564453125 40
410 0.1 0.08984375 0.0 0.1796875 0.0 0.05773628048780488 41
420 0.1 0.078125 0.0 0.1796875 0.0 0.05850074404761905 42
430 0.1 0.05859375 0.0 0.1796875 0.0 0.058957122093023256 43
440 0.1 0.05078125 0.0 0.1796875 0.0 0.05894886363636364 44
450 0.1 0.12109375 0.0 0.1796875 0.0 0.05876736111111111 45
460 0.1 0.171875 0.0 0.1796875 0.0 0.060122282608695655 46
470 0.1 0.1484375 0.0 0.1796875 0.0 0.0625 47
480 0.1 0.12109375 0.0 0.1796875 0.0 0.06429036458333333 48
