0 1 94.54469999999999 65.41365865176782 215.413 19.347 0 0
10 0.6 67.928 23.551300034888374 215.413 17.601 94.54469999999999 10
20 1.7 65.98882352941176 72.87415450280209 310.835 16.37 84.56343749999999 16
30 2.1 40.1565238095238 16.172133253337943 310.835 15.0 74.99469696969696 33
40 4.1 39.569878048780474 20.025014336580384 310.835 15.0 61.44651851851851 54
50 3.9 37.792794871794875 26.608676341084486 310.835 15.0 52.00502105263157 95
60 4.5 37.687866666666665 17.805954591527957 310.835 11.884 47.86862686567164 134
70 7.2 33.61577777777777 16.763532816986192 310.835 11.884 45.309217877094966 179
80 9.4 40.86448936170213 23.442933399134795 310.835 11.884 41.95492430278884 251
90 7.3 32.821931506849296 14.80447564622578 310.835 11.884 41.65782028985506 345
100 11.3 52.76529203539821 68.20673937722164 428.337 11.884 40.114710526315775 418
110 12.9 36.00612403100774 16.161599356253642 428.337 11.884 42.80683050847456 531
120 14.2 36.30521830985915 16.3015236193276 428.337 11.884 41.4776015151515 660
130 14.5 52.85750344827585 67.93580466761395 428.337 11.884 40.561793017456345 802
140 16.9 34.42187573964498 16.9229708235119 428.337 11.344 42.444451953537474 947
150 22 33.86519090909088 15.58638990739587 428.337 11.344 41.22956362007167 1116
160 25.9 34.15858687258685 16.43831571269552 428.337 11.344 40.01686751497004 1336
170 28.3 32.72040282685513 16.77585769532225 428.337 11.344 39.06558557993728 1595
180 32.6 35.45904601226994 15.685156716716103 428.337 11.179 38.109415867944605 1878
190 42.4 35.2669221698114 16.811062739466035 428.337 11.179 37.71739201451904 2204
200 44.1 40.50890476190481 19.69221710194216 428.337 11.179 37.32203462709285 2628
210 48.5 37.52577731958763 18.062359949013672 428.337 11.179 37.779971977842955 3069
220 52 37.65498653846151 17.523320671811213 428.337 11.179 37.74528306133934 3554
230 59.2 43.23441216216215 39.33831371201773 428.337 10.336 37.73375773195877 4074
240 70.5 41.511286524822744 19.547456427670138 428.337 10.336 38.43165473639092 4666
250 73.8 38.86048509485099 18.831827321767744 428.337 10.336 38.83588866132937 5371
260 88.2 45.02054081632649 24.422211477792537 428.337 10.336 38.83886004256017 6109
270 91.2 43.33796600877187 20.91801635447495 428.337 10.336 39.618754541553436 6991
280 95.7 104.50247021943561 183.6377028884787 1148.986 10.336 40.04794862710363 7903
290 111.1 68.32632853285318 92.68927846527458 1148.986 10.336 47.009909932279896 8860
300 122.4 56.03878104575166 29.743619289010127 1148.986 10.336 49.38505195065688 9971
310 116.9 53.67803592814365 29.80186425421974 1148.986 10.336 50.11253425636443 11195
320 128.4 92.24396495327103 107.89407944776751 1148.986 10.336 50.44964776771269 12364
330 145.7 83.00743719972556 55.15710013531655 1148.986 10.336 54.38164536928486 13648
340 147.4 83.47693147896875 49.167090829735706 1148.986 10.336 57.14283561734524 15105
350 147.8 102.83720568335593 67.98544476823866 1148.986 10.336 59.48413830749743 16579
360 156.5 206.5760115015972 188.04697434801076 1512.54 10.336 63.03266982333721 18057
370 164.7 408.30468731026014 420.64503315084045 2162.927 10.336 74.48131571705227 19622
380 145.2 1098.154235537189 999.5163244716847 3798.489 10.336 100.33147759650186 21269
390 170.3 2135.5835596006996 1376.9728198845314 4713.789 0.448 164.09797750979254 22721
400 188.4 2008.0587770700622 1447.7151212046526 4713.789 0.448 301.5627640435632 24424
410 201.4 1907.5964761668338 1431.8063531987318 4767.428 0.417 423.7704000684197 26308
420 213.2 1832.7075872420303 1511.505573582961 5186.071 0.417 529.2864553350748 28322
430 206.4 1808.7457718023259 1452.826548843336 5186.071 0.417 620.5353504958297 30454
440 178.4 2006.371823430497 1389.144653070738 5186.071 0.417 695.9540819546097 32518
450 148.2 400.99197098515566 403.632509833785 5186.071 0.417 764.1071124132706 34302
460 140.5 135.98126263345222 100.66689247167247 5186.071 0.417 749.0686415995978 35784
470 113.8 127.90883391915649 111.24108261698683 5186.071 0.417 725.9062073462584 37189
480 69.1 31.91220115774242 16.542608340603994 5186.071 0.417 708.15055177812 38327
