10 0.1 92 0 92 92 0 0
20 0.1 39.0 0.0 92 39 92.0 1
30 0.1 130.0 0.0 130 39 65.5 2
40 0.1 220.0 0.0 220 39 87.0 3
50 0.1 357.0 0.0 357 39 120.25 4
60 0.1 360.0 0.0 360 39 167.6 5
70 0.1 810.0 0.0 810 39 199.66666666666666 6
80 0.1 590.0 0.0 810 39 286.85714285714283 7
90 0.1 780.0 0.0 810 39 324.75 8
100 0.1 617.0 0.0 810 39 375.3333333333333 9
110 0.1 960.0 0.0 960 39 399.5 10
120 0.1 1076.0 0.0 1076 39 450.45454545454544 11
130 0.1 1259.0 0.0 1259 39 502.5833333333333 12
140 0.1 1216.0 0.0 1259 39 560.7692307692307 13
150 0.1 1555.0 0.0 1555 39 607.5714285714286 14
160 0.1 1849.0 0.0 1849 39 670.7333333333333 15
170 0.1 2138.0 0.0 2138 39 744.375 16
180 0.1 2169.0 0.0 2169 39 826.3529411764706 17
190 0.1 2844.0 0.0 2844 39 900.9444444444445 18
200 0.1 3533.0 0.0 3533 39 1003.2105263157895 19
210 0.1 3774.0 0.0 3774 39 1129.7 20
220 0.1 3985.0 0.0 3985 39 1255.6190476190477 21
230 0.1 4558.0 0.0 4558 39 1379.6818181818182 22
240 0.1 5112.0 0.0 5112 39 1517.8695652173913 23
250 0.1 6168.0 0.0 6168 39 1667.625 24
260 0.1 6380.0 0.0 6380 39 1847.64 25
270 0.1 7516.0 0.0 7516 39 2021.9615384615386 26
280 0.1 7865.0 0.0 7865 39 2225.4444444444443 27
290 0.1 8413.0 0.0 8413 39 2426.8571428571427 28
300 0.1 9904.0 0.0 9904 39 2633.2758620689656 29
310 0.1 10552.0 0.0 10552 39 2875.633333333333 30
320 0.1 10997.0 0.0 10997 39 3123.2580645161293 31
330 0.1 12546.0 0.0 12546 39 3369.3125 32
340 0.1 14049.0 0.0 14049 39 3647.3939393939395 33
350 0.1 14129.0 0.0 14129 39 3953.323529411765 34
360 0.1 14337.0 0.0 14337 39 4244.057142857143 35
370 0.1 15698.0 0.0 15698 39 4524.416666666667 36
380 0.1 16797.0 0.0 16797 39 4826.405405405405 37
390 0.1 17374.0 0.0 17374 39 5141.421052631578 38
400 0.1 17072.0 0.0 17374 39 5455.076923076922 39
410 0.1 18446.0 0.0 18446 39 5745.499999999998 40
420 0.1 18667.0 0.0 18667 39 6055.268292682926 41
430 0.1 19534.0 0.0 19534 39 6355.547619047617 42
440 0.1 19328.0 0.0 19534 39 6662.023255813952 43
450 0.1 17173.0 0.0 19534 39 6949.886363636362 44
460 0.1 15897.0 0.0 19534 39 7177.066666666666 45
470 0.1 13786.0 0.0 19534 39 7366.630434782607 46
480 0.1 11658.0 0.0 19534 39 7503.212765957445 47
