0 2.2 42.938181818181825 29.613736394444885 107.065 14.196 0 0
10 1.2 33.93625 23.38841492108504 107.065 14.196 42.938181818181825 22
20 3.3 33.96184848484848 56.63153748528058 310.835 12.687 39.7610294117647 34
30 4.7 17.912340425531916 5.645222040284196 310.835 6.821 36.90471641791045 67
40 9.1 17.796131868131866 9.619785186663773 310.835 6.167 29.074526315789473 114
50 7.8 19.1730641025641 12.013713719830545 310.835 6.167 24.068019512195118 205
60 10.3 16.20738834951456 5.666235556625337 310.835 6.167 22.718879858657242 283
70 14.5 16.669158620689654 7.086397033730685 310.835 5.947 20.981357512953366 386
80 23.5 16.315127659574443 11.80801837486501 310.835 5.947 19.803826741996232 531
90 15.1 15.840225165562915 5.254006093332085 310.835 5.947 18.733533942558736 766
100 26 22.988938461538456 47.26713768485762 428.337 5.947 18.257100327153754 917
110 29.3 15.750617747440272 5.614765920189783 428.337 5.947 19.302366185216645 1177
120 33.8 15.224215976331358 6.704933103821915 428.337 5.947 18.59443265306122 1470
130 34.1 22.448478005865084 44.939705975827195 428.337 5.947 17.96438108407079 1808
140 37 15.695567567567554 5.343586928426524 428.337 5.947 18.675910656119118 2149
150 47.9 15.528025052192072 5.073208016811044 428.337 5.947 18.238146883683992 2519
160 59.4 14.86711616161616 5.5164358368175845 428.337 5.947 17.805142094729813 2998
170 58.1 15.945913941480224 5.747610362938684 428.337 5.947 17.319288140311798 3592
180 74.3 15.506616419919263 5.414512720915194 428.337 5.947 17.1280754852624 4173
190 91.4 16.33335995623634 6.3278448660132955 428.337 5.947 16.88300956061839 4916
200 101.8 17.56748035363458 8.261836323615903 428.337 5.947 16.796838078902233 5830
210 109.9 16.52528935395812 6.469592430059854 428.337 5.947 16.911399094626173 6848
220 116.8 16.76581078767126 6.690704538145976 428.337 5.947 16.85800352334214 7947
230 130 19.61045076923076 25.23933789046602 428.337 5.947 16.846189906747124 9115
240 162.5 17.982136615384626 7.709303618861938 428.337 5.947 17.191224867978878 10415
250 164.1 17.43246130408287 6.733647030139297 428.337 5.947 17.297971677740865 12040
260 196.7 20.17127961362481 9.847005471439335 428.337 5.947 17.314103355017906 13681
270 206.3 19.181007270964553 8.09821345733895 428.337 5.947 17.673258882924333 15648
280 209 47.74498421052634 104.26783592990452 925.399 5.947 17.848883349330915 17711
290 255.2 29.71752860501565 52.73522255092193 925.399 5.947 21.004423513963935 19801
300 282.3 24.284833156216795 12.987499247002951 925.399 5.947 21.999182346888556 22353
310 262.1 23.907683708508202 14.254369877181375 925.399 5.947 22.255473744836348 25176
320 298.7 40.14371476397733 54.87752569405467 925.399 5.947 22.411261862790944 27797
330 329.9 36.26978508638974 28.128902344740037 925.399 5.947 24.131858173076928 30784
340 338.6 36.35311606615483 25.308182165531804 925.399 5.947 25.30672602177038 34083
350 348.9 43.37390169102898 35.292368603324554 925.399 5.947 26.30496661239959 37469
360 350.6 92.45233456930957 101.35132165971092 1067.553 5.947 27.758980834025106 40958
370 370 182.17584567567542 181.52072375729747 1067.553 5.947 32.860071563512044 44464
380 340.4 560.2614007050539 360.84624548109724 1327.361 5.947 44.33063804916533 48164
390 378.9 979.5162583795201 310.5670187636974 1775.194 0.385 78.38719087418559 51568
400 430.4 878.852654507435 396.46042630619064 1775.194 0.385 140.06643716241857 55357
410 462.2 823.1033072263069 416.30902590406305 1775.194 0.383 193.3631616466369 59661
420 496.5 780.76516978852 516.5008240166306 1818.483 0.383 238.64199046404175 64283
430 465.8 812.5600197509652 467.9583392419814 1818.483 0.383 277.5115835980822 69248
440 417.6 776.0070969827578 401.5322934289583 1818.483 0.372 311.23354954942755 73906
450 381.8 146.66559638554202 172.01813010948507 1818.483 0.372 336.0906783893854 78082
460 340.9 56.23324552654754 61.66778704537307 1818.483 0.372 327.2600927594626 81900
470 315.2 45.659605647208295 59.18779000487714 1818.483 0.372 316.42969359622066 85309
480 171.1 12.872130333138529 5.565387105397577 1818.483 0.372 306.7817434575687 88461
