10 0.1 88 0 88 88 0 0
20 0.1 41.0 0.0 88 41 88.0 1
30 0.1 136.0 0.0 136 41 64.5 2
40 0.1 219.0 0.0 219 41 88.33333333333333 3
50 0.1 365.0 0.0 365 41 121.0 4
60 0.1 334.0 0.0 365 41 169.8 5
70 0.1 713.0 0.0 713 41 197.16666666666666 6
80 0.1 607.0 0.0 713 41 270.85714285714283 7
90 0.1 764.0 0.0 764 41 312.875 8
100 0.1 617.0 0.0 764 41 363.0 9
110 0.1 957.0 0.0 957 41 388.4 10
120 0.1 1065.0 0.0 1065 41 440.09090909090907 11
130 0.1 1233.0 0.0 1233 41 492.1666666666667 12
140 0.1 1188.0 0.0 1233 41 549.1538461538462 13
150 0.1 1537.0 0.0 1537 41 594.7857142857143 14
160 0.1 1838.0 0.0 1838 41 657.6 15
170 0.1 2118.0 0.0 2118 41 731.375 16
180 0.1 2194.0 0.0 2194 41 812.9411764705883 17
190 0.1 2830.0 0.0 2830 41 889.6666666666666 18
200 0.1 3419.0 0.0 3419 41 991.7894736842105 19
210 0.1 3727.0 0.0 3727 41 1113.15 20
220 0.1 3977.0 0.0 3977 41 1237.6190476190477 21
230 0.1 4513.0 0.0 4513 41 1362.1363636363637 22
240 0.1 5087.0 0.0 5087 41 1499.1304347826087 23
250 0.1 5940.0 0.0 5940 41 1648.625 24
260 0.1 6185.0 0.0 6185 41 1820.28 25
270 0.1 7349.0 0.0 7349 41 1988.1538461538462 26
280 0.1 7624.0 0.0 7624 41 2186.703703703704 27
290 0.1 8.0e3 0.0 8000 41 2380.8928571428573 28
300 0.1 9433.0 0.0 9433 41 2574.655172413793 29
310 0.1 10053.0 0.0 10053 41 2803.266666666667 30
320 0.1 10323.0 0.0 10323 41 3037.1290322580644 31
330 0.1 11491.0 0.0 11491 41 3264.8125 32
340 0.1 1.26e4 0.0 12600 41 3514.090909090909 33
350 0.1 12630.0 0.0 12630 41 3781.323529411765 34
360 0.1 12445.0 0.0 12630 41 4034.1428571428573 35
370 0.1 13289.0 0.0 13289 41 4267.777777777777 36
380 0.1 13899.0 0.0 13899 41 4511.594594594595 37
390 0.1 14254.0 0.0 14254 41 4758.631578947369 38
400 0.1 14341.0 0.0 14341 41 5002.102564102564 39
410 0.1 15710.0 0.0 15710 41 5235.575 40
420 0.1 16061.0 0.0 16061 41 5491.048780487805 41
430 0.1 17229.0 0.0 17229 41 5742.714285714285 42
440 0.1 16872.0 0.0 17229 41 6009.8372093023245 43
450 0.1 13668.0 0.0 17229 41 6256.704545454544 44
460 0.1 12927.0 0.0 17229 41 6421.399999999999 45
470 0.1 11692.0 0.0 17229 41 6562.82608695652 46
480 0.1 10021.0 0.0 17229 41 6671.957446808509 47
