30 0.2 35128.4015 26.9945000000007 35155.396 35101.407 0 0
40 0.5 35143.14519999999 49.088246509322296 35222.181 35099.532 35128.4015 2
50 0.3 35111.52766666667 21.187479263834867 35222.181 35094.699 35138.932714285715 7
60 0.9 35153.44533333333 105.47617048941012 35411.102 35092.169 35130.711200000005 10
70 0.9 35092.95011111111 5.90131360978188 35411.102 35086.426 35141.48 19
80 2.4 46378.996208333345 19528.846132698513 80290.386 35086.426 35125.88110714286 28
90 1.1 47382.476454545445 20062.16262313037 80290.386 35086.426 40319.62653846154 52
100 3 47111.97803333333 19911.526315381358 80290.386 35086.426 41552.822555555555 63
110 2.6 54157.88942307693 22253.7200176692 80390.561 35085.982 43346.09851612903 93
120 3.8 57607.15997368421 22512.332358752486 80390.561 35085.601 45708.33854621849 119
130 3.7 52170.749756756755 21813.29377209614 80390.561 35085.197 48588.30806369427 157
140 3.9 51285.94907692308 21635.89723965568 80508.304 35083.465 49271.557252577324 194
150 4.8 57608.70791666667 22509.78119316225 80508.304 35083.465 49608.73013304722 233
160 6.4 59716.55915625 22412.3314268968 80508.304 35083.465 50975.274380782925 281
170 5.5 53108.27187272729 22050.88020767325 80508.304 35083.465 52596.846049275366 345
180 8 53108.622825000006 22062.608868669195 80508.304 35083.003 52667.167100000006 400
190 9.3 54463.98308602151 22289.690998468915 80508.304 35083.003 52740.743054166676 480
200 12.6 49756.15749206347 21090.74793969833 80508.304 35083.003 53020.4312268761 573
210 11.6 51024.07560344828 21531.922149674105 80508.304 35083.003 52432.02136909872 699
220 13.5 49109.50838518517 20841.807713240938 80508.304 35082.1 52231.62663435584 815
230 13.8 54360.68605797102 22271.632135302716 80508.304 35082.1 51787.95719894738 950
240 20.7 50333.73768115945 21297.456806716964 80508.304 35082.1 52114.27758731618 1088
250 17.4 52960.82180459768 22023.27573770812 80508.304 35082.1 51829.6661891892 1295
260 22.3 52492.07202690579 21900.783197142337 80508.304 35082.1 51963.64922328116 1469
270 23.9 55270.599702928805 22384.187467222735 80508.304 35082.1 52033.29359988181 1692
280 25.1 52431.08246215137 21889.43338350876 81071.306 35082.1 52433.97519419989 1931
290 33.5 52892.06494328355 22001.131834257365 81071.306 35082.1 52433.64243721356 2182
300 35.2 52672.464704545426 21952.439667578452 81071.306 35082.1 52494.65615971393 2517
310 32.9 55541.247030395156 22394.121640643538 81071.306 35082.1 52516.471638201445 2869
320 38.7 53711.54654005162 22137.304506272518 81071.306 35082.1 52827.65084521574 3198
330 41.9 54778.776245823356 22281.610940985804 81071.306 35082.1 52923.06720055786 3585
340 43.5 56835.66135632183 22474.03588878145 81071.306 35082.1 53117.25853171825 4004
350 47.1 55591.80723991511 22383.24678312952 81071.306 35082.1 53481.643579860305 4439
360 44.5 54789.52448764042 22293.323403222737 81495.048 35082.1 53684.06457454173 4910
370 48.9 56406.64005112474 22356.73814965108 82018.316 35082.1 53775.92819010268 5355
380 37.4 58190.48860962567 22369.344462902092 84191.739 35082.1 53996.05449058861 5844
390 47.7 61165.02851362687 22157.275545633893 85310.412 35082.1 54248.34113589576 6218
400 57.9 59523.17314335061 22183.00085186542 85688.284 35059.517 54741.135740702 6695
410 64.1 60628.62791263654 22356.5995423881 85755.991 35059.517 55121.77908083583 7274
420 66.8 59990.09341766472 22081.69400073934 85921.195 35007.756 55567.75382514212 7915
430 61.5 60746.53300975613 21921.664272684964 85921.195 35007.756 55911.936843644406 8583
440 75.6 59928.3601878306 21874.714241824735 86325.933 35007.756 56235.189359643395 9198
450 80.7 55796.83940644367 21975.855436886814 86325.933 35007.756 56515.68334659433 9954
460 66.4 54280.09443975903 22281.648113718013 86325.933 35007.756 56461.77506114673 10761
470 70.1 57539.46799286728 23327.491622269958 86325.933 35007.756 56334.979793522965 11425
480 33.1 82808.85698791537 1017.3858959709737 86325.933 35007.756 56404.610853043036 12126
