0 10.5578125 10.5578125
10 5.43515625 15.99296875
20 14.659375 30.65234375
30 26.7453125 57.39765625
40 48.7890625 106.18671875
50 43.86484375 150.0515625
60 60.93828125 210.98984375
70 85.93828125 296.928125
80 149.18359375 446.11171875
90 94.36171875 540.4734375
100 170.23671875 710.71015625
110 187.01015625 897.7203125
120 219.07890625 1116.79921875
130 224.775 1341.57421875
140 237.85703125 1579.43125
150 308.1234375 1887.5546875
160 375.0890625 2262.64375
170 358.559375 2621.203125
180 482.1859375 3103.3890625
190 580.4703125 3683.859375
200 683.87265625 4367.73203125
210 699.234375 5066.96640625
220 770.659375 5837.62578125
230 835.19921875 6672.825
240 1081.8328125 7754.6578125
250 1058.19609375 8812.85390625
260 1293.33125 10106.18515625
270 1349.66484375 11455.85
280 1394.78828125 12850.63828125
290 1731.57109375 14582.209375
300 1901.9671875 16484.1765625
310 1757.2546875 18241.43125
320 2052.43984375 20293.87109375
330 2226.725 22520.59609375
340 2304.9921875 24825.58828125
350 2388.553125 27214.14140625
360 2387.709375 29601.85078125
370 2539.3125 32141.16328125
380 2485.48828125 34626.6515625
390 2552.99765625 37179.64921875
400 2927.03984375 40106.6890625
410 3105.30390625 43211.99296875
420 3234.58046875 46446.5734375
430 3006.22265625 49452.79609375
440 2806.89375 52259.68984375
450 2762.62421875 55022.3140625
460 2510.4671875 57532.78125
470 2325.63671875 59858.41796875
480 1265.128125 61123.54609375
