0 10.7171875 10.7171875
10 5.4609375 16.178125
20 14.66484375 30.84296875
30 28.36171875 59.2046875
40 50.78046875 109.98515625
50 46.07734375 156.0625
60 64.34140625 220.40390625
70 95.5984375 316.00234375
80 156.7203125 472.72265625
90 104.175 576.89765625
100 182.45546875 759.353125
110 209.68515625 969.03828125
120 235.01171875 1204.05
130 242.74296875 1446.79296875
140 260.5234375 1707.31640625
150 341.59453125 2048.9109375
160 393.3546875 2442.265625
170 391.415625 2833.68125
180 528.27734375 3361.95859375
190 629.32265625 3991.28125
200 739.5015625 4730.7828125
210 756.42109375 5487.20390625
220 844.98125 6332.18515625
230 909.478125 7241.66328125
240 1173.30546875 8414.96875
250 1151.9828125 9566.9515625
260 1411.9890625 10978.940625
270 1453.04375 12431.984375
280 1545.75625 13977.740625
290 1888.00703125 15865.74765625
300 2071.2296875 17936.97734375
310 1922.11796875 19859.0953125
320 2230.10625 22089.2015625
330 2449.27734375 24538.47890625
340 2517.9328125 27056.41171875
350 2589.88359375 29646.2953125
360 2624.6609375 32270.95625
370 2777.1515625 35048.1078125
380 2453.25546875 37501.36328125
390 2648.7171875 40150.08046875
400 2671.67265625 42821.753125
410 3022.26640625 45844.01953125
420 3036.10703125 48880.1265625
430 3022.2578125 51902.384375
440 3466.69609375 55369.08046875
450 3564.98828125 58934.06875
460 3220.7671875 62154.8359375
470 2933.27734375 65088.11328125
480 1667.26640625 66755.3796875
