0 10 10
10 16 16
20 33 33
30 47 47
40 77 77
50 101 101
60 123 123
70 154 154
80 184 185
90 214 214
100 239 241
110 278 278
120 311 311
130 340 349
140 390 390
150 446 446
160 527 527
170 626 628
180 704 705
190 824 827
200 888 889
210 1027 1027
220 1136 1137
230 1300 1300
240 1405 1411
250 1592 1594
260 1772 1772
270 1963 1963
280 2099 2105
290 2214 2216
300 2374 2377
310 2525 2530
320 2652 2663
330 2809 2812
340 2950 2953
350 3071 3071
360 3203 3214
370 3350 3362
380 3695 3698
390 3879 3880
400 3969 3984
410 4078 4078
420 4206 4217
430 4383 4387
440 3825 4416
450 3018 4416
460 2354 4416
470 1653 4416
480 1322 4416
