0 1 10
10 0.6 16
20 1.7 33
30 1.6 49
40 3.5 84
50 2.7 111
60 3.1 142
70 4 182
80 5.4 236
90 4.1 277
100 5.5 332
110 6.5 397
120 7.1 468
130 6.6 534
140 8.9 623
150 10.4 727
160 14.5 872
170 15.4 1026
180 15.8 1184
190 21.3 1397
200 19 1587
210 25.5 1842
220 24.4 2086
230 30.2 2388
240 31.2 2700
250 36.1 3061
260 40.3 3464
270 43 3894
280 38.7 4281
290 45 4731
300 51.2 5243
310 48 5723
320 51.4 6237
330 57.6 6813
340 57.6 7389
350 59.2 7981
360 57.7 8558
370 63.6 9194
380 71.9 9913
390 66.1 10574
400 66.9 11243
410 75 11993
420 79.6 12789
430 79.2 13581
440 19.8 13779
450 0 13779
460 0 13779
470 0 13779
480 0 13779
