0 8 80
10 10.7 187
20 11.5 302
30 14.1 443
40 13.7 580
50 13.4 714
60 18.8 902
70 20.3 1105
80 23.1 1336
90 22.7 1563
100 20.4 1767
110 16 1927
120 25.2 2179
130 22.4 2403
140 24.9 2652
150 26.4 2916
160 23.4 3150
170 26.3 3413
180 23.3 3646
190 27.3 3919
200 26.5 4184
210 28.2 4466
220 24.8 4714
230 25.7 4971
240 26.4 5235
250 28 5515
260 25.8 5773
270 23.1 6004
280 25.2 6256
290 24.7 6503
300 27.5 6778
310 29.6 7074
320 25.2 7326
330 17.5 7501
340 15.7 7658
350 15.1 7809
360 19.5 8004
370 28.1 8285
380 36.1 8646
390 29.2 8938
400 25 9188
410 10.2 9290
420 0 9290
430 0 9290
440 0 9290
450 0 9290
460 0 9290
467 0 9290
