100 29.1 291
110 31.4 605
120 33.4 939
130 38.4 1323
140 41.1 1734
150 39.9 2133
160 59.3 2726
170 66.4 3390
180 65.8 4048
190 78.1 4829
200 86.8 5697
210 87.1 6568
220 103.8 7606
230 101.1 8617
240 96.9 9586
250 104.8 10634
260 131.8 11952
270 134.5 13297
280 139.8 14695
290 139 16085
300 144.8 17533
310 149.7 19030
320 140.5 20435
330 59.6 21031
340 46.3 21494
350 53.4 22028
360 21.9 22247
370 0 22247
380 0 22247
390 0 22247
400 0 22247
410 0 22247
420 0 22247
430 0 22247
440 0 22247
450 0 22247
460 0 22247
467 0 22247
