0 0.1 1.8388873065603342 0 1.8388873065603342 1.8388873065603342 0 0
10 0.1 1.4014014014014013 0.0 1.8388873065603342 1.4014014014014013 1.8388873065603342 1
20 0.1 1.5060240963855422 0.0 1.8388873065603342 1.4014014014014013 1.6201443539808678 2
30 0.1 1.1011011011011012 0.0 1.8388873065603342 1.1011011011011012 1.5821042681157593 3
40 0.1 2.2132796780684103 0.0 2.2132796780684103 1.1011011011011012 1.4618534763620947 4
50 0.1 1.812688821752266 0.0 2.2132796780684103 1.1011011011011012 1.6121387167033578 5
60 0.1 3.741152679474216 0.0 3.741152679474216 1.1011011011011012 1.6455637342115093 6
70 0.1 4.195804195804196 0.0 4.195804195804196 1.1011011011011012 1.944933583534753 7
80 0.1 3.5070140280561124 0.0 4.195804195804196 1.1011011011011012 2.2262924100684334 8
90 0.1 2.8169014084507045 0.0 4.195804195804196 1.1011011011011012 2.368594812067064 9
100 0.1 3.6217303822937628 0.0 4.195804195804196 1.1011011011011012 2.413425471705428 10
110 0.1 4.404404404404405 0.0 4.404404404404405 1.1011011011011012 2.5232713726680043 11
120 0.1 4.208416833667335 0.0 4.404404404404405 1.1011011011011012 2.6800324586460373 12
130 0.1 4.714142427281845 0.0 4.714142427281845 1.1011011011011012 2.7976004874938294 13
140 0.1 5.5 0.0 5.5 1.1011011011011012 2.9344963403358304 14
150 0.1 4.934541792547835 0.0 5.5 1.1011011011011012 3.105529917646775 15
160 0.1 5.040322580645161 0.0 5.5 1.1011011011011012 3.219843159828091 16
170 0.1 6.739345887016849 0.0 6.739345887016849 1.1011011011011012 3.3269301845820363 17
180 0.1 6.312625250501001 0.0 6.739345887016849 1.1011011011011012 3.5165088347173037 18
190 0.1 6.986027944111776 0.0 6.986027944111776 1.1011011011011012 3.6636728566006562 19
200 0.1 7.18562874251497 0.0 7.18562874251497 1.1011011011011012 3.8297906109762123 20
210 0.1 7.455268389662027 0.0 7.455268389662027 1.1011011011011012 3.989592426763772 21
220 0.1 6.572295247724974 0.0 7.455268389662027 1.1011011011011012 4.147123152350056 22
230 0.1 9.880239520958083 0.0 9.880239520958083 1.1011011011011012 4.252565417366356 23
240 0.1 10.20812685827552 0.0 10.20812685827552 1.1011011011011012 4.487051838349345 24
250 0.1 8.157099697885197 0.0 10.20812685827552 1.1011011011011012 4.715894839146392 25
260 0.1 9.481037924151696 0.0 10.20812685827552 1.1011011011011012 4.848248872174808 26
270 0.1 11.49312377210216 0.0 11.49312377210216 1.1011011011011012 5.019833651877656 27
280 0.1 9.42828485456369 0.0 11.49312377210216 1.1011011011011012 5.251022584742818 28
290 0.1 8.536585365853659 0.0 11.49312377210216 1.1011011011011012 5.395066111288364 29
300 0.1 8.60323886639676 0.0 11.49312377210216 1.1011011011011012 5.499783419773874 30
310 0.1 10.67864271457086 0.0 11.49312377210216 1.1011011011011012 5.599894885793967 31
320 0.1 12.647058823529411 0.0 12.647058823529411 1.1011011011011012 5.758605755443245 32
330 0.1 10.73558648111332 0.0 12.647058823529411 1.1011011011011012 5.967346757506462 33
340 0.1 6.281156530408774 0.0 12.647058823529411 1.1011011011011012 6.107589102318428 34
350 0.1 9.68063872255489 0.0 12.647058823529411 1.1011011011011012 6.112548171692438 35
360 0.1 5.483549351944168 0.0 12.647058823529411 1.1011011011011012 6.211661798105285 36
370 0.1 3.8229376257545273 0.0 12.647058823529411 1.1011011011011012 6.191983083344174 37
380 0.1 3.2160804020100504 0.0 12.647058823529411 1.1011011011011012 6.129639781828656 38
390 0.1 2.920443101711984 0.0 12.647058823529411 1.1011011011011012 6.054933131064077 39
400 0.1 2.8112449799196786 0.0 12.647058823529411 1.1011011011011012 5.976570880330274 40
410 0.1 1.2072434607645874 0.0 12.647058823529411 1.1011011011011012 5.8993678095885524 41
420 0.1 0.1004016064257028 0.0 12.647058823529411 0.1004016064257028 5.787650563187983 42
430 0.1 0.1 0.0 12.647058823529411 0.1 5.655388959542348 43
440 0.1 0.1 0.0 12.647058823529411 0.1 5.529130119552749 44
450 0.1 0.0 0.0 12.647058823529411 0.0 5.408482783562688 45
460 0.1 0.10010010010010009 0.0 12.647058823529411 0.0 5.290907070876543 46
467 0.1 0.1 0.0 12.647058823529411 0.0 5.180464369370661 47
