10 0.1 714 0 714 714 0 0
20 0.1 871.0 0.0 871 714 714.0 1
30 0.1 615.0 0.0 871 615 792.5 2
40 0.1 1541.0 0.0 1541 615 733.3333333333334 3
50 0.1 1486.0 0.0 1541 615 935.25 4
60 0.1 1741.0 0.0 1741 615 1045.4 5
70 0.1 2135.0 0.0 2135 615 1161.3333333333333 6
80 0.1 2545.0 0.0 2545 615 1300.4285714285713 7
90 0.1 2865.0 0.0 2865 615 1456.0 8
100 0.1 3344.0 0.0 3344 615 1612.5555555555557 9
110 0.1 3594.0 0.0 3594 615 1785.7 10
120 0.1 3607.0 0.0 3607 615 1950.090909090909 11
130 0.1 3968.0 0.0 3968 615 2088.1666666666665 12
140 0.1 4590.0 0.0 4590 615 2232.769230769231 13
150 0.1 4418.0 0.0 4590 615 2401.1428571428573 14
160 0.1 4757.0 0.0 4757 615 2535.6 15
170 0.1 5082.0 0.0 5082 615 2674.4375 16
180 0.1 5138.0 0.0 5138 615 2816.0588235294117 17
190 0.1 5496.0 0.0 5496 615 2945.0555555555557 18
200 0.1 5665.0 0.0 5665 615 3079.315789473684 19
210 0.1 5878.0 0.0 5878 615 3208.6 20
220 0.1 6170.0 0.0 6170 615 3335.714285714286 21
230 0.1 6663.0 0.0 6663 615 3464.5454545454545 22
240 0.1 7349.0 0.0 7349 615 3603.608695652174 23
250 0.1 7334.0 0.0 7349 615 3759.6666666666665 24
260 0.1 7627.0 0.0 7627 615 3902.64 25
270 0.1 8170.0 0.0 8170 615 4045.8846153846152 26
280 0.1 8084.0 0.0 8170 615 4198.62962962963 27
290 0.1 8418.0 0.0 8418 615 4337.392857142857 28
300 0.1 8536.0 0.0 8536 615 4478.103448275862 29
310 0.1 8937.0 0.0 8937 615 4613.366666666667 30
320 0.1 9093.0 0.0 9093 615 4752.8387096774195 31
330 0.1 8642.0 0.0 9093 615 4888.46875 32
340 0.1 5087.0 0.0 9093 615 5002.212121212121 33
350 0.1 4647.0 0.0 9093 615 5004.705882352941 34
360 0.1 4410.0 0.0 9093 615 4994.4857142857145 35
370 0.1 3431.0 0.0 9093 615 4978.25 36
380 0.1 2637.0 0.0 9093 615 4936.4324324324325 37
390 0.1 2716.0 0.0 9093 615 4875.921052631579 38
400 0.1 2533.0 0.0 9093 615 4820.538461538462 39
410 0.1 1117.0 0.0 9093 615 4763.35 40
420 0.1 220.0 0.0 9093 220 4674.414634146341 41
430 0.1 0.0 0.0 9093 0 4568.357142857142 42
440 0.1 6.0 0.0 9093 0 4462.116279069767 43
450 0.1 0.0 0.0 9093 0 4360.840909090909 44
460 0.1 0.0 0.0 9093 0 4263.933333333333 45
467 0.1 0.0 0.0 9093 0 4171.239130434783 46
