10 0.1 749 0 749 749 0 0
20 0.1 908.0 0.0 908 749 749.0 1
30 0.1 660.0 0.0 908 660 828.5 2
40 0.1 1514.0 0.0 1514 660 772.3333333333334 3
50 0.1 1558.0 0.0 1558 660 957.75 4
60 0.1 1895.0 0.0 1895 660 1077.8 5
70 0.1 2192.0 0.0 2192 660 1214.0 6
80 0.1 2622.0 0.0 2622 660 1353.7142857142858 7
90 0.1 2859.0 0.0 2859 660 1512.25 8
100 0.1 3172.0 0.0 3172 660 1661.888888888889 9
110 0.1 3684.0 0.0 3684 660 1812.9 10
120 0.1 3804.0 0.0 3804 660 1983.0 11
130 0.1 4098.0 0.0 4098 660 2134.75 12
140 0.1 4704.0 0.0 4704 660 2285.769230769231 13
150 0.1 4614.0 0.0 4704 660 2458.5 14
160 0.1 4956.0 0.0 4956 660 2602.2 15
170 0.1 5304.0 0.0 5304 660 2749.3125 16
180 0.1 5467.0 0.0 5467 660 2899.5882352941176 17
190 0.1 5941.0 0.0 5941 660 3042.222222222222 18
200 0.1 6175.0 0.0 6175 660 3194.7894736842104 19
210 0.1 6470.0 0.0 6470 660 3343.8 20
220 0.1 6825.0 0.0 6825 660 3492.6666666666665 21
230 0.1 7425.0 0.0 7425 660 3644.1363636363635 22
240 0.1 7997.0 0.0 7997 660 3808.521739130435 23
250 0.1 7997.0 0.0 7997 660 3983.0416666666665 24
260 0.1 8405.0 0.0 8405 660 4143.6 25
270 0.1 8973.0 0.0 8973 660 4307.500000000001 26
280 0.1 8999.0 0.0 8999 660 4480.296296296297 27
290 0.1 9366.0 0.0 9366 660 4641.6785714285725 28
300 0.1 9497.0 0.0 9497 660 4804.5862068965525 29
310 0.1 9919.0 0.0 9919 660 4961.000000000001 30
320 0.1 10013.0 0.0 10013 660 5120.935483870969 31
330 0.1 9671.0 0.0 10013 660 5273.812500000001 32
340 0.1 5902.0 0.0 10013 660 5407.060606060607 33
350 0.1 5914.0 0.0 10013 660 5421.617647058824 34
360 0.1 5555.0 0.0 10013 660 5435.685714285715 35
370 0.1 4229.0 0.0 10013 660 5439.000000000001 36
380 0.1 3176.0 0.0 10013 660 5406.297297297298 37
390 0.1 3420.0 0.0 10013 660 5347.605263157896 38
400 0.1 3102.0 0.0 10013 660 5298.179487179489 39
410 0.1 1610.0 0.0 10013 660 5243.275000000002 40
420 0.1 330.0 0.0 10013 330 5154.658536585368 41
430 0.1 0.0 0.0 10013 0 5039.7857142857165 42
440 0.1 6.0 0.0 10013 0 4922.58139534884 43
450 0.1 0.0 0.0 10013 0 4810.840909090912 44
460 0.1 0.0 0.0 10013 0 4703.933333333336 45
467 0.1 1.0 0.0 10013 0 4601.673913043481 46
