30 2 35217.22170000001 73.29491407601319 35377.793 35083.728 0 0
40 4.7 35130.35234042555 68.32143805859711 35377.793 35052.347 35217.22170000001 20
50 6.4 35131.99356250001 56.44210953653062 35377.793 35052.347 35156.283492537324 67
60 5.9 35187.70376271187 94.07676179090315 35461.815 35052.347 35144.41665648856 131
70 6.7 35267.288716417905 128.2574700175662 35678.044 35052.347 35157.85844210527 190
80 10.4 51811.392701923105 21484.23524633822 81031.679 35052.347 35186.386957198454 257
90 10.2 56925.81915686272 22172.112111412775 82874.506 35052.347 39975.862296398904 361
100 15 53390.786580000015 21062.00333311525 85036.729 35027.568 43709.978062635 463
110 17.3 55157.439236994185 21046.585315473283 86510.974 35015.695 46078.85453507342 613
120 16.7 57672.25553892218 21819.972229352854 86763.162 35015.695 48077.06719847329 786
130 15.5 58683.59745161292 21567.913230873542 86763.162 35015.695 49758.49054879329 953
140 20.6 57179.000029126226 21199.129289464196 86763.162 35006.486 51007.038897111925 1108
150 19.4 59084.972479381446 21828.451551217095 86763.162 35006.486 51974.637065449024 1314
160 20.9 56406.45703349283 21229.35461741235 87209.876 35006.486 52889.361913129986 1508
170 22.1 58636.71875565612 22816.896468200597 88695.76 35006.486 53317.47657833431 1717
180 26.6 57583.30374812033 23232.59932889802 92299.473 35006.486 53924.05682662539 1938
190 28.9 60263.580972318356 25120.29639367788 94899.577 35006.486 54365.69007577133 2204
200 31.8 60851.84605031445 24772.37802146113 104266.39 35006.486 55049.40065302848 2493
210 34 60696.59836764705 24061.38146715564 104266.39 35006.486 55705.81389967983 2811
220 34.5 60708.34644927531 24338.01471192564 104266.39 35006.486 56244.33078927325 3151
230 35.3 58967.57496883853 24412.961524463826 104266.39 35006.486 56684.85865045766 3496
240 37.1 63485.319075471656 23863.306332039374 104266.39 35006.486 56894.2114330995 3849
250 40.8 61368.914399509784 23765.49084958362 104266.39 35006.486 57473.666631042644 4220
260 39.8 58025.21326633167 23838.47016357414 104266.39 35006.486 57817.06790363007 4628
270 44.7 59084.864348993266 23643.072723798457 104266.39 35006.486 57833.550564663754 5026
280 43.6 59004.7337545872 23566.136118662518 104266.39 35006.486 57935.74995468664 5473
290 46.3 59834.470740820674 23671.70715778323 104266.39 35006.486 58014.6257266881 5909
300 48.2 58860.68078008299 23277.35453053792 104266.39 35006.486 58146.85865850595 6372
310 47.5 60050.10812631582 23795.82415297307 104266.39 35006.486 58197.057412897564 6854
320 50.4 57863.495226190455 23271.703852584018 104266.39 35006.486 58317.15552844862 7329
330 39.7 59074.38215617127 23467.283525860104 104266.39 35006.485 58287.965589429325 7833
340 52 62102.87010769232 23389.07288102994 104266.39 35006.446 58325.900872174956 8230
350 56.9 59733.46826889279 23540.11096537046 104266.39 35006.446 58550.360758171424 8750
360 52.8 63022.65288257579 23377.842375314503 104266.39 35005.671 58622.59899978538 9319
370 30.9 80355.62356310678 13744.373269521484 104266.39 35005.671 58858.531613791005 9847
380 35.8 83457.2201703911 3022.5268222995887 104266.39 35005.671 59512.588468097674 10156
390 29.2 82308.27183561648 2502.297460453056 104266.39 35005.671 60327.899305972984 10514
400 25.4 82481.20154330709 2828.56542335534 104266.39 35005.671 60921.85347760504 10806
410 9.4 84879.531393617 2932.8219685290637 104266.39 35005.671 61416.9777460217 11060
420 0 0 0 104266.39 35005.671 61614.70771221087 11154
430 0 0 0 104266.39 35005.671 61614.70771221087 11154
440 0 0 0 104266.39 35005.671 61614.70771221087 11154
450 0 0 0 104266.39 35005.671 61614.70771221087 11154
460 0 0 0 104266.39 35005.671 61614.70771221087 11154
467 0.1 152828.465 0.0 152828.465 35005.671 61614.70771221087 11154
