0 70.1078125 70.1078125
10 102.5703125 172.678125
20 82.91328125 255.59140625
30 190.40234375 445.99375
40 194.21640625 640.21015625
50 233.3859375 873.59609375
60 242.7 1116.29609375
70 331.93671875 1448.2328125
80 344.5125 1792.7453125
90 350.3640625 2143.109375
100 384.51796875 2527.62734375
110 374.37421875 2902.0015625
120 396.625 3298.6265625
130 451.25703125 3749.88359375
140 446.41640625 4196.3
150 470.70859375 4667.00859375
160 501.92890625 5168.9375
170 506.44140625 5675.37890625
180 547.4734375 6222.85234375
190 538.134375 6760.98671875
200 575.86328125 7336.85
210 589.646875 7926.496875
220 619.571875 8546.06875
230 614.1921875 9160.2609375
240 626.659375 9786.9203125
250 636.62109375 10423.54140625
260 714.34609375 11137.8875
270 715.74609375 11853.63359375
280 675.07109375 12528.7046875
290 737.08671875 13265.79140625
300 749.86484375 14015.65625
310 759.29765625 14774.95390625
320 733.8515625 15508.80546875
330 631.2640625 16140.06953125
340 613.85390625 16753.9234375
350 653.54453125 17407.46796875
360 516.40625 17923.87421875
370 519.9984375 18443.87265625
380 419.51171875 18863.384375
390 344.54921875 19207.93359375
400 126.21953125 19334.153125
410 10.51875 19344.671875
420 0 19344.671875
430 0 19344.671875
440 0 19344.671875
450 0 19344.671875
460 0 19344.671875
467 0 19344.671875
