30 0.2 30051.734 0.3739999999997963 30052.108 30051.36 0 0
40 0.4 30067.72325 26.662210808323792 30112.965 30047.266 30051.734 2
50 0.5 30049.1542 1.9789671447501274 30112.965 30046.64 30062.393500000002 6
60 0.6 30049.757 1.6382154925403931 30112.965 30046.64 30056.375636363635 11
70 0.6 30053.587 7.049445557395137 30112.965 30046.64 30054.039647058824 17
80 0.3 30048.929666666667 0.712182716879296 30112.965 30046.64 30053.92156521739 23
90 0.8 30055.453625000002 17.90895063883922 30112.965 30046.64 30053.345576923075 26
100 0.7 80093.73342857145 31643.81280367821 100173.301 30046.64 30053.841588235297 34
110 0.9 45611.725333333336 29110.85425619386 100173.301 30046.64 38597.237756097566 41
120 0.6 76729.289 33008.49451863766 100173.301 30046.64 39859.84552 50
130 1.3 67755.38469230769 34906.07296968489 100173.301 30046.64 43810.14303571429 56
140 0.6 88404.17183333333 26095.498532805355 100173.301 30046.64 48321.5653768116 69
150 2.8 37552.16132142856 21656.612970080667 100173.301 30045.752 51528.17389333334 75
160 1.7 50648.89552941177 31903.22977248318 100173.301 30045.752 47728.869504854374 103
170 0.3 100128.72599999998 85.2561148696584 100249.296 30045.752 48142.53985833334 120
180 0.3 100083.45233333333 15.553103234471351 100249.296 30045.752 49410.49561788619 123
190 0.8 100077.37587500001 12.706802670591617 100249.296 30045.752 50616.9945873016 126
200 0.3 100075.36566666666 1.8258925366945573 100249.296 30045.752 53569.8531716418 134
210 0.4 100069.46449999999 1.022134408959696 100249.296 30045.752 54588.22205839417 137
220 4.6 100070.07358695655 5.9081064522598705 100249.296 30045.752 55878.470070922 141
224 1.5 100063.81806666667 2.8824710109357357 100249.296 30045.752 66749.13189839573 187
