0 0.6 3.310333333333334 3.6719952190721723 11.519 1.565 0 0
10 0.9 2.1654444444444447 1.2064948414598113 11.519 1.565 3.310333333333334 6
20 2.3 1.6769999999999998 0.16299719922907197 11.519 1.265 2.6234000000000006 15
30 2 1.8815499999999996 0.5451950545447014 11.519 1.265 2.050578947368421 38
40 2.5 2.2917599999999996 1.9856515762842182 11.519 1.183 1.9922931034482758 58
50 2.3 1.6982173913043481 0.1561682360738319 11.519 1.183 2.0824939759036143 83
60 4.6 2.0681956521739138 1.554012934582805 11.519 1.183 1.9991132075471696 106
70 4.5 1.6424444444444444 0.19109806156997636 11.519 1.183 2.020019736842105 152
80 5.8 1.7595172413793105 0.6039359477735031 11.519 1.183 1.9337715736040608 197
90 5.5 1.7175272727272732 0.40883519037940197 11.519 1.183 1.8941372549019608 255
100 5.7 1.6506842105263158 0.17961256138375425 11.519 1.183 1.8628032258064517 310
110 7.7 17.477999999999998 66.29316625630211 390.827 1.183 1.829858310626703 367
120 9.6 1.9920208333333338 2.411972653845667 390.827 1.183 4.543612612612612 444
130 8.8 1.653068181818182 0.4594180556929539 390.827 1.176 4.089996296296295 540
140 12.7 1.530921259842519 0.302133375311555 390.827 1.176 3.748515923566878 628
150 14 1.656235714285715 0.44859265026006284 390.827 1.176 3.375490066225164 755
160 14.1 1.6553829787234045 0.3542926357786931 390.827 1.176 3.1065564245810044 895
170 15.5 14.467748387096778 62.08947479249328 418.53 1.176 2.9090511583011573 1036
180 20.5 1.7316292682926824 0.8915843607388471 418.53 1.176 4.413331654072208 1191
190 22 1.534986363636364 0.3483385954596142 418.53 1.176 4.019528653295128 1396
200 28.1 1.494281138790035 0.5370336304639003 418.53 1.163 3.68128650990099 1616
210 29.3 1.5429249146757666 0.5879154310690923 418.53 1.158 3.3573284132841326 1897
220 33.2 1.5698343373493968 0.5977534595964299 418.53 1.057 3.114579452054794 2190
230 41.7 1.3691342925659478 0.37831680885837904 418.53 1.057 2.911226804123711 2522
240 17.7 1.4674237288135585 0.9880026853858236 418.53 1.057 2.6924270159918335 2939
250 9.1 1.628725274725274 0.5694344421148785 418.53 1.057 2.622842426187419 3116
260 8.4 1.7141785714285709 0.9286202407042279 418.53 1.057 2.5946339257873396 3207
270 13.2 1.521780303030303 0.27216495428196136 418.53 1.057 2.5721610452749917 3291
280 14.3 1.5649790209790213 0.27895154524548843 418.53 1.057 2.5316555652936015 3423
290 13 1.5898307692307685 0.23832976954894755 418.53 1.057 2.4928909141895677 3566
300 12.1 1.658752066115703 0.6037503901200489 418.53 1.057 2.4611274350649346 3696
310 5.4 1.717814814814815 0.31336714203382454 418.53 1.057 2.435691904637149 3817
320 0.3 1.8083333333333333 0.09923820948718402 418.53 1.057 2.425677602686644 3871
330 0 0 0 418.53 1.057 2.4251995353639644 3874
340 0 0 0 418.53 1.057 2.4251995353639644 3874
342 0 0 0 418.53 1.057 2.4251995353639644 3874
