0 0.1 1.5186743160928784 0 1.5186743160928784 1.5186743160928784 0 0
10 0.1 0.3003003003003003 0.0 1.5186743160928784 0.3003003003003003 1.5186743160928784 1
20 0.1 0.6024096385542169 0.0 1.5186743160928784 0.3003003003003003 0.9094873081965893 2
30 0.1 0.5994005994005994 0.0 1.5186743160928784 0.3003003003003003 0.8071280849824651 3
40 0.1 0.7014028056112225 0.0 1.5186743160928784 0.3003003003003003 0.7551962135869987 4
50 0.1 1.2036108324974923 0.0 1.5186743160928784 0.3003003003003003 0.7444375319918435 5
60 0.1 1.5045135406218655 0.0 1.5186743160928784 0.3003003003003003 0.8209664154094516 6
70 0.1 2.002002002002002 0.0 2.002002002002002 0.3003003003003003 0.9186160047255107 7
80 0.1 1.9019019019019021 0.0 2.002002002002002 0.3003003003003003 1.054039254385072 8
90 0.1 3.5856573705179287 0.0 3.5856573705179287 0.3003003003003003 1.1482462152202753 9
100 0.1 3.48605577689243 0.0 3.5856573705179287 0.3003003003003003 1.3919873307500406 10
110 0.1 3.726082578046324 0.0 3.726082578046324 0.3003003003003003 1.582357189490258 11
120 0.1 6.030150753768844 0.0 6.030150753768844 0.3003003003003003 1.7610009718699302 12
130 0.1 5.460060667340748 0.0 6.030150753768844 0.3003003003003003 2.0893971089390773 13
140 0.1 4.7283702213279675 0.0 6.030150753768844 0.3003003003003003 2.3301587916820536 14
150 0.1 6.458123107971746 0.0 6.458123107971746 0.3003003003003003 2.4900395536584483 15
160 0.1 6.802030456852792 0.0 6.802030456852792 0.3003003003003003 2.7380447758030293 16
170 0.1 8.140703517587939 0.0 8.140703517587939 0.3003003003003003 2.9771027570412505 17
180 0.1 8.241206030150753 0.0 8.241206030150753 0.3003003003003003 3.263969465960511 18
190 0.1 8.206686930091186 0.0 8.241206030150753 0.3003003003003003 3.5259292851284183 19
200 0.1 8.080808080808081 0.0 8.241206030150753 0.3003003003003003 3.7599671673765562 20
210 0.1 8.240081383519836 0.0 8.241206030150753 0.3003003003003003 3.9657214965875816 21
220 0.1 8.119218910585817 0.0 8.241206030150753 0.3003003003003003 4.16001058235723 22
230 0.1 9.703779366700715 0.0 9.703779366700715 0.3003003003003003 4.332150074888908 23
240 0.1 8.135942327497425 0.0 9.703779366700715 0.3003003003003003 4.555967962047733 24
250 0.1 9.164149043303121 0.0 9.703779366700715 0.3003003003003003 4.699166936665721 25
260 0.1 7.08502024291498 0.0 9.703779366700715 0.3003003003003003 4.870897017690236 26
270 0.1 8.450704225352112 0.0 9.703779366700715 0.3003003003003003 4.95290158158745 27
280 0.1 7.64525993883792 0.0 9.703779366700715 0.3003003003003003 5.077823104579045 28
290 0.1 7.250755287009064 0.0 9.703779366700715 0.3003003003003003 5.166355409208661 29
300 0.1 7.2434607645875255 0.0 9.703779366700715 0.3003003003003003 5.235835405135342 30
310 0.1 7.422266800401204 0.0 9.703779366700715 0.3003003003003003 5.3005975135047665 31
320 0.1 5.870445344129554 0.0 9.703779366700715 0.3003003003003003 5.36689967872028 32
330 0.1 5.622489959839357 0.0 9.703779366700715 0.3003003003003003 5.3821586382781375 33
340 0.1 6.093906093906094 0.0 9.703779366700715 0.3003003003003003 5.389227206559349 34
342 0.1 4.112337011033099 0.0 9.703779366700715 0.3003003003003003 5.4093608890549705 35
