0 0.1 3515.66015625 0 3515.66015625 3515.66015625 0 0
10 0.1 3516.90234375 0.0 3516.90234375 3515.66015625 3515.66015625 1
20 0.1 3516.45703125 0.0 3516.90234375 3515.66015625 3516.28125 2
30 0.1 3516.22265625 0.0 3516.90234375 3515.66015625 3516.33984375 3
40 0.1 3513.9296875 0.0 3516.90234375 3513.9296875 3516.310546875 4
50 0.1 3511.40625 0.0 3516.90234375 3511.40625 3515.834375 5
60 0.1 3508.984375 0.0 3516.90234375 3508.984375 3515.0963541666665 6
70 0.1 3505.95703125 0.0 3516.90234375 3505.95703125 3514.223214285714 7
80 0.1 3504.578125 0.0 3516.90234375 3504.578125 3513.18994140625 8
90 0.1 3503.5390625 0.0 3516.90234375 3503.5390625 3512.2330729166665 9
100 0.1 3496.0703125 0.0 3516.90234375 3496.0703125 3511.363671875 10
110 0.1 3494.84375 0.0 3516.90234375 3494.84375 3509.9733664772725 11
120 0.1 3490.953125 0.0 3516.90234375 3490.953125 3508.7125651041665 12
130 0.1 3489.6328125 0.0 3516.90234375 3489.6328125 3507.346454326923 13
140 0.1 3488.4453125 0.0 3516.90234375 3488.4453125 3506.0811941964284 14
150 0.1 3478.234375 0.0 3516.90234375 3478.234375 3504.90546875 15
160 0.1 3468.69140625 0.0 3516.90234375 3468.69140625 3503.238525390625 16
170 0.1 3454.91015625 0.0 3516.90234375 3454.91015625 3501.206341911765 17
180 0.1 3437.61328125 0.0 3516.90234375 3437.61328125 3498.634331597222 18
190 0.1 3433.58203125 0.0 3516.90234375 3433.58203125 3495.4226973684213 19
200 0.1 3427.828125 0.0 3516.90234375 3427.828125 3492.3306640625 20
210 0.1 3423.23046875 0.0 3516.90234375 3423.23046875 3489.2591145833335 21
220 0.1 3422.90625 0.0 3516.90234375 3422.90625 3486.2578125 22
230 0.1 3421.67578125 0.0 3516.90234375 3421.67578125 3483.5033967391305 23
240 0.1 3421.38671875 0.0 3516.90234375 3421.38671875 3480.92724609375 24
250 0.1 3403.125 0.0 3516.90234375 3403.125 3478.545625 25
260 0.1 3386.91015625 0.0 3516.90234375 3386.91015625 3475.644831730769 26
270 0.1 3384.1328125 0.0 3516.90234375 3384.1328125 3472.3583622685187 27
280 0.1 3382.4453125 0.0 3516.90234375 3382.4453125 3469.207449776786 28
290 0.1 3382.46484375 0.0 3516.90234375 3382.4453125 3466.2156519396553 29
300 0.1 3382.07421875 0.0 3516.90234375 3382.07421875 3463.4239583333333 30
310 0.1 3382.01953125 0.0 3516.90234375 3382.01953125 3460.799773185484 31
320 0.1 3382.24609375 0.0 3516.90234375 3382.01953125 3458.337890625 32
330 0.1 3381.55859375 0.0 3516.90234375 3381.55859375 3456.032078598485 33
340 0.1 3380.93359375 0.0 3516.90234375 3380.93359375 3453.841681985294 34
342 0.1 3387.58984375 0.0 3516.90234375 3380.93359375 3451.75859375 35
