0 0.1 0.0 0 0.0 0.0 0 0
10 0.1 0.0 0.0 0.0 0.0 0.0 1
20 0.1 0.0 0.0 0.0 0.0 0.0 2
30 0.1 0.078125 0.0 0.078125 0.0 0.0 3
40 0.1 0.0703125 0.0 0.078125 0.0 0.01953125 4
50 0.1 0.05859375 0.0 0.078125 0.0 0.0296875 5
60 0.1 0.05078125 0.0 0.078125 0.0 0.034505208333333336 6
70 0.1 0.0390625 0.0 0.078125 0.0 0.036830357142857144 7
80 0.1 0.03125 0.0 0.078125 0.0 0.037109375 8
90 0.1 0.03125 0.0 0.078125 0.0 0.036458333333333336 9
100 0.1 0.01953125 0.0 0.078125 0.0 0.0359375 10
110 0.1 0.01953125 0.0 0.078125 0.0 0.03444602272727273 11
120 0.1 0.01953125 0.0 0.078125 0.0 0.033203125 12
130 0.1 0.01171875 0.0 0.078125 0.0 0.032151442307692304 13
140 0.1 0.01171875 0.0 0.078125 0.0 0.03069196428571428 14
150 0.1 0.078125 0.0 0.078125 0.0 0.02942708333333333 15
160 0.1 0.0703125 0.0 0.078125 0.0 0.032470703125 16
170 0.1 0.05859375 0.0 0.078125 0.0 0.03469669117647059 17
180 0.1 0.05078125 0.0 0.078125 0.0 0.03602430555555555 18
190 0.1 0.0390625 0.0 0.078125 0.0 0.03680098684210526 19
200 0.1 0.03125 0.0 0.078125 0.0 0.0369140625 20
210 0.1 0.03125 0.0 0.078125 0.0 0.03664434523809524 21
220 0.1 0.01953125 0.0 0.078125 0.0 0.03639914772727273 22
230 0.1 0.01953125 0.0 0.078125 0.0 0.035665760869565216 23
240 0.1 0.01953125 0.0 0.078125 0.0 0.034993489583333336 24
250 0.1 0.16015625 0.0 0.16015625 0.0 0.034375 25
260 0.1 0.140625 0.0 0.16015625 0.0 0.039212740384615384 26
270 0.1 0.26953125 0.0 0.26953125 0.0 0.04296875 27
280 0.1 0.23046875 0.0 0.26953125 0.0 0.051060267857142856 28
290 0.1 0.19921875 0.0 0.26953125 0.0 0.05724676724137931 29
300 0.1 0.25 0.0 0.26953125 0.0 0.06197916666666667 30
310 0.1 0.2109375 0.0 0.26953125 0.0 0.06804435483870967 31
320 0.1 0.171875 0.0 0.26953125 0.0 0.072509765625 32
330 0.1 0.1484375 0.0 0.26953125 0.0 0.07552083333333333 33
340 0.1 0.12109375 0.0 0.26953125 0.0 0.07766544117647059 34
342 0.1 0.1015625 0.0 0.26953125 0.0 0.07890625 35
