0 0.6 78.39466666666668 41.31545698108101 136.65 12.002 0 0
10 0.9 39.39933333333334 46.613544526600144 164.627 12.002 78.39466666666668 6
20 2.3 49.101260869565195 76.12412652584759 311.046 11.228 54.997466666666675 15
30 2.4 54.06612499999998 123.82862628962674 643.61 11.228 51.42871052631578 38
40 3.8 140.97742105263157 244.7058617893856 694.7 11.228 52.44964516129031 62
50 4.2 117.23150000000003 229.13938058394254 707.467 11.228 86.09019999999998 100
60 6.5 148.38519999999997 261.1456081527168 751.713 11.228 95.30100704225352 142
70 6.4 87.60076562500002 189.25382572699672 763.37 11.228 111.9699565217391 207
80 8.5 172.92457647058822 281.2820046051074 822.864 11.228 106.21487084870847 271
90 9.1 132.02013186813187 261.4092664589341 954.144 11.228 122.14274999999999 356
100 10 259.38411999999994 354.343904795448 957.908 11.228 124.15358165548098 447
110 12 201.88027500000004 327.06588794364666 1093.247 11.228 148.87580073126142 547
120 15.3 273.9222679738563 446.6182947767963 1479.57 11.228 158.4118380809595 667
130 14.6 254.52939726027392 403.0341307256417 1479.57 9.268 179.96439390243904 820
140 19.4 569.7687628865975 721.8187652980473 2705.303 9.268 191.23405279503106 966
150 21.4 997.4786682242991 944.6137222172553 3544.937 9.268 254.54071982758614 1160
160 18.1 2692.782657458564 1971.8448364581047 7894.388 9.268 370.25303493449775 1374
170 22.4 4597.747736607147 3285.04385743332 11324.755 9.268 640.5924958199357 1555
180 33.3 3995.087183183184 3513.4206712737287 11648.69 0.917 1138.851503091625 1779
190 35.1 3416.343207977208 3555.8326443312235 12381.514 0.894 1589.1954810606069 2112
200 43.8 3207.484260273972 3835.484616828634 13354.04 0.894 1849.5807235079178 2463
210 48.4 2637.1733285123996 3583.7280608566716 14239.444 0.888 2054.6002854188214 2901
220 49.9 2533.474583166333 3816.3089921083993 14577.331 0.883 2137.8987648449047 3385
230 55.9 2167.791654740611 3974.8654375400365 15633.734 0.883 2188.7206838311026 3884
240 36.5 3653.138057534245 5076.073928087818 17144.984 0.883 2186.0874794058077 4443
250 37.9 2831.232854881268 5021.35320245822 19066.012 0.883 2297.4588315307824 4808
260 47.4 3294.1385400843833 6016.881423387328 22125.84 0.883 2336.460249469829 5187
270 40 2644.430685000001 5549.766355932823 24451.306 0.883 2416.64740893835 5661
280 27.7 4461.611765342959 7379.940324257811 25108.265 0.883 2431.6801280316777 6061
290 26.8 5102.042264925376 8408.173716402296 25526.192 0.883 2520.3975568002525 6338
300 24.7 5241.225619433195 8333.187521874093 25526.192 0.883 2625.1327644565545 6606
310 17.3 8955.380398843925 10030.86307820668 25526.192 0.883 2719.4235765358235 6853
320 7.4 10656.623945945948 10586.924381343295 25526.192 0.883 2872.970478081412 7026
330 5.2 25368.519038461553 3139.0171918240503 26851.627 0.883 2954.095880422535 7100
340 9.6 22941.449895833317 3950.550997226009 27407.38 0.883 3117.064281459732 7152
342 0 0 0 27407.38 0.883 3379.6389253587195 7248
