10 0.1 61 0 61 61 0 0
20 0.1 93.0 0.0 93 61 61.0 1
30 0.1 149.0 0.0 149 61 77.0 2
40 0.1 998.0 0.0 998 61 101.0 3
50 0.1 2767.0 0.0 2767 61 325.25 4
60 0.1 3403.0 0.0 3403 61 813.6 5
70 0.1 5474.0 0.0 5474 61 1245.1666666666667 6
80 0.1 3592.0 0.0 5474 61 1849.2857142857142 7
90 0.1 7106.0 0.0 7106 61 2067.125 8
100 0.1 9032.0 0.0 9032 61 2627.0 9
110 0.1 13267.0 0.0 13267 61 3267.5 10
120 0.1 10785.0 0.0 13267 61 4176.545454545455 11
130 0.1 19293.0 0.0 19293 61 4727.250000000001 12
140 0.1 15651.0 0.0 19293 61 5847.6923076923085 13
150 0.1 23314.0 0.0 23314 61 6547.9285714285725 14
160 0.1 25479.0 0.0 25479 61 7665.666666666668 15
170 0.1 26163.0 0.0 26163 61 8779.0 16
180 0.1 26881.0 0.0 26881 61 9801.588235294117 17
190 0.1 25972.0 0.0 26881 61 10750.444444444445 18
200 0.1 26418.0 0.0 26881 61 11551.578947368422 19
210 0.1 26363.0 0.0 26881 61 12294.9 20
220 0.1 27049.0 0.0 27049 61 12964.809523809523 21
230 0.1 27612.0 0.0 27612 61 13605.0 22
240 0.1 27511.0 0.0 27612 61 14214.0 23
250 0.1 26454.0 0.0 27612 61 14768.041666666666 24
260 0.1 25868.0 0.0 27612 61 15235.48 25
270 0.1 26449.0 0.0 27612 61 15644.423076923076 26
280 0.1 26823.0 0.0 27612 61 16044.592592592593 27
290 0.1 26194.0 0.0 27612 61 16429.535714285714 28
300 0.1 26131.0 0.0 27612 61 16766.241379310344 29
310 0.1 26255.0 0.0 27612 61 17078.4 30
320 0.1 25086.0 0.0 27612 61 17374.41935483871 31
330 0.1 24753.0 0.0 27612 61 17615.40625 32
340 0.1 25289.0 0.0 27612 61 17831.696969696968 33
342 0.1 18488.0 0.0 27612 61 18051.029411764706 34
