0 1.2 39.163916666666665 33.84147929060414 119.959 11.373 0 0
10 1.5 23.61326666666667 21.240949769934705 119.959 11.084 39.163916666666665 12
20 4.3 26.23258139534883 54.21083135196583 271.034 8.758 30.52466666666667 27
30 5.3 24.771 55.54875981564849 304.476 8.737 27.888099999999998 70
40 9.1 58.63465934065934 107.37180237654228 369.693 8.72 26.544959349593494 123
50 9.4 52.33882978723405 103.02075657419704 369.693 8.706 40.19057943925233 214
60 16.1 59.8680931677019 113.10099266638537 398.814 8.611 43.898162337662335 308
70 14.7 38.20467346938774 82.80970441127351 398.814 8.562 49.38037739872069 469
80 22.8 64.35556140350882 119.47510877999586 403.766 8.562 46.713448051948056 616
90 19.7 61.102340101522834 119.96991479584756 598.722 8.562 51.47932701421802 844
100 26.9 97.51140892193308 153.75124515013107 598.722 8.562 53.300396733909714 1041
110 29 84.34126551724134 147.42069467728385 602.877 8.562 62.37884122137405 1310
120 36.6 112.89249453551906 200.41178631425524 825.294 8.562 66.35953062499999 1600
130 35.7 105.08363585434176 181.90948857742544 825.294 8.562 75.02233062054931 1966
140 48.2 241.50990663900393 275.1258570472898 1300.851 8.562 79.64216960826515 2323
150 51.9 460.16906551059736 324.35061539114173 1482.013 8.562 107.45687522281635 2805
160 51.3 1393.8212027290458 542.2123791190129 2902.001 8.562 162.52836341756915 3324
170 53.5 2059.111912149537 378.1351019066115 3205.833 8.562 327.15000182434204 3837
180 77.5 1677.7523767741932 865.5982270175766 3416.192 0.838 539.0895311070456 4372
190 87.8 1428.9750455580845 1176.5264209847385 3752.55 0.812 710.541581892365 5147
200 107.7 1263.6141420612814 1221.9067837072685 3870.808 0.812 815.236118174274 6025
210 118.9 1152.4810958788914 1338.4890709306933 4439.34 0.812 883.2314901436216 7102
220 121.5 1042.69087489712 1349.8860654935938 4439.34 0.81 921.8441763357861 8291
230 139.5 931.7691541218646 1489.2485566260439 4737.958 0.81 937.290077740375 9506
240 93.2 1449.319080472106 1577.6744193552447 4737.958 0.81 936.5835656361807 10901
250 102.8 1236.1070749027228 2024.586637969875 5759.895 0.81 976.968041240599 11833
260 134.5 1076.4284884758333 1939.3234231525134 5759.895 0.81 997.6814326257684 12861
270 132.1 967.4863959121875 1979.1224665673371 6406.905 0.81 1005.137070392792 14206
280 82.1 1714.99347137637 2464.250859798408 6778.607 0.81 1001.9338411154764 15527
290 83.5 1544.8705017964069 2187.4459611139164 6778.607 0.81 1037.7438457915343 16348
300 77.1 1778.9023826199746 2397.4923019013304 6778.607 0.81 1062.387432927894 17183
310 57.7 2501.1519809358724 2325.864065626643 6778.607 0.81 1093.1567894062605 17954
320 39.6 3257.394906565658 2564.989608409138 6778.607 0.81 1136.997554907992 18531
330 23.8 5702.0223487394915 631.2345207845831 7167.169 0.81 1181.3615508532785 18927
340 22.1 3520.6899999999987 1723.2614226264016 7167.169 0.81 1237.5012466475346 19165
342 0 0 0 7167.169 0.81 1263.529551325699 19386
