10 0.1 57 0 57 57 0 0
20 0.1 87.0 0.0 87 57 57.0 1
30 0.1 158.0 0.0 158 57 72.0 2
40 0.1 496.0 0.0 496 57 100.66666666666667 3
50 0.1 1315.0 0.0 1315 57 199.5 4
60 0.1 1435.0 0.0 1435 57 422.6 5
70 0.1 2266.0 0.0 2266 57 591.3333333333334 6
80 0.1 1478.0 0.0 2266 57 830.5714285714286 7
90 0.1 2908.0 0.0 2908 57 911.5 8
100 0.1 3334.0 0.0 3334 57 1133.3333333333333 9
110 0.1 5228.0 0.0 5228 57 1353.4 10
120 0.1 4721.0 0.0 5228 57 1705.6363636363637 11
130 0.1 7692.0 0.0 7692 57 1956.9166666666667 12
140 0.1 6514.0 0.0 7692 57 2398.076923076923 13
150 0.1 8905.0 0.0 8905 57 2692.0714285714284 14
160 0.1 9546.0 0.0 9546 57 3106.266666666667 15
170 0.1 10312.0 0.0 10312 57 3508.75 16
180 0.1 10848.0 0.0 10848 57 3908.9411764705883 17
190 0.1 10101.0 0.0 10848 57 4294.444444444444 18
200 0.1 10449.0 0.0 10848 57 4600.0526315789475 19
210 0.1 11464.0 0.0 11464 57 4892.5 20
220 0.1 11917.0 0.0 11917 57 5205.428571428572 21
230 0.1 12217.0 0.0 12217 57 5510.5 22
240 0.1 13154.0 0.0 13154 57 5802.086956521739 23
250 0.1 10864.0 0.0 13154 57 6108.416666666667 24
260 0.1 10126.0 0.0 13154 57 6298.64 25
270 0.1 11159.0 0.0 13154 57 6445.846153846154 26
280 0.1 11501.0 0.0 13154 57 6620.407407407408 27
290 0.1 9190.0 0.0 13154 57 6794.714285714285 28
300 0.1 8789.0 0.0 13154 57 6877.310344827586 29
310 0.1 9724.0 0.0 13154 57 6941.033333333334 30
320 0.1 8727.0 0.0 13154 57 7030.806451612903 31
330 0.1 9674.0 0.0 13154 57 7083.8125 32
340 0.1 9475.0 0.0 13154 57 7162.30303030303 33
342 0.1 6635.0 0.0 13154 57 7230.323529411765 34
