30 0.1 35793.004 0 35793.004 35793.004 0 0
40 0.7 35697.83642857142 27.865346055920803 35793.004 35660.009 35793.004 1
50 0.6 35719.91583333333 36.00936782938896 35793.004 35660.009 35709.73237499999 8
60 1.2 35751.09374999999 70.75993029147104 35939.491 35660.009 35714.09671428571 14
70 0.6 35708.2395 46.12328186772703 35939.491 35657.135 35731.17226923076 26
80 1.8 43260.320555555554 16802.581122353375 80871.334 35657.135 35726.87237499999 32
90 1.4 45430.65292857144 18490.52476124129 80871.334 35657.135 38438.91372 50
100 3.2 49892.62006249998 20890.86898812989 81073.48 35657.135 39968.356671875 64
110 2.4 58392.134791666664 22494.062209094485 81170.28 35657.135 43276.44446874999 96
120 3.6 52352.697000000015 21633.885967433936 81539.736 35657.135 46299.58253333333 120
130 3.3 55112.72984848485 22217.663836577525 81539.736 35657.135 47696.4551025641 156
140 4.2 57069.758785714264 22429.570540597615 82731.189 35657.135 48991.36021693122 189
150 4.8 60303.21160416667 22346.363672328403 83599.761 35657.135 50460.159956709955 231
160 4 53308.388725000004 19460.728639956204 87834.709 35657.135 52153.588197132616 279
170 4.9 73112.0133877551 21929.704245828827 91746.504 35657.135 52298.39077115988 319
180 6.8 66933.4118382353 23037.32241058086 93155.893 35657.135 55069.76986956522 368
190 8.6 55333.16839534885 20036.537454765326 94271.426 35393.584 56920.06265366973 436
200 9.9 63240.712727272745 23458.210320482038 95208.001 35393.584 56658.62030459771 522
210 9.8 59798.12171428573 21492.679838467353 96843.407 35393.584 57707.93938647344 621
220 11.9 58411.112941176514 21024.5082549019 96905.009 35011.681 57992.832109874835 719
230 15 57794.98366666668 21887.54280047883 96905.009 35011.681 58052.22998448689 838
240 11.5 56279.69646956522 20568.149234923814 100004.088 35011.459 58013.17436943322 988
250 15.5 56294.333935483904 22223.425087702202 101607.858 35011.459 57832.440046237556 1103
260 22.9 57511.33296506549 22634.95078043776 106020.581 35011.333 57642.927767090645 1258
270 22.1 63975.996334841584 24416.955417274763 110573.915 35011.311 57622.66199058509 1487
280 13.3 75442.34055639099 20015.017410840646 115163.039 35011.311 58444.72691451992 1708
290 14.1 83140.66299290776 13870.107913770918 115163.039 35011.311 59672.69139815319 1841
300 12.8 89227.17878125001 12555.626756059517 115163.039 35011.311 61342.20905449042 1982
310 10.9 97087.6131651376 11778.78992851595 116280.507 35011.311 63033.809113744086 2110
320 5 99801.86352 10157.36518237883 116925.278 35011.311 64706.573711131154 2219
330 5.4 108946.06616666667 4897.047980334394 119352.0 35011.311 65479.93840502425 2269
340 9.3 110451.48737634408 4028.7977692497175 119791.525 35011.311 66490.34344123979 2323
342 0 0 0 119791.525 35011.311 68182.55634933777 2416
