0 5.44765625 5.44765625
10 5.84453125 11.2921875
20 18.546875 29.8390625
30 28.99765625 58.83671875
40 54.27265625 113.109375
50 58.37421875 171.48359375
60 97.709375 269.19296875
70 87.13125 356.32421875
80 142.8953125 499.21953125
90 126.6234375 625.84296875
100 184.5140625 810.35703125
110 186.37578125 996.7328125
120 236.0859375 1232.81875
130 239.93515625 1472.75390625
140 325.984375 1798.73828125
150 374.20078125 2172.9390625
160 371.65390625 2544.59296875
170 356.13828125 2900.73125
180 480.909375 3381.640625
190 533.03203125 3914.67265625
200 629.21640625 4543.8890625
210 671.784375 5215.6734375
220 637.18828125 5852.86171875
230 695.3703125 6548.23203125
240 525.60625 7073.83828125
250 586.18125 7660.01953125
260 693.80078125 8353.8203125
270 680.83046875 9034.65078125
280 457.83515625 9492.4859375
290 403.2296875 9895.715625
300 361.27421875 10256.98984375
310 237.42265625 10494.4125
320 209.3484375 10703.7609375
330 123.6609375 10827.421875
340 87.0375 10914.459375
342 0 10914.459375
