0 5.4609375 5.4609375
10 5.76796875 11.22890625
20 18.51015625 29.7390625
30 485.40703125 515.14609375
40 3257.475 3772.62109375
50 2814.82890625 6587.45
60 5620.11796875 12207.56796875
70 2866.50546875 15074.0734375
80 8512.74375 23586.8171875
90 6684.31171875 30271.12890625
100 14981.03828125 45252.1671875
110 11538.79296875 56790.96015625
120 17639.8171875 74430.77734375
130 16334.01484375 90764.7921875
140 21623.00390625 112387.79609375
150 26768.0515625 139155.84765625
160 26520.13984375 165675.9875
170 25855.634375 191531.621875
180 25800.68046875 217332.30234375
190 26404.9640625 243737.26640625
200 25260.30625 268997.57265625
210 25848.971875 294846.54453125
220 25800.03359375 320646.578125
230 26358.8640625 347005.4421875
240 27032.18203125 374037.62421875
250 27041.43203125 401079.05625
260 27414.66796875 428493.72421875
270 27363.909375 455857.63359375
280 27244.25390625 483101.8875
290 27282.0671875 510383.9546875
300 27521.30625 537905.2609375
310 26674.2078125 564579.46875
320 27380.46640625 591959.93515625
330 27581.328125 619541.26328125
340 24047.7515625 643589.01484375
342 0 643589.01484375
