0 1.6 2.3761249999999996 3.0887340221156947 13.747 1.084 0 0
10 0.7 2.96 2.8789786879576384 13.747 1.084 2.3761249999999996 16
20 0.8 1.651875 0.7383351944577747 13.747 1.084 2.5538260869565215 23
30 0.7 1.2474285714285716 0.08713184942185875 13.747 1.084 2.3210645161290318 31
40 1 1.2075 0.1036978784739592 13.747 1.057 2.1232894736842103 38
50 1.1 1.6282727272727273 1.0712466901112834 13.747 1.057 1.9324999999999999 48
60 0.5 3.0851999999999995 3.870175882308193 13.747 1.057 1.875779661016949 59
70 1.3 1.5053076923076922 0.9890273687288309 13.747 0.834 1.970265625 64
80 1 1.8305 1.286138503427994 13.747 0.834 1.8917662337662338 77
90 1.1 2.761454545454545 3.317940691114304 13.747 0.834 1.8847241379310344 87
100 1.9 1.7324736842105268 1.7995891451697366 13.747 0.834 1.9831326530612245 98
110 0.8 1.2541250000000002 0.09705853581730986 13.747 0.834 1.9424273504273506 117
120 8.4 1.5724166666666672 2.6840902964032387 25.014 0.787 1.8983760000000003 125
130 1.8 1.2141111111111114 0.37765841251481463 25.014 0.787 1.7673684210526321 209
140 0.5 1.7614 0.6767867019970177 25.014 0.787 1.7234977973568286 227
150 0.7 1.7930000000000004 1.3337491732491749 25.014 0.787 1.7243146551724142 232
160 0.4 1.22375 0.044538606848441006 25.014 0.787 1.7263263598326364 239
170 0.5 2.1292 1.5036720919136595 25.014 0.787 1.7180534979423872 243
180 0.6 2.316 2.276395542665348 25.014 0.787 1.7263427419354842 248
190 0.8 1.231875 0.09366087430191962 25.014 0.787 1.7402716535433076 254
200 0.8 1.1165 0.1537733722072843 25.014 0.746 1.724748091603054 262
210 0.4 2.17725 1.582056316159447 25.014 0.746 1.7067259259259264 270
220 3.6 1.2342222222222223 0.6824946524459249 25.014 0.723 1.7135948905109495 274
227 1 1.4815000000000003 1.1775715052598716 25.014 0.723 1.6579258064516134 310
