0 0.1 3523.1484375 0 3523.1484375 3523.1484375 0 0
10 0.1 3524.140625 0.0 3524.140625 3523.1484375 3523.1484375 1
20 0.1 3524.171875 0.0 3524.171875 3523.1484375 3523.64453125 2
30 0.1 3524.05859375 0.0 3524.171875 3523.1484375 3523.8203125 3
40 0.1 3523.4609375 0.0 3524.171875 3523.1484375 3523.8798828125 4
50 0.1 3523.9375 0.0 3524.171875 3523.1484375 3523.79609375 5
60 0.1 3523.84765625 0.0 3524.171875 3523.1484375 3523.8196614583335 6
70 0.1 3523.61328125 0.0 3524.171875 3523.1484375 3523.823660714286 7
80 0.1 3522.3984375 0.0 3524.171875 3522.3984375 3523.79736328125 8
90 0.1 3520.546875 0.0 3524.171875 3520.546875 3523.6419270833335 9
100 0.1 3520.578125 0.0 3524.171875 3520.546875 3523.332421875 10
110 0.1 3519.859375 0.0 3524.171875 3519.859375 3523.08203125 11
120 0.1 3520.33203125 0.0 3524.171875 3519.859375 3522.8134765625 12
130 0.1 3519.19140625 0.0 3524.171875 3519.19140625 3522.622596153846 13
140 0.1 3518.47265625 0.0 3524.171875 3518.47265625 3522.377511160714 14
150 0.1 3518.23828125 0.0 3524.171875 3518.23828125 3522.1171875 15
160 0.1 3517.3984375 0.0 3524.171875 3517.3984375 3521.874755859375 16
170 0.1 3516.9375 0.0 3524.171875 3516.9375 3521.611443014706 17
180 0.1 3516.734375 0.0 3524.171875 3516.734375 3521.3517795138887 18
190 0.1 3516.2734375 0.0 3524.171875 3516.2734375 3521.108758223684 19
200 0.1 3515.0234375 0.0 3524.171875 3515.0234375 3520.8669921875 20
210 0.1 3515.0234375 0.0 3524.171875 3515.0234375 3520.5887276785716 21
220 0.1 3514.890625 0.0 3524.171875 3514.890625 3520.335759943182 22
227 0.1 3514.57421875 0.0 3524.171875 3514.57421875 3520.099014945652 23
