10 0.1 133 0 133 133 0 0
20 0.1 44.0 0.0 133 44 133.0 1
30 0.1 71.0 0.0 133 44 88.5 2
40 0.1 111.0 0.0 133 44 82.66666666666667 3
50 0.1 127.0 0.0 133 44 89.75 4
60 0.1 142.0 0.0 142 44 97.2 5
70 0.1 64.0 0.0 142 44 104.66666666666667 6
80 0.1 231.0 0.0 231 44 98.85714285714286 7
90 0.1 379.0 0.0 379 44 115.375 8
100 0.1 203.0 0.0 379 44 144.66666666666666 9
110 0.1 389.0 0.0 389 44 150.5 10
120 0.1 97.0 0.0 389 44 172.1818181818182 11
130 0.1 731.0 0.0 731 44 165.91666666666666 12
140 0.1 113.0 0.0 731 44 209.3846153846154 13
150 0.1 89.0 0.0 731 44 202.5 14
160 0.1 400.0 0.0 731 44 194.93333333333334 15
170 0.1 72.0 0.0 731 44 207.75 16
180 0.1 63.0 0.0 731 44 199.76470588235293 17
190 0.1 221.0 0.0 731 44 192.16666666666666 18
200 0.1 315.0 0.0 731 44 193.68421052631578 19
210 0.1 90.0 0.0 731 44 199.75 20
220 0.1 99.0 0.0 731 44 194.52380952380952 21
227 0.1 714.0 0.0 731 44 190.1818181818182 22
