30 0.7 30071.028 31.82853338033043 30141.989 30048.857 0 0
40 0.5 30058.95 2.3740028643610174 30141.989 30048.857 30071.028 7
50 0.4 30060.754 7.768731717595368 30141.989 30048.857 30065.9955 12
60 0.3 30052.57633333333 3.553712268725712 30141.989 30048.857 30064.685125 16
70 0.4 30051.67975 2.436781932692089 30141.989 30048.857 30062.773210526317 19
80 0.4 30060.561499999996 11.039654263153588 30141.989 30048.836 30060.843913043478 23
90 0.1 30058.067 0.0 30141.989 30048.836 30060.802074074072 27
100 1.8 65069.97705555553 35013.92140677107 100138.72 30046.066 30060.704392857144 28
110 0.5 58065.8174 34306.402648806 100138.72 30046.066 43759.98499999999 46
120 0.8 73818.655375 33898.855371861275 100138.72 30046.066 45162.517588235285 51
130 0.6 76742.3605 33005.504620929896 100138.72 30046.066 49048.095593220336 59
140 0.8 82564.99974999999 30318.75813461403 100138.72 30046.066 51604.489276923065 65
150 4.6 39192.977869565206 23580.114742775833 100138.72 30046.066 54997.42193150683 73
160 1.1 55537.93045454545 33702.91024295159 100256.877 30046.066 48888.14103361343 119
170 0.5 100077.4976 5.709283338565299 100256.877 30046.066 49450.81552307691 130
180 0.6 100083.5445 13.145271973221025 100256.877 30046.066 51325.87782222221 135
190 0.8 100077.64649999999 8.293261903502792 100256.877 30046.066 53400.67214893616 141
200 0.8 100079.43800000001 9.915062972571203 100256.877 30046.066 55906.81842281878 149
210 0.4 100088.635 11.066069808199728 100256.877 30046.066 58157.652541401265 157
220 3.9 100078.43535897434 14.845460722935746 100256.877 30046.066 59199.41608074533 161
227 0.7 100077.80428571429 12.203149145249744 100256.877 30046.066 67170.82483999999 200
