10 0.1 80 0 80 80 0 0
20 0.1 43.0 0.0 80 43 80.0 1
30 0.1 62.0 0.0 80 43 61.5 2
40 0.1 60.0 0.0 80 43 61.666666666666664 3
50 0.1 121.0 0.0 121 43 61.25 4
60 0.1 129.0 0.0 129 43 73.2 5
70 0.1 107.0 0.0 129 43 82.5 6
80 0.1 264.0 0.0 264 43 86.0 7
90 0.1 267.0 0.0 267 43 108.25 8
100 0.1 242.0 0.0 267 43 125.88888888888889 9
110 0.1 552.0 0.0 552 43 137.5 10
120 0.1 301.0 0.0 552 43 175.1818181818182 11
130 0.1 369.0 0.0 552 43 185.66666666666666 12
140 0.1 480.0 0.0 552 43 199.76923076923077 13
150 0.1 480.0 0.0 552 43 219.78571428571428 14
160 0.1 566.0 0.0 566 43 237.13333333333333 15
170 0.1 347.0 0.0 566 43 257.6875 16
180 0.1 282.0 0.0 566 43 262.94117647058823 17
190 0.1 415.0 0.0 566 43 264.0 18
200 0.1 208.0 0.0 566 43 271.94736842105266 19
210 0.1 175.0 0.0 566 43 268.75000000000006 20
220 0.1 120.0 0.0 566 43 264.28571428571433 21
230 0.1 164.0 0.0 566 43 257.72727272727275 22
240 0.1 273.0 0.0 566 43 253.65217391304347 23
250 0.1 239.0 0.0 566 43 254.45833333333334 24
254 0.1 434.0 0.0 566 43 253.84 25
