0 9 90
10 11.2 202
20 10 302
30 11.7 419
40 15.8 577
50 14.4 721
60 18.2 903
70 19.5 1098
80 24.1 1339
90 32 1659
100 29.3 1952
110 28.7 2239
120 33.9 2578
130 36.5 2943
140 37.2 3315
150 42.8 3743
160 41.6 4159
170 47.8 4637
180 51.5 5152
190 49.2 5644
200 54.6 6190
210 53.6 6726
220 57.6 7302
230 59.4 7896
240 68.2 8578
250 67.7 9255
260 68.5 9940
270 71.8 10658
280 79.1 11449
290 76.6 12215
300 78.5 13000
310 69.8 13698
320 71.9 14417
330 37.1 14788
340 28.4 15072
350 26.6 15338
360 28 15618
370 26.5 15883
380 22.6 16109
390 26 16369
400 29.4 16663
405 9.8 16761
