0 18.2 16.430043956043978 11.15350507112873 149.959 10.245 0 0
10 21.6 14.972648148148146 3.664902266937043 149.959 6.616 16.430043956043978 182
20 19.6 14.767484693877552 3.8590952736876516 149.959 6.49 15.639095477386945 398
30 29.6 22.86139864864863 40.70127532088503 410.96 6.49 15.351493265993273 594
40 40.5 17.076787654320974 7.366533855973624 410.96 6.49 17.849169662921348 890
50 41.3 17.011447941888623 5.5501889595760066 410.96 6.472 17.607613899613895 1295
60 46.7 16.682700214132762 4.7734827848522166 410.96 6.472 17.46345901639344 1708
70 61.2 20.545516339869277 21.415103169786722 410.96 6.472 17.295820229885056 2175
80 62.2 17.10511736334405 5.501874450014084 410.96 5.905 18.00942411194833 2787
90 78.7 18.11703811944089 6.54531843993266 410.96 5.905 17.84442593135817 3409
100 79.8 19.09148496240598 7.795387465578328 410.96 5.905 17.895556959008577 4196
110 77.5 18.926024516129047 7.241220055508751 410.96 5.237 18.08665638766519 4994
120 95.2 21.26034978991597 8.606314607815436 410.96 5.237 18.19941601664066 5769
130 97.6 19.403908811475436 7.0338595861117 410.96 5.237 18.63298378217527 6721
140 98.3 28.235217700915598 35.688229777939725 410.96 5.237 18.73073911913733 7697
150 110.7 20.812495934959326 8.052038646666944 410.96 5.237 19.8071103686636 8680
160 115.6 22.146799307958503 11.137522630062549 410.96 5.237 19.92082875242669 9787
170 123.9 22.644185633575496 10.073216616286546 410.96 5.237 20.155976514666914 10943
180 131.9 24.5899605761941 11.313225407080422 410.96 5.237 20.409045887374823 12182
190 133.7 25.22002393418104 13.273355569381451 410.96 5.237 20.817506481001413 13501
200 144.8 27.105364640884 14.50024893102834 410.96 5.237 21.214201846610067 14838
210 143.7 43.46508211551845 52.45176147579724 492.84 5.237 21.737989377379357 16286
220 159.6 35.09711215538847 31.021625620095403 492.84 5.237 23.49964554533658 17723
230 157.9 32.789135528815684 22.3789588044721 492.84 5.237 24.457746726021025 19319
240 182.9 40.083422635319906 23.927374181181854 492.84 5.237 25.087245382333247 20898
250 186.1 43.973859215475585 26.962164083949187 492.84 5.237 26.294092225106713 22727
260 178.3 39.182865956253444 24.948999330164266 492.84 5.237 27.632226533268273 24588
270 191.1 60.825885400314036 43.13048034102892 492.84 5.237 28.413190095180322 26371
280 204.3 130.30997307880574 100.4305060664944 601.692 5.237 30.603299024114293 28282
290 198.3 113.9660721129603 65.53232363421884 601.692 5.237 37.32055327287718 30325
300 195.8 429.24517620020464 247.91093205378505 1047.662 5.237 42.02490092237219 32308
310 212.3 1064.4554234573725 361.9712334812542 1557.045 0.363 64.15112805696613 34266
320 227.2 1114.9799625880253 495.01763745977445 1709.738 0.363 122.51068779026637 36389
330 144.9 697.709663216011 493.17994955697634 1709.738 0.363 180.83536103566894 38661
340 120.8 89.61474172185443 138.96454363810167 1709.738 0.363 199.50778347045616 40110
350 113.9 32.658964003511876 20.30472708447466 1709.738 0.363 196.2948788179485 41318
360 75.8 22.462638522427422 15.712774812551949 1709.738 0.363 191.90499477118016 42457
370 49.3 13.285403651115626 5.5060251649429155 1709.738 0.363 188.93294094643053 43215
380 48.6 13.457039094650197 5.4617753320973375 1709.738 0.363 186.95174217534537 43708
390 55.4 13.642918772563185 5.630740884195833 1709.738 0.363 185.04382649228393 44194
400 39.2 10.929145408163269 5.460812698989803 1709.738 0.363 182.92180756681856 44748
405 9.8 8.346204081632653 1.5820876801677082 1709.738 0.363 181.4282071333628 45140
