10 0.1 827 0 827 827 0 0
20 0.1 791.0 0.0 827 791 827.0 1
30 0.1 753.0 0.0 827 753 809.0 2
40 0.1 1463.0 0.0 1463 753 790.3333333333334 3
50 0.1 1702.0 0.0 1702 753 958.5 4
60 0.1 1721.0 0.0 1721 753 1107.2 5
70 0.1 1998.0 0.0 1998 753 1209.5 6
80 0.1 2792.0 0.0 2792 753 1322.142857142857 7
90 0.1 2884.0 0.0 2884 753 1505.875 8
100 0.1 3593.0 0.0 3593 753 1659.0 9
110 0.1 3693.0 0.0 3693 753 1852.4 10
120 0.1 3484.0 0.0 3693 753 2019.7272727272727 11
130 0.1 4664.0 0.0 4664 753 2141.75 12
140 0.1 4599.0 0.0 4664 753 2335.769230769231 13
150 0.1 4706.0 0.0 4706 753 2497.4285714285716 14
160 0.1 5126.0 0.0 5126 753 2644.6666666666665 15
170 0.1 5537.0 0.0 5537 753 2799.75 16
180 0.1 5831.0 0.0 5831 753 2960.764705882353 17
190 0.1 6185.0 0.0 6185 753 3120.222222222222 18
200 0.1 6227.0 0.0 6227 753 3281.5263157894738 19
210 0.1 6867.0 0.0 6867 753 3428.8 20
220 0.1 7431.0 0.0 7431 753 3592.5238095238096 21
230 0.1 7257.0 0.0 7431 753 3767.0 22
240 0.1 7668.0 0.0 7668 753 3918.7391304347825 23
250 0.1 8425.0 0.0 8425 753 4074.9583333333335 24
260 0.1 8844.0 0.0 8844 753 4248.96 25
270 0.1 8716.0 0.0 8844 753 4425.692307692308 26
280 0.1 9452.0 0.0 9452 753 4584.592592592592 27
290 0.1 9719.0 0.0 9719 753 4758.428571428572 28
300 0.1 9319.0 0.0 9719 753 4929.482758620689 29
310 0.1 10402.0 0.0 10402 753 5075.8 30
320 0.1 10288.0 0.0 10402 753 5247.612903225807 31
330 0.1 10594.0 0.0 10594 753 5405.125 32
340 0.1 7316.0 0.0 10594 753 5562.363636363636 33
350 0.1 6635.0 0.0 10594 753 5613.941176470588 34
360 0.1 6599.0 0.0 10594 753 5643.114285714286 35
370 0.1 4318.0 0.0 10594 753 5669.666666666667 36
380 0.1 3344.0 0.0 10594 753 5633.135135135135 37
390 0.1 3399.0 0.0 10594 753 5572.894736842105 38
400 0.1 3563.0 0.0 10594 753 5517.153846153846 39
405 0.1 2022.0 0.0 10594 753 5468.299999999999 40
