0 82.7296875 82.7296875
10 95.971875 178.7015625
20 86.9015625 265.603125
30 153.8921875 419.4953125
40 213.54921875 633.04453125
50 229.78671875 862.83125
60 244.68046875 1107.51171875
70 354.4984375 1462.01015625
80 361.728125 1823.73828125
90 444.35703125 2268.0953125
100 465.0234375 2733.11875
110 462.71875 3195.8375
120 568.628125 3764.465625
130 581.075 4345.540625
140 591.89140625 4937.43203125
150 659.81875 5597.25078125
160 696.0890625 6293.33984375
170 749.76875 7043.10859375
180 780.0078125 7823.11640625
190 800.70625 8623.82265625
200 875.66328125 9499.4859375
210 871.775 10371.2609375
220 961.6375 11332.8984375
230 959.5421875 12292.440625
240 1100.184375 13392.625
250 1142.16171875 14534.78671875
260 1079.29296875 15614.0796875
270 1163.6765625 16777.75625
280 1229.3875 18007.14375
290 1201.33359375 19208.47734375
300 1256.88125 20465.35859375
310 1318.66015625 21784.01875
320 1375.4140625 23159.4328125
330 980.58515625 24140.01796875
340 910.24765625 25050.265625
350 842.765625 25893.03125
360 606.7265625 26499.7578125
370 397.83828125 26897.59609375
380 377.7 27275.29609375
390 410.06640625 27685.3625
400 295.16484375 27980.52734375
405 79.8609375 28060.38828125
