0 95 95
10 206 206
20 302 302
30 402 403
40 505 505
50 584 585
60 723 723
70 841 841
80 905 905
90 1048 1048
100 1150 1151
110 1207 1207
120 1299 1303
130 1384 1384
140 1448 1459
150 1552 1553
160 1644 1644
170 1714 1723
180 1832 1832
190 1946 1947
200 2028 2028
210 2144 2147
220 2233 2240
230 2323 2329
240 2483 2486
250 2590 2591
260 2677 2681
270 2822 2824
280 2960 2962
290 3033 3076
300 3234 3236
310 3370 3375
320 3376 3393
330 2782 3393
340 2159 3393
350 1589 3393
360 1138 3393
370 873 3393
380 645 3393
390 391 3393
400 96 3393
405 0 3393
