0 9.5 95
10 11.1 206
20 9.6 302
30 12.1 423
40 16.1 584
50 14.2 726
60 18.3 909
70 19.8 1107
80 19.2 1299
90 26.7 1566
100 24.9 1815
110 22.7 2042
120 27.3 2315
130 28.7 2602
140 27.9 2881
150 32.8 3209
160 32.9 3538
170 34.7 3885
180 38.7 4272
190 39 4662
200 40.4 5066
210 43.5 5501
220 42.5 5926
230 44.2 6368
240 52.4 6892
250 51 7402
260 47.9 7881
270 55.8 8439
280 58.4 9023
290 52.5 9548
300 63.3 10181
310 58.6 10767
320 57.4 11341
330 0.7 11348
340 0 11348
350 0 11348
360 0 11348
370 0 11348
380 0 11348
390 0 11348
400 0 11348
405 0 11348
