0 0.1 2.1126597607349185 0 2.1126597607349185 2.1126597607349185 0 0
10 0.1 0.6 0.0 2.1126597607349185 0.6 2.1126597607349185 1
20 0.1 0.4 0.0 2.1126597607349185 0.4 1.3563298803674593 2
30 0.1 0.39920159680638717 0.0 2.1126597607349185 0.39920159680638717 1.037553253578306 3
40 0.1 0.5988023952095809 0.0 2.1126597607349185 0.39920159680638717 0.8779653393853264 4
50 0.1 1.0 0.0 2.1126597607349185 0.39920159680638717 0.8221327505501772 5
60 0.1 2.4925224327018944 0.0 2.4925224327018944 0.39920159680638717 0.8517772921251477 6
70 0.1 0.40040040040040037 0.0 2.4925224327018944 0.39920159680638717 1.086169455064683 7
80 0.1 0.7000000000000001 0.0 2.4925224327018944 0.39920159680638717 1.0004483232316477 8
90 0.1 0.998003992015968 0.0 2.4925224327018944 0.39920159680638717 0.9670651762059089 9
100 0.1 0.9970089730807578 0.0 2.4925224327018944 0.39920159680638717 0.9701590577869149 10
110 0.1 1.3916500994035785 0.0 2.4925224327018944 0.39920159680638717 0.9725999591772644 11
120 0.1 1.2987012987012987 0.0 2.4925224327018944 0.39920159680638717 1.0075208041961239 12
130 0.1 0.998003992015968 0.0 2.4925224327018944 0.39920159680638717 1.0299193037734449 13
140 0.1 2.8913260219341974 0.0 2.8913260219341974 0.39920159680638717 1.0276396386479107 14
150 0.1 1.3958125623130608 0.0 2.8913260219341974 0.39920159680638717 1.1518853975336634 15
160 0.1 1.3 0.0 2.8913260219341974 0.39920159680638717 1.1671308453323757 16
170 0.1 1.1940298507462688 0.0 2.8913260219341974 0.39920159680638717 1.174946677959883 17
180 0.1 2.1 0.0 2.8913260219341974 0.39920159680638717 1.1760068542257933 18
190 0.1 2.7916251246261217 0.0 2.8913260219341974 0.39920159680638717 1.224638072424436 19
200 0.1 0.5994005994005994 0.0 2.8913260219341974 0.39920159680638717 1.3029874250345201 20
210 0.1 0.4 0.0 2.8913260219341974 0.39920159680638717 1.269483290480524 21
220 0.1 0.5994005994005994 0.0 2.8913260219341974 0.39920159680638717 1.2299613227314092 22
230 0.1 0.2004008016032064 0.0 2.8913260219341974 0.2004008016032064 1.2025456391083305 23
240 0.1 0.3003003003003003 0.0 2.8913260219341974 0.2004008016032064 1.1607896042122836 24
250 0.1 0.5 0.0 2.8913260219341974 0.2004008016032064 1.1263700320558043 25
254 0.1 0.7000000000000001 0.0 2.8913260219341974 0.2004008016032064 1.1022788769767349 26
