10 0.1 86 0 86 86 0 0
20 0.1 76.0 0.0 86 76 86.0 1
30 0.1 57.0 0.0 86 57 81.0 2
40 0.1 120.0 0.0 120 57 73.0 3
50 0.1 161.0 0.0 161 57 84.75 4
60 0.1 295.0 0.0 295 57 100.0 5
70 0.1 141.0 0.0 295 57 132.5 6
80 0.1 222.0 0.0 295 57 133.71428571428572 7
90 0.1 324.0 0.0 324 57 144.75 8
100 0.1 333.0 0.0 333 57 164.66666666666666 9
110 0.1 377.0 0.0 377 57 181.5 10
120 0.1 382.0 0.0 382 57 199.27272727272728 11
130 0.1 344.0 0.0 382 57 214.5 12
140 0.1 454.0 0.0 454 57 224.46153846153845 13
150 0.1 585.0 0.0 585 57 240.85714285714286 14
160 0.1 637.0 0.0 637 57 263.8 15
170 0.1 312.0 0.0 637 57 287.125 16
180 0.1 433.0 0.0 637 57 288.5882352941176 17
190 0.1 531.0 0.0 637 57 296.6111111111111 18
200 0.1 253.0 0.0 637 57 308.94736842105266 19
210 0.1 196.0 0.0 637 57 306.15000000000003 20
220 0.1 205.0 0.0 637 57 300.9047619047619 21
230 0.1 165.0 0.0 637 57 296.54545454545456 22
240 0.1 88.0 0.0 637 57 290.82608695652175 23
250 0.1 255.0 0.0 637 57 282.375 24
254 0.1 308.0 0.0 637 57 281.28 25
