0 2.2 24.569318181818186 22.104194111250727 120.194 13.507 0 0
10 1.7 16.097470588235296 2.4020620092316047 120.194 13.004 24.569318181818186 22
20 1.6 60.8953125 89.6918386049692 284.288 13.004 20.87646153846154 39
30 3.4 17.638588235294122 5.833421980871982 284.288 8.638 32.51830909090909 55
40 2.5 17.916880000000006 3.8464841122250846 284.288 8.638 26.833921348314608 89
50 4.5 19.633355555555553 8.829582733705939 284.288 8.638 24.878429824561405 114
60 4.4 18.325045454545453 4.237786139197004 284.288 8.638 23.393974842767296 159
70 4.4 17.40234090909092 3.725590245751073 284.288 8.638 22.29529064039409 203
80 9.3 18.799569892473123 6.580722794889598 284.288 8.638 21.42367206477733 247
90 9.2 17.70121739130436 3.9915517790597357 284.288 7.782 20.705902941176475 340
100 9.8 17.490918367346932 4.743451416455627 284.288 6.689 20.066016203703708 432
110 9.1 17.4465054945055 3.976015332000053 284.288 6.637 19.58986603773585 530
120 8.7 18.938678160919544 8.54477983748746 284.288 6.637 19.275782608695657 621
130 8.7 18.043229885057464 4.800337674188487 284.288 6.415 19.23435875706215 708
140 11.5 16.86193043478261 4.375440173080208 284.288 6.415 19.104008805031448 795
150 16.8 16.932845238095233 4.630291748737838 284.288 6.415 18.820669230769234 910
160 6.1 17.327032786885237 5.204109173913149 284.288 6.415 18.52646289424861 1078
170 6.4 17.50503125 5.137728620122266 284.288 6.249 18.462226514486392 1139
180 8.8 16.64673863636364 7.0407939755889055 284.288 6.121 18.411303408146303 1203
190 5 14.8507 5.904299224294108 284.288 6.121 18.291023237800157 1291
200 3 12.788833333333333 6.352790904179219 284.288 6.121 18.16274869500373 1341
210 3.2 13.556999999999999 6.794553144799149 284.288 6.121 18.045157549234137 1371
220 1.6 13.604937500000002 6.664950473078832 284.288 6.121 17.942790449037776 1403
230 2 13.0625 6.552924915638816 284.288 6.121 17.893878787878787 1419
240 4.2 13.377547619047624 6.368507723845894 284.288 6.121 17.826729673384293 1439
250 5.6 12.23069642857143 6.073570595855817 284.288 5.513 17.700554355165426 1481
254 2.2 9.87790909090909 4.080099351609991 284.288 5.243 17.501262199089133 1537
