10 0.1 90 0 90 90 0 0
20 0.1 81.0 0.0 90 81 90.0 1
30 0.1 67.0 0.0 90 67 85.5 2
40 0.1 133.0 0.0 133 67 79.33333333333333 3
50 0.1 217.0 0.0 217 67 92.75 4
60 0.1 320.0 0.0 320 67 117.6 5
70 0.1 154.0 0.0 320 67 151.33333333333334 6
80 0.1 230.0 0.0 320 67 151.71428571428572 7
90 0.1 336.0 0.0 336 67 161.5 8
100 0.1 350.0 0.0 350 67 180.88888888888889 9
110 0.1 404.0 0.0 404 67 197.8 10
120 0.1 401.0 0.0 404 67 216.54545454545453 11
130 0.1 366.0 0.0 404 67 231.91666666666666 12
140 0.1 548.0 0.0 548 67 242.23076923076923 13
150 0.1 619.0 0.0 619 67 264.07142857142856 14
160 0.1 657.0 0.0 657 67 287.73333333333335 15
170 0.1 312.0 0.0 657 67 310.8125 16
180 0.1 480.0 0.0 657 67 310.88235294117646 17
190 0.1 593.0 0.0 657 67 320.27777777777777 18
200 0.1 253.0 0.0 657 67 334.63157894736844 19
210 0.1 188.0 0.0 657 67 330.55 20
220 0.1 185.0 0.0 657 67 323.76190476190476 21
230 0.1 148.0 0.0 657 67 317.45454545454544 22
240 0.1 91.0 0.0 657 67 310.0869565217391 23
250 0.1 267.0 0.0 657 67 300.9583333333333 24
254 0.1 329.0 0.0 657 67 299.6 25
