0 9.31484375 9.31484375
10 7.3703125 16.68515625
20 5.98828125 22.6734375
30 18.89921875 41.57265625
40 14.98359375 56.55625
50 26.353125 82.909375
60 22.76796875 105.67734375
70 21.353125 127.03046875
80 48.078125 175.10859375
90 49.80234375 224.9109375
100 55.49453125 280.40546875
110 52.99140625 333.396875
120 50.61875 384.015625
130 54.71328125 438.72890625
140 62.15 500.87890625
150 98.36015625 599.2390625
160 36.81875 636.0578125
170 50.7015625 686.759375
180 70.3046875 757.0640625
190 40.15703125 797.22109375
200 24.39921875 821.6203125
210 25.925 847.5453125
220 12.928125 860.4734375
230 16.1609375 876.634375
240 33.96015625 910.59453125
250 45.3828125 955.97734375
254 17.82578125 973.803125
