0 8.2 82
10 9.8 180
20 9.8 278
30 19.9 477
40 24.2 719
50 24.2 961
60 35.4 1315
70 36 1675
80 36.6 2041
90 46.7 2508
100 54.5 3053
110 49.1 3544
120 54.2 4086
130 71.1 4797
140 66.1 5458
150 75.8 6216
160 73.2 6948
170 79.3 7741
180 79.4 8535
190 86.2 9397
200 95.1 10348
210 91.9 11267
220 99.8 12265
230 95.9 13224
240 103.1 14255
250 110.1 15356
260 116.4 16520
270 111.5 17635
280 110.3 18738
290 99.6 19734
300 103.2 20766
310 94.2 21708
320 102.4 22732
330 87.7 23609
340 73.7 24346
350 73.4 25080
360 47.3 25553
370 21 25763
380 23.2 25995
390 23.4 26229
400 4.1 26270
407 0 26270
