0 6.9 69
10 10.6 175
20 9.9 274
30 15.3 427
40 13.2 559
50 13.8 697
60 19.4 891
70 19.1 1082
80 22.8 1310
90 27.7 1587
100 32.7 1914
110 33.6 2250
120 37.2 2622
130 37.5 2997
140 40.8 3405
150 45.7 3862
160 42.3 4285
170 47.7 4762
180 48.2 5244
190 53.2 5776
200 54 6316
210 58.4 6900
220 57.5 7475
230 57.5 8050
240 63 8680
250 68.9 9369
260 66.5 10034
270 71.9 10753
280 72.1 11474
290 70.6 12180
300 68 12860
310 68.9 13549
320 69.6 14245
330 33.1 14576
340 27.9 14855
350 25.5 15110
360 25.2 15362
370 30 15662
380 24.6 15908
390 32.3 16231
400 28 16511
407 4.6 16557
