0 69 69
10 175 106
20 274 99
30 418 144
40 503 85
50 587 84
60 682 95
70 801 119
80 887 86
90 953 66
100 1100 147
110 1189 89
120 1277 88
130 1407 130
140 1449 42
150 1557 108
160 1626 69
170 1704 78
180 1737 33
190 1835 98
200 1945 110
210 1977 32
220 2093 116
230 2135 42
240 2242 107
250 2322 80
260 2459 137
270 2564 105
280 2710 146
290 2781 71
300 2846 65
310 2895 49
320 2949 54
330 2494 -455
340 1926 -568
350 1369 -557
360 957 -412
370 592 -365
380 386 -206
390 281 -105
400 46 -235
407 0 -46
