0 0.1 3.0871484610371245 0 3.0871484610371245 3.0871484610371245 0 0
10 0.1 1.8962075848303395 0.0 3.0871484610371245 1.8962075848303395 3.0871484610371245 1
20 0.1 1.5 0.0 3.0871484610371245 1.5 2.491678022933732 2
30 0.1 3.510531594784353 0.0 3.510531594784353 1.5 2.1611186819558212 3
40 0.1 2.50501002004008 0.0 3.510531594784353 1.5 2.4984719101629542 4
50 0.1 1.5197568389057752 0.0 3.510531594784353 1.5 2.4997795321383793 5
60 0.1 2.3115577889447234 0.0 3.510531594784353 1.5 2.336442416599612 6
70 0.1 2.631578947368421 0.0 3.510531594784353 1.5 2.332887469791771 7
80 0.1 3.996003996003996 0.0 3.996003996003996 1.5 2.3702239044888525 8
90 0.1 3.6108324974924777 0.0 3.996003996003996 1.5 2.550866136879424 9
100 0.1 5.461767626613704 0.0 5.461767626613704 1.5 2.6568627729407295 10
110 0.1 5.226130653266332 0.0 5.461767626613704 1.5 2.9118541232746367 11
120 0.1 5.516549648946841 0.0 5.516549648946841 1.5 3.1047105007739444 12
130 0.1 7.227722772277227 0.0 7.227722772277227 1.5 3.2902365890949365 13
140 0.1 7.263681592039801 0.0 7.263681592039801 1.5 3.571485602179386 14
150 0.1 7.455268389662027 0.0 7.455268389662027 1.5 3.8176320015034135 15
160 0.1 8.208208208208207 0.0 8.208208208208207 1.5 4.044984275763327 16
170 0.1 6.545820745216516 0.0 8.208208208208207 1.5 4.289879801201261 17
180 0.1 8.648111332007952 0.0 8.648111332007952 1.5 4.415209853646553 18
190 0.1 8.032128514056225 0.0 8.648111332007952 1.5 4.6379941419813635 19
200 0.1 9.900990099009901 0.0 9.900990099009901 1.5 4.807700860585106 20
210 0.1 9.60960960960961 0.0 9.900990099009901 1.5 5.050238443367239 21
220 0.1 8.393039918116683 0.0 9.900990099009901 1.5 5.257482587287347 22
230 0.1 9.485368314833503 0.0 9.900990099009901 1.5 5.393811166888622 23
240 0.1 10.657370517928287 0.0 10.657370517928287 1.5 5.5642927147196595 24
250 0.1 10.38961038961039 0.0 10.657370517928287 1.5 5.768015826848004 25
260 0.1 11.869436201780417 0.0 11.869436201780417 1.5 5.945769463877327 26
270 0.1 11.01010101010101 0.0 11.869436201780417 1.5 6.165164528244109 27
280 0.1 11.122448979591837 0.0 11.869436201780417 1.5 6.338197974024712 28
290 0.1 14.04040404040404 0.0 14.04040404040404 1.5 6.503172146630475 29
300 0.1 11.573604060913706 0.0 14.04040404040404 1.5 6.754413209756261 30
310 0.1 12.7 0.0 14.04040404040404 1.5 6.909870979148436 31
320 0.1 13.789682539682541 0.0 14.04040404040404 1.5 7.090812511050047 32
330 0.1 12.537917087967642 0.0 14.04040404040404 1.5 7.2938085725237585 33
340 0.1 6.451612903225806 0.0 14.04040404040404 1.5 7.448047058272107 34
350 0.1 10.152284263959391 0.0 14.04040404040404 1.5 7.41957751098507 35
360 0.1 7.221664994984955 0.0 14.04040404040404 1.5 7.495486031901024 36
370 0.1 5.682951146560319 0.0 14.04040404040404 1.5 7.488085463335724 37
380 0.1 4.3999999999999995 0.0 14.04040404040404 1.5 7.44058192868374 38
390 0.1 5.450941526263628 0.0 14.04040404040404 1.5 7.36261828948672 39
400 0.1 5.069582504970179 0.0 14.04040404040404 1.5 7.314826370406143 40
407 0.1 1.0111223458038423 0.0 14.04040404040404 1.0111223458038423 7.260064324907706 41
