0 0 0
10 0 0
20 0 0
30 1 10
40 4.8 58
50 5.5 113
60 6.2 175
70 5.9 234
80 10.7 341
90 13.2 473
100 14.2 615
110 16.8 783
120 16.7 950
130 19.3 1143
140 25.7 1400
150 23.2 1632
160 24.1 1873
170 28.5 2158
180 30.3 2461
190 27.5 2736
200 32.6 3062
210 34.5 3407
220 34 3747
230 38.4 4131
240 36.8 4499
250 39.1 4890
260 36.5 5255
270 44 5695
280 41.4 6109
290 47.7 6586
300 46.6 7052
310 51.6 7568
320 49.5 8063
330 56 8623
340 55.4 9177
350 54 9717
360 43.2 10149
370 30 10449
380 24.9 10698
390 32 11018
400 27.7 11295
407 4.6 11341
