0 0.1 0.01953125 0 0.01953125 0.01953125 0 0
10 0.1 0.01953125 0.0 0.01953125 0.01953125 0.01953125 1
20 0.1 0.01171875 0.0 0.01953125 0.01171875 0.01953125 2
30 0.1 0.01171875 0.0 0.01953125 0.01171875 0.016927083333333332 3
40 0.1 0.01171875 0.0 0.01953125 0.01171875 0.015625 4
50 0.1 0.01171875 0.0 0.01953125 0.01171875 0.01484375 5
60 0.1 0.0 0.0 0.01953125 0.0 0.014322916666666666 6
70 0.1 0.0 0.0 0.01953125 0.0 0.012276785714285714 7
80 0.1 0.0 0.0 0.01953125 0.0 0.0107421875 8
90 0.1 0.0 0.0 0.01953125 0.0 0.009548611111111112 9
100 0.1 0.0 0.0 0.01953125 0.0 0.00859375 10
110 0.1 0.0 0.0 0.01953125 0.0 0.0078125 11
120 0.1 0.0 0.0 0.01953125 0.0 0.007161458333333333 12
130 0.1 0.0 0.0 0.01953125 0.0 0.006610576923076923 13
140 0.1 0.0 0.0 0.01953125 0.0 0.006138392857142857 14
150 0.1 0.0 0.0 0.01953125 0.0 0.005729166666666666 15
160 0.1 0.0 0.0 0.01953125 0.0 0.00537109375 16
170 0.1 0.0 0.0 0.01953125 0.0 0.00505514705882353 17
180 0.1 0.0 0.0 0.01953125 0.0 0.004774305555555556 18
190 0.1 0.0 0.0 0.01953125 0.0 0.004523026315789474 19
200 0.1 0.0 0.0 0.01953125 0.0 0.004296875 20
210 0.1 0.0 0.0 0.01953125 0.0 0.004092261904761905 21
220 0.1 0.0 0.0 0.01953125 0.0 0.00390625 22
230 0.1 0.0703125 0.0 0.0703125 0.0 0.003736413043478261 23
240 0.1 0.140625 0.0 0.140625 0.0 0.006510416666666667 24
250 0.1 0.19140625 0.0 0.19140625 0.0 0.011875 25
260 0.1 0.16015625 0.0 0.19140625 0.0 0.018780048076923076 26
270 0.1 0.12890625 0.0 0.19140625 0.0 0.024016203703703703 27
280 0.1 0.109375 0.0 0.19140625 0.0 0.027762276785714284 28
290 0.1 0.171875 0.0 0.19140625 0.0 0.030576508620689655 29
300 0.1 0.21875 0.0 0.21875 0.0 0.03528645833333333 30
310 0.1 0.19140625 0.0 0.21875 0.0 0.041204637096774195 31
320 0.1 0.16015625 0.0 0.21875 0.0 0.0458984375 32
330 0.1 0.12890625 0.0 0.21875 0.0 0.049360795454545456 33
340 0.1 0.109375 0.0 0.21875 0.0 0.05170036764705882 34
350 0.1 0.25 0.0 0.25 0.0 0.053348214285714284 35
360 0.1 0.2109375 0.0 0.25 0.0 0.05881076388888889 36
370 0.1 0.1796875 0.0 0.25 0.0 0.0629222972972973 37
380 0.1 0.1484375 0.0 0.25 0.0 0.06599506578947369 38
390 0.1 0.12890625 0.0 0.25 0.0 0.06810897435897435 39
400 0.1 0.109375 0.0 0.25 0.0 0.06962890624999998 40
407 0.1 0.08984375 0.0 0.25 0.0 0.07059832317073168 41
