0 15.1 35.96719205298013 32.712530206119716 185.062 10.648 0 0
10 20.4 19.191436274509844 7.513904011952842 185.062 10.079 35.96719205298013 151
20 19.7 17.997076142131984 5.329058258084653 185.062 10.079 26.32703943661974 355
30 35.2 19.093803977272703 7.3602118946991295 185.062 8.692 23.35420833333335 552
40 37.4 20.024149732620305 8.389929615368786 185.062 8.085 21.69528982300885 904
50 38 19.824960526315817 7.576492968456676 185.062 8.085 21.206239436619715 1278
60 54.8 30.116501824817586 53.836545952137065 483.626 7.62 20.889661640530765 1658
70 55.1 18.586651542649715 5.652990384310864 483.626 7.62 23.18173254759748 2206
80 59.4 17.574360269360263 5.857351412587665 483.626 7.163 22.263383025027217 2757
90 74.4 17.950504032258042 6.817991562098325 483.626 6.998 21.432204416592068 3351
100 87.2 19.726547018348622 8.452788729610031 483.626 6.971 20.79963174603175 4095
110 82.6 19.30648426150124 8.38158141549497 483.626 6.941 20.61124239983894 4967
120 91.4 18.76720131291029 7.444155857444998 483.626 6.941 20.425202313136552 5793
130 108.6 19.72690883977899 7.504869795431891 483.626 6.941 20.199257343074407 6707
140 106.9 18.44703367633306 6.957805515866392 483.626 6.941 20.13343282432953 7793
150 121.4 20.707567545304766 9.56810118802495 483.626 5.945 19.930006883322058 8862
160 115.5 37.21999307359314 62.886558862668196 555.698 5.945 20.023690750297746 10076
170 127.2 69.65688679245281 1698.6260700085363 60625.431 5.945 21.792164544564166 11231
180 127.5 21.182164705882393 9.63484730541975 60625.431 5.898 26.661709989602503 12503
190 139.4 22.76400717360113 12.167804455480336 60625.431 5.898 26.154639280011626 13778
200 149.9 28.627247498332217 37.15360929504093 60625.431 5.898 25.843108752966 15172
210 150.7 66.17903052422035 1566.0417760133396 60835.858 3.971 26.093449103233166 16671
220 157.8 26.08914448669204 15.685034352995919 60835.858 3.971 29.416640389481806 18178
230 154.4 26.482743523316007 17.107700793106236 60835.858 3.971 29.150858422757658 19756
240 167.1 63.807697187312975 1483.9304270068906 60835.858 3.971 28.957451408450712 21300
250 180 34.866430000000086 24.121288526656503 60835.858 3.971 31.492594009838502 22971
260 184.6 38.63382665222092 24.74137767370959 60835.858 3.049 31.737755883896504 24771
270 193.8 95.36741692466457 1372.6699682850356 60835.858 2.941 32.21602716309126 26617
280 191.3 62.231417145844176 47.71323122434499 60835.858 2.883 36.50205039397654 28555
290 210.6 204.87430674264 236.95346421398537 60835.858 2.883 38.11752494420376 30468
300 200 115.4798039999997 104.6060136236564 60835.858 2.883 48.898816233806095 32574
310 226.4 283.49852031802055 263.1458322057782 60835.858 2.88 52.750322438826835 34574
320 216.8 145.3260987084874 111.11722119228351 60835.858 2.88 66.93170905043698 36838
330 131.1 71.33031807780318 99.32892547161576 60835.858 2.88 71.2889627236835 39006
340 109.5 30.84914885844746 23.44351223329464 60835.858 2.88 71.29030748815632 40317
350 106.2 28.578103578154348 18.398464689093643 60835.858 2.88 70.22097809813576 41412
360 79.5 22.44601761006288 13.540095479153603 60835.858 2.88 69.17975917031592 42474
370 54.6 14.425373626373624 6.725629564030753 60835.858 2.88 68.32109997919984 43269
380 56.9 16.80130404217928 8.815238212257297 60835.858 2.88 67.64947915097565 43815
390 60.3 14.589509121061354 6.716429249374785 60835.858 2.88 66.99760884552987 44384
400 32.7 197.18957492354735 3343.380195486048 60835.858 2.88 66.29513737301882 44987
407 4.7 10.240276595744682 1.9316794225698788 60835.858 2.88 67.23971258330752 45314
