10 0.1 693 0 693 693 0 0
20 0.1 650.0 0.0 693 650 693.0 1
30 0.1 834.0 0.0 834 650 671.5 2
40 0.1 1287.0 0.0 1287 650 725.6666666666666 3
50 0.1 1422.0 0.0 1422 650 866.0 4
60 0.1 1410.0 0.0 1422 650 977.2 5
70 0.1 1970.0 0.0 1970 650 1049.3333333333333 6
80 0.1 2258.0 0.0 2258 650 1180.857142857143 7
90 0.1 2414.0 0.0 2414 650 1315.5 8
100 0.1 2933.0 0.0 2933 650 1437.5555555555557 9
110 0.1 3479.0 0.0 3479 650 1587.1 10
120 0.1 3373.0 0.0 3479 650 1759.090909090909 11
130 0.1 3961.0 0.0 3961 650 1893.5833333333333 12
140 0.1 4386.0 0.0 4386 650 2052.6153846153848 13
150 0.1 4224.0 0.0 4386 650 2219.285714285714 14
160 0.1 5224.0 0.0 5224 650 2352.9333333333334 15
170 0.1 4647.0 0.0 5224 650 2532.375 16
180 0.1 5240.0 0.0 5240 650 2656.764705882353 17
190 0.1 5504.0 0.0 5504 650 2800.277777777778 18
200 0.1 5857.0 0.0 5857 650 2942.5789473684213 19
210 0.1 6105.0 0.0 6105 650 3088.3 20
220 0.1 6250.0 0.0 6250 650 3231.9523809523807 21
230 0.1 6680.0 0.0 6680 650 3369.1363636363635 22
240 0.1 6705.0 0.0 6705 650 3513.086956521739 23
250 0.1 6883.0 0.0 6883 650 3646.0833333333335 24
260 0.1 7417.0 0.0 7417 650 3775.56 25
270 0.1 7710.0 0.0 7710 650 3915.6153846153848 26
280 0.1 8074.0 0.0 8074 650 4056.1481481481483 27
290 0.1 8395.0 0.0 8395 650 4199.642857142857 28
300 0.1 8569.0 0.0 8569 650 4344.310344827586 29
310 0.1 8796.0 0.0 8796 650 4485.133333333333 30
320 0.1 9099.0 0.0 9099 650 4624.193548387097 31
330 0.1 9328.0 0.0 9328 650 4764.03125 32
340 0.1 5467.0 0.0 9328 650 4902.333333333333 33
350 0.1 5465.0 0.0 9328 650 4918.941176470588 34
360 0.1 5240.0 0.0 9328 650 4934.542857142857 35
370 0.1 4001.0 0.0 9328 650 4943.027777777777 36
380 0.1 3257.0 0.0 9328 650 4917.5675675675675 37
390 0.1 3308.0 0.0 9328 650 4873.868421052632 38
400 0.1 3085.0 0.0 9328 650 4833.717948717948 39
407 0.1 1283.0 0.0 9328 650 4789.999999999999 40
