30 1 35078.341 13.80250204854268 35103.868 35057.554 0 0
40 4.8 35074.14204166667 22.941863233471707 35159.089 35053.474 35078.341 10
50 5.5 35067.84665454547 15.14782871475495 35159.089 35048.064 35074.86600000001 58
60 6.2 35104.64774193548 100.0258899932096 35483.191 35046.929 35071.449504424796 113
70 5.9 35059.81816949151 8.9513380216609 35483.191 35046.929 35083.211165714296 175
80 10.7 53600.683121495305 22183.224468942743 80461.609 35046.929 35077.312931623936 234
90 13.2 51445.25642424244 21656.953189135857 80461.609 35045.596 40889.63143695014 341
100 14.2 50605.10557746478 21402.370136586913 80461.609 35045.596 43835.3872473573 473
110 16.8 56777.73230952384 22498.62250638732 80461.609 35045.596 45398.47668292683 615
120 16.7 54209.78640119763 22261.86995323538 80461.609 35045.596 47840.00279438059 783
130 19.3 50932.139585492194 21507.597419613223 80461.609 35045.596 48959.74370210527 950
140 25.7 54696.39608560313 22336.267672563416 80471.125 35045.54 49292.79042607174 1143
150 23.2 53310.10520258622 22101.855436960017 80471.125 35045.54 50284.73803642857 1400
160 24.1 53202.2694771784 22076.478587981015 80471.125 35045.54 50714.81474142157 1632
170 28.5 54534.902624561386 22285.86025673401 80471.125 35045.54 51034.876989855846 1873
180 30.3 55280.38227392739 22394.87237834086 80471.125 35045.54 51497.11392493049 2158
190 27.5 55217.92390181825 22380.229707550116 80471.125 35045.54 51962.91250670459 2461
200 32.6 53879.26723926375 22185.33257788719 80471.125 35045.54 52290.07922222222 2736
210 34.5 56886.1283449275 22494.998252259553 80471.125 35045.54 52459.27428870019 3062
220 34 54150.73651764709 22242.481615639383 80471.125 35045.54 52907.546859700604 3407
230 38.4 56663.87034895833 22486.356271686283 80471.125 35045.54 53020.35296690685 3747
240 36.8 54318.93344836956 22268.699081878487 80568.434 35045.54 53359.03867852819 4131
250 39.1 54834.99980818413 22693.96880390275 140723.21 35045.54 53437.554187597234 4499
260 36.5 54981.5596657534 22337.59836271806 140723.21 35045.54 53549.29268200408 4890
270 44 55935.764220454585 22402.058711592425 140723.21 35045.54 53648.774594291135 5255
280 41.4 56820.112055555626 22474.468228095968 140723.21 35045.54 53825.46913959613 5695
290 47.7 54530.628828092216 22058.06221015084 140723.21 35045.54 54028.41269291209 6109
300 46.6 56540.935532188836 22380.92529259447 140723.21 35045.54 54064.78637898572 6586
310 51.6 55066.51853100766 22058.550578637227 140723.21 35045.54 54228.4116633579 7052
320 49.5 56331.17153131319 22607.41688907807 140928.385 35045.54 54285.555313424935 7568
330 56 55734.45744107141 22363.92809553548 140928.385 35045.54 54411.138846583155 8063
340 55.4 57636.57398375454 22455.770245863532 140928.385 35045.54 54497.07859062971 8623
350 54 57116.598807407405 22517.54100245589 140928.385 35045.54 54686.6046283099 9177
360 43.2 60832.87719444445 22300.253877505336 140928.385 35045.54 54821.64598435731 9717
370 30 80515.42428000011 428.8026853124484 140928.385 35045.54 55077.518669622616 10149
380 24.9 80338.14470281122 165.2682774464084 140928.385 35045.54 55807.863361278585 10449
390 32 80722.07261874995 443.5239913725011 140928.385 35045.54 56378.81494606468 10698
400 27.7 80407.5332924188 158.98258437535245 140928.385 35045.54 57085.82551561082 11018
407 4.6 84404.47045652175 26456.427932317984 261875.125 35045.54 57657.77000911908 11295
