0 231.30078125 231.30078125
10 302.9265625 534.22734375
20 296.29765625 830.525
30 551.53125 1382.05625
40 609.99609375 1992.05234375
50 614.0640625 2606.11640625
60 888.59609375 3494.7125
70 923.6328125 4418.3453125
80 984.653125 5402.9984375
90 1227.71171875 6630.71015625
100 1459.10390625 8089.8140625
110 1351.284375 9441.0984375
120 1490.3171875 10931.415625
130 1837.60234375 12769.01796875
140 1774.1640625 14543.18203125
150 2000.58984375 16543.771875
160 1937.31171875 18481.08359375
170 2120.44453125 20601.528125
180 2120.0625 22721.590625
190 2300.878125 25022.46875
200 2513.61015625 27536.07890625
210 2494.36484375 30030.44375
220 2642.4796875 32672.9234375
230 2551.96796875 35224.89140625
240 2756.9109375 37981.80234375
250 2943.378125 40925.18046875
260 3083.58671875 44008.7671875
270 3159.6421875 47168.409375
280 3103.22421875 50271.63359375
290 3325.7078125 53597.34140625
300 3226.54921875 56823.890625
310 3483.47265625 60307.36328125
320 3429.09140625 63736.4546875
330 2121.34921875 65857.80390625
340 1747.46015625 67605.2640625
350 1725.190625 69330.4546875
360 1237.1671875 70567.621875
370 753.4609375 71321.0828125
380 820.92109375 72142.00390625
390 814.49765625 72956.5015625
400 384.26171875 73340.76328125
407 53.05 73393.81328125
