0 72.3125 72.3125
10 90.09765625 162.41015625
20 88.99375 251.40390625
30 173.58515625 424.9890625
40 205.66640625 630.65546875
50 208.18515625 838.840625
60 304.071875 1142.9125
70 301.859375 1444.771875
80 346.1578125 1790.9296875
90 434.2546875 2225.184375
100 503.86328125 2729.04765625
110 488.58984375 3217.6375
120 520.109375 3737.746875
130 650.4703125 4388.2171875
140 650.034375 5038.2515625
150 721.58125 5759.8328125
160 693.7765625 6453.609375
170 772.56640625 7226.17578125
180 779.61640625 8005.7921875
190 831.3171875 8837.109375
200 913.60859375 9750.71796875
210 913.40703125 10664.125
220 963.80234375 11627.92734375
230 940.60546875 12568.5328125
240 1011.3140625 13579.846875
250 1078.9296875 14658.7765625
260 1119.42421875 15778.20078125
270 1151.0921875 16929.29296875
280 1187.15390625 18116.446875
290 1143.43515625 19259.88203125
300 1180.8453125 20440.72734375
310 1245.5390625 21686.26640625
320 1236.41953125 22922.6859375
330 902.028125 23824.7140625
340 792.7109375 24617.425
350 768.30859375 25385.73359375
360 566.6609375 25952.39453125
370 376.4140625 26328.80859375
380 374.12109375 26702.9296875
390 396.50625 27099.4359375
400 231.00390625 27330.43984375
407 34.7453125 27365.18515625
