0 7.7 77
10 10.1 178
20 10.1 279
30 15.1 430
40 13.4 564
50 13.7 701
60 20 901
70 18.8 1089
80 18.8 1277
90 23.1 1508
100 27 1778
110 25.9 2037
120 30.1 2338
130 30.3 2641
140 29.7 2938
150 36.9 3307
160 32.3 3630
170 34.9 3979
180 34.9 4328
190 40.3 4731
200 41.7 5148
210 41 5558
220 43.2 5990
230 43.2 6422
240 46.5 6887
250 52 7407
260 51.1 7918
270 54.4 8462
280 55.7 9019
290 56.9 9588
300 54.1 10129
310 57.2 10701
320 57.7 11278
330 6.3 11341
340 0 11341
350 0 11341
360 0 11341
370 0 11341
380 0 11341
390 0 11341
400 0 11341
407 0 11341
