0 0.1 3516.1796875 0 3516.1796875 3516.1796875 0 0
10 0.1 3517.31640625 0.0 3517.31640625 3516.1796875 3516.1796875 1
20 0.1 3517.328125 0.0 3517.328125 3516.1796875 3516.748046875 2
30 0.1 3517.234375 0.0 3517.328125 3516.1796875 3516.94140625 3
40 0.1 3517.12109375 0.0 3517.328125 3516.1796875 3517.0146484375 4
50 0.1 3516.52734375 0.0 3517.328125 3516.1796875 3517.0359375 5
60 0.1 3516.05078125 0.0 3517.328125 3516.05078125 3516.951171875 6
70 0.1 3515.69921875 0.0 3517.328125 3515.69921875 3516.8225446428573 7
80 0.1 3514.609375 0.0 3517.328125 3514.609375 3516.68212890625 8
90 0.1 3512.4296875 0.0 3517.328125 3512.4296875 3516.4518229166665 9
100 0.1 3510.7109375 0.0 3517.328125 3510.7109375 3516.049609375 10
110 0.1 3509.28125 0.0 3517.328125 3509.28125 3515.564275568182 11
120 0.1 3508.921875 0.0 3517.328125 3508.921875 3515.0406901041665 12
130 0.1 3507.8359375 0.0 3517.328125 3507.8359375 3514.570012019231 13
140 0.1 3507.40625 0.0 3517.328125 3507.40625 3514.0890066964284 14
150 0.1 3507.26953125 0.0 3517.328125 3507.26953125 3513.643489583333 15
160 0.1 3506.74609375 0.0 3517.328125 3506.74609375 3513.2451171875 16
170 0.1 3506.6328125 0.0 3517.328125 3506.6328125 3512.8628216911766 17
180 0.1 3506.27734375 0.0 3517.328125 3506.27734375 3512.5167100694443 18
190 0.1 3505.546875 0.0 3517.328125 3505.546875 3512.1883223684213 19
200 0.1 3505.609375 0.0 3517.328125 3505.546875 3511.85625 20
210 0.1 3505.6796875 0.0 3517.328125 3505.546875 3511.5587797619046 21
220 0.1 3505.0703125 0.0 3517.328125 3505.0703125 3511.2915482954545 22
230 0.1 3505.1015625 0.0 3517.328125 3505.0703125 3511.0210597826085 23
240 0.1 3505.109375 0.0 3517.328125 3505.0703125 3510.7744140625 24
250 0.1 3505.12109375 0.0 3517.328125 3505.0703125 3510.5478125 25
254 0.1 3505.12890625 0.0 3517.328125 3505.0703125 3510.339092548077 26
