0 0.1 0.0 0 0.0 0.0 0 0
10 0.1 0.0 0.0 0.0 0.0 0.0 1
20 0.1 0.0 0.0 0.0 0.0 0.0 2
30 0.1 0.0 0.0 0.0 0.0 0.0 3
40 0.1 0.0 0.0 0.0 0.0 0.0 4
50 0.1 0.0 0.0 0.0 0.0 0.0 5
60 0.1 0.0 0.0 0.0 0.0 0.0 6
70 0.1 0.0 0.0 0.0 0.0 0.0 7
80 0.1 0.0 0.0 0.0 0.0 0.0 8
90 0.1 0.0 0.0 0.0 0.0 0.0 9
100 0.1 0.078125 0.0 0.078125 0.0 0.0 10
110 0.1 0.0703125 0.0 0.078125 0.0 0.007102272727272727 11
120 0.1 0.05859375 0.0 0.078125 0.0 0.012369791666666666 12
130 0.1 0.05078125 0.0 0.078125 0.0 0.015925480769230768 13
140 0.1 0.0390625 0.0 0.078125 0.0 0.018415178571428572 14
150 0.1 0.03125 0.0 0.078125 0.0 0.019791666666666666 15
160 0.1 0.03125 0.0 0.078125 0.0 0.0205078125 16
170 0.1 0.01953125 0.0 0.078125 0.0 0.021139705882352942 17
180 0.1 0.1015625 0.0 0.1015625 0.0 0.021050347222222224 18
190 0.1 0.078125 0.0 0.1015625 0.0 0.02528782894736842 19
200 0.1 0.0703125 0.0 0.1015625 0.0 0.0279296875 20
210 0.1 0.05859375 0.0 0.1015625 0.0 0.029947916666666668 21
220 0.1 0.05078125 0.0 0.1015625 0.0 0.03125 22
230 0.1 0.0390625 0.0 0.1015625 0.0 0.032099184782608696 23
240 0.1 0.03125 0.0 0.1015625 0.0 0.032389322916666664 24
250 0.1 0.03125 0.0 0.1015625 0.0 0.03234375 25
254 0.1 0.01953125 0.0 0.1015625 0.0 0.03230168269230769 26
