0 0.7 85.73228571428571 29.752679685866887 131.744 48.897 0 0
10 0.9 30.515444444444444 21.187957859286804 131.744 13.22 85.73228571428571 7
20 1 43.361 27.66487880327691 131.744 13.22 54.6728125 16
30 1.7 37.338941176470584 16.35799959174711 131.744 13.22 50.32211538461539 26
40 1.6 34.63087500000001 14.556199722433565 131.744 13.22 45.18923255813954 43
50 1.8 40.492777777777775 24.234192792085125 131.744 13.204 42.32594915254238 59
60 2.9 40.84203448275862 19.25555899220428 131.744 13.204 41.89741558441558 77
70 3.7 46.79089189189189 77.87687821509574 486.164 12.832 41.60867924528302 106
80 4.5 35.78177777777778 16.65878304864219 486.164 12.832 42.94953146853147 143
90 3.9 36.03733333333335 17.036241553626326 486.164 9.344 41.233845744680856 188
100 5.5 35.85183636363639 13.83088781054089 486.164 9.344 40.34105286343613 227
110 4.2 34.08304761904761 15.248389607325098 486.164 9.344 39.46549645390072 282
120 5.5 36.17896363636364 14.601435437484948 486.164 7.432 38.767771604938275 324
130 6.7 34.0549552238806 15.71782421180549 486.164 7.432 38.39208707124011 379
140 6.6 33.92709090909091 16.097369169325585 486.164 7.432 37.740544843049335 446
150 6.5 34.96627692307691 16.212592838244547 486.164 7.432 37.24896679687501 512
160 4.8 35.67756250000001 10.920973661007842 486.164 7.432 36.99181802426344 577
170 3.5 37.833800000000004 6.978940426331617 486.164 7.432 36.890883200000005 625
180 4.5 34.696266666666666 7.199535294879955 486.164 7.432 36.94088636363637 660
190 2.1 44.36614285714285 35.222302850927406 486.164 7.432 36.79761276595745 705
200 1.5 29.049400000000002 2.3193188022923175 486.164 7.432 37.016537190082644 726
210 0.7 32.06614285714286 8.11528507427402 486.164 7.432 36.855259109311746 741
220 2 29.89855 4.268260482620524 486.164 7.432 36.81044117647059 748
230 2.3 29.974260869565214 4.768029045153284 486.164 7.432 36.630444010416674 768
240 2.1 28.051380952380956 2.820366684640078 486.164 7.432 36.436901390644756 791
250 2.3 29.8854347826087 8.499528722618464 486.164 7.432 36.22003448275863 812
254 0.7 28.447285714285716 2.216824608970853 486.164 7.432 36.04554850299402 835
