0 1.5 39.96893333333335 35.19517531606981 131.744 13.81 0 0
10 1.5 18.286399999999997 6.672110488693465 131.744 13.22 39.96893333333335 15
20 2.2 19.680590909090906 11.271874211582364 131.744 13.22 29.127666666666673 30
30 3.6 17.60063888888889 3.2310568803478548 131.744 13.22 25.130826923076924 52
40 3.1 18.38300000000001 4.053414379141645 131.744 13.22 22.050295454545456 88
50 3.5 20.310799999999993 9.13470742920335 131.744 9.225 21.094949579831937 119
60 6.1 19.38447540983606 9.325760282119589 131.744 9.225 20.91673376623377 154
70 6.5 26.602938461538457 55.12249643723638 455.6 9.225 20.482 215
80 9.4 17.094510638297873 3.337435114500933 455.6 9.225 21.902932142857143 280
90 7.7 18.2082077922078 3.925821361119198 455.6 9.225 20.694398395721926 374
100 11.3 17.413035398230107 4.0296740221028635 455.6 7.217 20.269926829268297 451
110 7.6 18.803421052631588 5.529192965436318 455.6 6.879 19.697535460992913 564
120 11.8 16.833661016949133 4.116881605812455 455.6 6.737 19.591359375000007 640
130 13.3 17.12674436090227 5.01439560995589 455.6 6.706 19.162060686015835 758
140 12.9 17.330054263565884 4.559166732159409 455.6 6.706 18.858248035914706 891
150 13.1 17.31783969465649 4.335688212038789 455.6 6.672 18.664976470588236 1020
160 9.6 17.80827083333333 5.160405314506085 455.6 6.672 18.511653344917463 1151
170 7 18.87795714285714 5.8025608692214865 455.6 6.672 18.457503608660787 1247
180 9 17.31812222222222 6.1003313367713945 455.6 6.672 18.479851176917236 1317
190 4.2 22.151333333333337 27.686638625248086 455.6 6.672 18.405540156361052 1407
200 3 14.494499999999999 6.420504776365589 455.6 6.672 18.51411387163561 1449
210 1.4 16.006857142857143 7.349696853390261 455.6 6.672 18.432580121703854 1479
220 4 14.917475000000001 7.3506889778696936 455.6 6.671 18.409833891493637 1493
230 4.6 14.957804347826084 7.018348826065068 455.6 6.671 18.31870906718852 1533
240 4.2 14.001714285714286 6.665608786134685 455.6 6.653 18.220797973400888 1579
250 4.6 14.908565217391304 8.697184181131805 455.6 6.611 18.11148180135719 1621
254 1.4 14.190857142857142 6.392465205862544 455.6 6.611 18.02309898020396 1667
