0 7.11328125 7.11328125
10 5.71875 12.83203125
20 10.61875 23.45078125
30 18.91875 42.36953125
40 16.90703125 59.2765625
50 18.778125 78.0546875
60 32.525 110.5796875
70 30.1484375 140.728125
80 48.41484375 189.14296875
90 40.88984375 230.0328125
100 67.959375 297.9921875
110 44.7734375 342.765625
120 70.00390625 412.76953125
130 74.31640625 487.0859375
140 71.1328125 558.21875
150 71.4171875 629.6359375
160 67.33671875 696.97265625
170 54.91640625 751.8890625
180 70.71484375 822.60390625
190 32.8578125 855.46171875
200 23.70703125 879.16875
210 11.06328125 890.23203125
220 31.603125 921.83515625
230 36.35078125 958.1859375
240 33.18984375 991.37578125
250 36.34765625 1027.7234375
254 11.06328125 1038.78671875
