0 0 0
10 0 0
20 0 0
30 1.3 13
40 5.4 67
50 4.6 113
60 6.1 174
70 7.2 246
80 14.3 389
90 13.5 524
100 13 654
110 16.4 818
120 17.7 995
130 22.9 1224
140 20.8 1432
150 22.9 1661
160 27.2 1933
170 27.1 2204
180 26.3 2467
190 30.6 2773
200 31.7 3090
210 31.3 3403
220 35.5 3758
230 33.3 4091
240 38.6 4477
250 37.8 4855
260 44.6 5301
270 45.4 5755
280 41.6 6171
290 39.5 6566
300 48.2 7048
310 40.2 7450
320 47.6 7926
330 61 8536
340 63.8 9174
350 51.7 9691
360 47.4 10165
370 24.9 10414
380 25 10664
390 22 10884
