0 0.1 3523.62890625 0 3523.62890625 3523.62890625 0 0
10 0.1 3521.38671875 0.0 3523.62890625 3521.38671875 3523.62890625 1
20 0.1 3518.08203125 0.0 3523.62890625 3518.08203125 3522.5078125 2
30 0.1 3515.0390625 0.0 3523.62890625 3515.0390625 3521.0325520833335 3
40 0.1 3503.61328125 0.0 3523.62890625 3503.61328125 3519.5341796875 4
50 0.1 3494.6796875 0.0 3523.62890625 3494.6796875 3516.35 5
60 0.1 3487.1171875 0.0 3523.62890625 3487.1171875 3512.73828125 6
70 0.1 3483.37890625 0.0 3523.62890625 3483.37890625 3509.078125 7
80 0.1 3474.5 0.0 3523.62890625 3474.5 3505.86572265625 8
90 0.1 3471.3359375 0.0 3523.62890625 3471.3359375 3502.3806423611113 9
100 0.1 3468.8828125 0.0 3523.62890625 3468.8828125 3499.276171875 10
110 0.1 3469.99609375 0.0 3523.62890625 3468.8828125 3496.5131392045455 11
120 0.1 3461.34375 0.0 3523.62890625 3461.34375 3494.3033854166665 12
130 0.1 3459.84765625 0.0 3523.62890625 3459.84765625 3491.768028846154 13
140 0.1 3445.3359375 0.0 3523.62890625 3445.3359375 3489.4880022321427 14
150 0.1 3441.62890625 0.0 3523.62890625 3441.62890625 3486.54453125 15
160 0.1 3431.234375 0.0 3523.62890625 3431.234375 3483.7373046875 16
170 0.1 3424.640625 0.0 3523.62890625 3424.640625 3480.6488970588234 17
180 0.1 3422.875 0.0 3523.62890625 3422.875 3477.5373263888887 18
190 0.1 3421.1328125 0.0 3523.62890625 3421.1328125 3474.6603618421054 19
200 0.1 3418.74609375 0.0 3523.62890625 3418.74609375 3471.983984375 20
210 0.1 3402.8828125 0.0 3523.62890625 3402.8828125 3469.4488467261904 21
220 0.1 3388.80859375 0.0 3523.62890625 3388.80859375 3466.4231178977275 22
230 0.1 3386.96875 0.0 3523.62890625 3386.96875 3463.048573369565 23
240 0.1 3386.38671875 0.0 3523.62890625 3386.38671875 3459.8785807291665 24
250 0.1 3384.9140625 0.0 3523.62890625 3384.9140625 3456.93890625 25
260 0.1 3382.44140625 0.0 3523.62890625 3382.44140625 3454.168719951923 26
270 0.1 3366.828125 0.0 3523.62890625 3366.828125 3451.512152777778 27
280 0.1 3363.8515625 0.0 3523.62890625 3363.8515625 3448.487723214286 28
290 0.1 3355.73828125 0.0 3523.62890625 3355.73828125 3445.569234913793 29
300 0.1 3346.0859375 0.0 3523.62890625 3346.0859375 3442.5748697916665 30
310 0.1 3329.3125 0.0 3523.62890625 3329.3125 3439.4623235887098 31
320 0.1 3299.6875 0.0 3523.62890625 3299.6875 3436.0201416015625 32
330 0.1 3282.35546875 0.0 3523.62890625 3282.35546875 3431.888849431818 33
340 0.1 3279.51171875 0.0 3523.62890625 3279.51171875 3427.4908088235293 34
350 0.1 3286.7578125 0.0 3523.62890625 3279.51171875 3423.2628348214284 35
360 0.1 3286.375 0.0 3523.62890625 3279.51171875 3419.4710286458335 36
370 0.1 3302.6015625 0.0 3523.62890625 3279.51171875 3415.8738386824325 37
380 0.1 3302.640625 0.0 3523.62890625 3279.51171875 3412.8929893092104 38
390 0.1 3318.73828125 0.0 3523.62890625 3279.51171875 3410.066005608974 39
