0 6.8 68
10 11.7 185
20 7.9 264
30 18 444
40 25.4 698
50 21.7 915
60 31.8 1233
70 39.6 1629
80 41.4 2043
90 39 2433
100 34.3 2776
110 37.2 3148
120 36.6 3514
130 37.8 3892
140 34.4 4236
150 33.6 4572
160 33 4902
170 31.5 5217
180 32 5537
190 32.4 5861
200 30.7 6168
210 27.5 6443
220 25.6 6699
230 27.8 6977
240 27.4 7251
250 24 7491
260 25.3 7744
270 25.6 8000
280 23.4 8234
290 25.9 8493
300 8.3 8576
310 0 8576
320 0 8576
330 0 8576
340 0 8576
350 0 8576
360 0 8576
370 0 8576
380 0 8576
390 0 8576
400 0 8576
410 0 8576
420 0 8576
430 0 8576
440 0 8576
450 0 8576
