0 7.5 75
10 11.5 190
20 8.5 275
30 13.1 406
40 17.5 581
50 13.4 715
60 20.1 916
70 19.4 1110
80 22.3 1333
90 24.8 1581
100 22.6 1807
110 24 2047
120 26.8 2315
130 23.2 2547
140 26 2807
150 28.7 3094
160 26.4 3358
170 28.7 3645
180 25.4 3899
190 25.7 4156
200 29.1 4447
210 28.7 4734
220 29.3 5027
230 28 5307
240 26.3 5570
250 26.5 5835
260 24.8 6083
270 27.7 6360
280 26.3 6623
290 27.5 6898
300 12.7 7025
310 0.2 7027
320 0.6 7033
330 0.5 7038
340 1.1 7049
350 1 7059
360 0.3 7062
370 0.3 7065
380 0.9 7074
390 0.2 7076
400 0 7076
410 0 7076
420 0 7076
430 0 7076
440 0 7076
450 0 7076
