0 7.5 1.1998933333333335 1.5163666097909463 13.975 0.681 0 0
10 11.5 1.3555739130434779 1.5860480011425147 13.975 0.681 1.1998933333333335 75
20 8.6 1.033569767441861 0.6722173226371321 13.975 0.681 1.294121052631579 190
30 13 1.4999153846153856 1.7934723520187377 13.975 0.681 1.2129347826086958 276
40 17.5 2.32886285714286 3.4887637456010703 26.016 0.681 1.30482512315271 406
50 13.4 1.3748283582089547 1.3680555409326072 26.016 0.681 1.6132702237521526 581
60 20.1 1.9683184079601999 2.5449848054183737 26.016 0.681 1.5685832167832174 715
70 23.7 3.191502109704642 3.281442653335015 26.016 0.681 1.6562980349344987 916
80 25.6 3.404824218750002 3.2705101839976294 26.016 0.662 1.9718603642671302 1153
90 26.6 2.907804511278196 2.9284854780017042 26.016 0.661 2.232214336408802 1409
100 34.4 3.185651162790697 3.1689910250243205 26.016 0.661 2.3395020895522403 1675
110 40.5 3.3987506172839526 3.1318574750427417 26.016 0.661 2.48367013372957 2019
120 42.6 3.706863849765257 3.9114618468783733 27.411 0.589 2.6365610561056116 2424
130 51 3.38345294117647 3.292044297932544 27.411 0.589 2.796543157894738 2850
140 50.6 3.8493695652173887 3.79042361870957 34.653 0.589 2.885627678571429 3360
150 57.4 3.393385017421606 3.2891217730836186 34.653 0.589 3.0117666839110195 3866
160 55.7 3.557010771992816 3.5606979395562437 34.653 0.589 3.0611020270270277 4440
170 61.9 3.657114701130856 3.9085047942591444 42.065 0.589 3.1163794276565944 4997
180 70.1 3.4490342368045623 3.3075114760656112 42.065 0.589 3.1759797008547013 5616
190 70.4 3.256103693181817 3.2177465464605968 42.065 0.565 3.206280671204686 6317
200 69.5 3.0767726618705016 3.0906093390214915 42.065 0.565 3.21127645634525 7021
210 80.7 3.235719950433707 3.0937633016166157 42.065 0.565 3.1991613530326592 7716
220 82.6 3.454963680387406 3.323825006923047 42.065 0.565 3.2026229027337796 8523
230 92.5 3.514081081081084 3.654517534751231 42.065 0.565 3.22491763825008 9349
240 102.9 3.195351797862003 3.1917280355498083 42.065 0.565 3.2509519174615535 10274
250 111.8 3.3024212880143073 3.1195279347036697 42.065 0.563 3.2458902061399626 11303
260 112.4 3.3792446619217094 3.273062545506172 42.065 0.563 3.250978504146204 12421
270 116.3 3.321144453998279 3.199867216415831 42.065 0.563 3.2616223698781837 13545
280 121.6 3.599780427631575 3.425841425212563 42.065 0.563 3.2663289366331245 14708
290 118.9 3.228554247266609 3.0217974685470907 42.065 0.523 3.2917922004521474 15924
300 132.5 1.8437320754717037 2.354020556151214 42.065 0.523 3.2873984690001747 17113
310 126.8 1.2811167192429005 2.6769087957731506 57.531 0.476 3.1836530534765157 18438
320 131.3 0.9695430312262 0.6600182322360749 57.531 0.476 3.0612326702527146 19706
330 79.5 1.044231446540884 1.2129494410042416 57.531 0.476 2.930570483847947 21019
340 53.3 1.5009136960600373 1.8891897426499071 57.531 0.476 2.861823828733841 21814
350 52.5 1.0971295238095242 0.9498744269813283 57.531 0.476 2.8293646574484272 22347
360 27.7 1.0812599277978336 1.0699484539782242 57.531 0.476 2.7896032266526762 22872
370 32 0.8620406249999999 0.14758383710491255 57.531 0.476 2.7691612596656445 23149
380 25 1.0630959999999998 0.41595844838637436 57.531 0.476 2.7431576547786447 23469
390 26.9 1.088315985130112 0.7427354098203354 57.531 0.476 2.7254496816897853 23719
400 4.7 1.2534255319148933 1.16180885644868 57.531 0.476 2.7070909621477415 23988
410 2.2 1.1615909090909093 0.3467003761556169 57.531 0.476 2.7042483461618483 24035
420 1.2 1.7387500000000002 1.9644905244956852 57.531 0.476 2.702837594047472 24057
430 0.3 1.3496666666666666 0.26120404965382055 57.531 0.476 2.702356932153393 24069
440 0.3 1.4136666666666666 0.34458703141909186 57.531 0.476 2.7021883516118317 24072
450 0.9 1.0524444444444443 0.19926816722481233 57.531 0.476 2.7020277881619945 24075
