0 0.1 5.789487159792098 0 5.789487159792098 5.789487159792098 0 0
10 0.1 0.9054325955734407 0.0 5.789487159792098 0.9054325955734407 5.789487159792098 1
20 0.1 2.9263370332996974 0.0 5.789487159792098 0.9054325955734407 3.3474598776827693 2
30 0.1 0.4036326942482341 0.0 5.789487159792098 0.4036326942482341 3.207085596221745 3
40 0.1 1.5120967741935485 0.0 5.789487159792098 0.4036326942482341 2.5062223707283673 4
50 0.1 1.9191919191919191 0.0 5.789487159792098 0.4036326942482341 2.3073972514214036 5
60 0.1 3.6072144288577155 0.0 5.789487159792098 0.4036326942482341 2.2426963627164893 6
70 0.1 2.716297786720322 0.0 5.789487159792098 0.4036326942482341 2.4376275150223785 7
80 0.1 2.8282828282828283 0.0 5.789487159792098 0.4036326942482341 2.4724612989846215 8
90 0.1 2.935222672064777 0.0 5.789487159792098 0.4036326942482341 2.5119970244622 9
100 0.1 2.7439024390243905 0.0 5.789487159792098 0.4036326942482341 2.554319589222458 10
110 0.1 3.1762295081967213 0.0 5.789487159792098 0.4036326942482341 2.5715543937499064 11
120 0.1 3.696098562628337 0.0 5.789487159792098 0.4036326942482341 2.621943986620474 12
130 0.1 4.791029561671763 0.0 5.789487159792098 0.4036326942482341 2.704571261698002 13
140 0.1 5.252525252525253 0.0 5.789487159792098 0.4036326942482341 2.8536039974104135 14
150 0.1 5.84016393442623 0.0 5.84016393442623 0.4036326942482341 3.013532081084736 15
160 0.1 4.094165813715456 0.0 5.84016393442623 0.4036326942482341 3.1901965719185794 16
170 0.1 4.008221993833504 0.0 5.84016393442623 0.4036326942482341 3.2433712332007487 17
180 0.1 6.680369989722508 0.0 6.680369989722508 0.4036326942482341 3.2858629421247905 18
190 0.1 4.149377593360995 0.0 6.680369989722508 0.4036326942482341 3.4645212077878287 19
200 0.1 4.248704663212435 0.0 6.680369989722508 0.4036326942482341 3.498764027066487 20
210 0.1 4.253112033195021 0.0 6.680369989722508 0.4036326942482341 3.53447548593058 21
220 0.1 4.781704781704782 0.0 6.680369989722508 0.4036326942482341 3.567140783533509 22
230 0.1 5.366357069143446 0.0 6.680369989722508 0.4036326942482341 3.6199479138887822 23
240 0.1 6.0887512899896805 0.0 6.680369989722508 0.4036326942482341 3.692714962024393 24
250 0.1 7.820646506777893 0.0 7.820646506777893 0.4036326942482341 3.7885564151430047 25
260 0.1 7.120743034055728 0.0 7.820646506777893 0.4036326942482341 3.943636803282808 26
270 0.1 7.881269191402252 0.0 7.881269191402252 0.4036326942482341 4.061307404422546 27
280 0.1 7.991803278688526 0.0 7.991803278688526 0.4036326942482341 4.197734611100393 28
290 0.1 6.60377358490566 0.0 7.991803278688526 0.4036326942482341 4.328564565155156 29
300 0.1 6.210526315789474 0.0 7.991803278688526 0.4036326942482341 4.404404865813506 30
310 0.1 5.9071729957805905 0.0 7.991803278688526 0.4036326942482341 4.462666848070795 31
320 0.1 8.324552160168599 0.0 8.324552160168599 0.4036326942482341 4.507807665186727 32
330 0.1 5.302226935312832 0.0 8.324552160168599 0.4036326942482341 4.623466589277086 33
340 0.1 2.383419689119171 0.0 8.324552160168599 0.4036326942482341 4.643430128866373 34
350 0.1 2.1649484536082473 0.0 8.324552160168599 0.4036326942482341 4.5788584020164524 35
360 0.1 1.9467213114754098 0.0 8.324552160168599 0.4036326942482341 4.511805347894002 36
370 0.1 1.3265306122448979 0.0 8.324552160168599 0.4036326942482341 4.442478752315122 37
380 0.1 0.9211873080859775 0.0 8.324552160168599 0.4036326942482341 4.360480117050116 38
390 0.1 1.325178389398573 0.0 8.324552160168599 0.4036326942482341 4.272293121948472 39
400 0.1 1.2195121951219512 0.0 8.324552160168599 0.4036326942482341 4.198615253634724 40
410 0.1 5.210420841683367 0.0 8.324552160168599 0.4036326942482341 4.125954203427096 41
420 0.1 2.1021021021021022 0.0 8.324552160168599 0.4036326942482341 4.151774837671293 42
430 0.1 0.30060120240480964 0.0 8.324552160168599 0.30060120240480964 4.104108029867358 43
440 0.1 0.40040040040040037 0.0 8.324552160168599 0.30060120240480964 4.017664692879572 44
450 0.1 4.595404595404595 0.0 8.324552160168599 0.30060120240480964 3.937281041935591 45
