0 7.5 35.05282666666667 47.711108527434384 390.573 8.67 0 0
10 11.3 37.351761061946895 29.745516100936126 390.573 8.67 35.05282666666667 75
20 8.7 33.54642528735632 28.299397533342738 390.573 8.67 36.4346329787234 188
30 18.5 48.44769189189192 43.248064624682854 390.573 8.67 35.52090909090909 275
40 28.5 52.934652631578956 45.34113693443742 390.573 8.67 40.71972391304349 460
50 22.5 44.97363999999999 38.66315952944468 390.573 8.67 45.3925489932886 745
60 33 79.27172424242421 72.9444979685968 414.644 8.67 45.295379381443304 970
70 40 315.43745999999993 369.76789632273835 2104.517 8.67 53.92014384615384 1300
80 42.6 1028.3191737089205 600.6429118997502 2245.618 8.67 115.45362999999999 1700
90 43.5 1240.553556321839 729.9236830651331 3649.997 8.67 298.37024412041404 2126
100 51 2492.1729333333324 1878.7316032603728 8289.177 0.501 458.40528543537687 2561
110 55.4 2949.206077617329 2381.37320840788 8437.895 0.427 796.1524363399543 3071
120 58 2714.9357413793145 2249.8088947160973 8437.895 0.427 1125.1984273103446 3625
130 67.7 2452.0480812407677 2320.1613845660036 8437.895 0.427 1344.4725395957198 4205
140 73.7 2161.180096336503 2121.093819135514 8437.895 0.424 1498.0630028676776 4882
150 77.6 2028.71944201031 2105.767883125974 19808.696 0.424 1585.0388522868845 5619
160 80.3 2074.3328904109626 2207.0162093628974 19808.696 0.424 1638.8771849882728 6395
170 83.9 1868.5656710369487 2073.2049717840564 19808.696 0.424 1687.456086273966 7198
180 98.9 1670.4597553083927 2062.884541499177 19808.696 0.424 1706.3625117581196 8037
190 100.6 1597.73185089463 1886.1459612650106 19808.696 0.422 1702.428562486152 9026
200 101.9 1612.256063788027 1857.7888022355526 19808.696 0.422 1691.9296697567788 10032
210 111.2 1421.8741663669045 1788.9650295841057 19808.696 0.422 1684.58305818478 11051
220 106.2 1473.5967504708112 1872.4298216556826 19808.696 0.422 1660.5649468881033 12163
230 115.3 1373.6996287944517 1750.655122497718 19808.696 0.422 1645.5509412476372 13225
240 121.3 1316.0274418796396 1931.4641363439255 19808.696 0.422 1623.7506516900823 14378
250 135.6 1183.146042035397 1768.1300514937 19808.696 0.42 1599.8093872747104 15591
260 133.3 1234.5265101275334 1901.4670374969555 19808.696 0.417 1566.4704189532076 16947
270 140 1160.5991157142867 1783.7360661452688 19808.696 0.414 1542.2646623632393 18280
280 145.2 1097.1939889807127 1803.6793551837313 19808.696 0.414 1515.113658028456 19680
290 145.4 1137.2708872077023 1704.9809452155305 19808.696 0.414 1486.3979964982022 21132
300 155 586.1709258064525 1455.4246561950404 19808.696 0.402 1463.9225330735858 22586
310 156.1 306.5690185778345 1989.6288589481355 19808.696 0.402 1407.5538310822014 24136
320 154.5 713.260029773461 3961.2705398788908 28434.608 0.402 1340.6729775849326 25697
330 114.4 1376.5759606643353 6239.331580187206 40528.788 0.402 1305.0899438734311 27242
340 106.8 1856.316497191011 7571.924651457693 46205.107 0.402 1307.9709416613825 28386
350 110.1 1782.2212861035403 7121.029829463049 55553.187 0.402 1327.8539135261767 29454
360 83 1737.6929915662665 6319.777618552104 64755.449 0.402 1344.2263068237608 30555
370 62.4 2541.424490384617 7870.999695036628 66724.601 0.402 1354.6318301099252 31385
380 58.5 3227.5171435897432 10114.56749651859 66724.601 0.402 1377.7677799993753 32009
390 51.7 2759.491574468088 8314.992228443705 66724.601 0.402 1410.9672454746274 32594
400 31.2 4478.442865384612 9803.256639991185 66724.601 0.402 1432.023301712422 33111
410 9.6 15767.45373958333 13992.180354240623 66724.601 0.402 1460.4612906381835 33423
420 5.9 31501.938542372878 8841.112259236499 66724.601 0.402 1501.4371931143532 33519
430 5.4 28801.307240740745 1784.0891480173761 66724.601 0.402 1554.1511599857051 33578
440 5.4 27079.94344444445 2285.206683026383 66724.601 0.402 1597.8995671087062 33632
450 5.4 22649.423648148153 2243.8781508783245 66724.601 0.402 1638.748298610699 33686
