30 1.5 35086.82973333333 30.629679918812254 35165.219 35050.932 0 0
40 5.7 35100.598596491225 35.96890093324847 35181.905 35045.282 35086.82973333333 15
50 4.3 35085.66760465116 28.437724039813638 35181.905 35045.282 35097.73008333333 72
60 6 35127.767533333325 62.45172774110051 35276.399 35045.282 35093.219765217385 115
70 9.5 35406.484905263176 266.06357021001384 35990.816 35044.932 35105.06471428571 175
80 10.3 49715.55641747572 20520.82274167993 81427.156 35044.932 35211.11996666667 270
90 12 54347.07810833332 21889.901360688542 82344.518 35044.932 39216.36649329759 373
100 13.1 53680.77283206109 21065.824574561793 83948.853 35029.047 42899.298326572 493
110 13.9 54884.464107913656 21249.414489751387 85536.217 35029.047 45162.71685256411 624
120 15.7 58135.20531847136 21942.69189902001 85603.477 35029.047 46933.78221100917 763
130 17.9 56335.32474301674 21647.72563992425 85603.477 35010.581 48845.3294152174 920
140 20.3 57417.83526600985 21148.44846833308 85603.477 35010.581 50065.264959963606 1099
150 22 59149.65158181818 21781.127495751167 102589.709 35009.186 51211.633448540706 1302
160 24.3 60233.167440329235 22508.77218035955 102589.709 35008.978 52359.04737056505 1522
170 22.1 57921.77437104074 22636.429913537504 102589.709 35007.203 53443.13302322947 1765
180 28.3 57318.63993286217 23056.47435053515 102589.709 35007.203 53941.511541792555 1986
190 30.2 58908.92856622514 24177.527730174705 102589.709 35007.203 54362.72235478185 2269
200 31.4 60402.168767515876 24568.411455703626 102589.709 35006.897 54896.7380202256 2571
210 32.7 60479.11301834863 24575.593206761896 102589.709 35006.897 55495.942614558066 2885
220 35.4 61098.4257005649 24295.414924306067 102589.709 35006.897 56003.25790784559 3212
230 33.6 59698.197485118995 24023.773972758678 102589.709 35006.537 56509.05975827258 3566
240 34.6 60348.41601734103 24266.1384620788 102589.709 35006.537 56783.67541081497 3902
250 41.5 58937.073127710835 23809.03009342837 102589.709 35006.537 57074.02386887948 4248
260 40.5 60835.0926666667 23724.43095808241 102589.709 35006.537 57239.83245614411 4663
270 44.7 59979.04579865776 23582.748041658615 102589.709 35006.537 57527.1411351618 5068
280 44.7 58918.51905369125 23609.175041448656 102589.709 35006.537 57725.872120580236 5515
290 47.1 57791.82717197453 23243.355955716997 102589.709 35006.537 57815.29063435088 5962
300 44.7 60366.14031767341 23611.048252672586 102589.709 35006.294 57813.57272812062 6433
310 52.3 56915.67009369027 23607.75947521807 102589.709 35006.294 57979.41541889534 6880
320 49.3 61662.802421906694 24134.309735915453 109461.485 35006.294 57904.26496568958 7403
330 48.2 59417.48695435683 24094.22658063256 119590.612 35006.106 58138.93555407801 7896
340 52.6 59001.53861026613 24326.821672267182 119926.905 35005.747 58212.4927007639 8378
350 51.4 59986.25236186769 24718.769690100646 129166.619 35005.747 58259.10525112308 8904
360 47.6 64729.756077731065 23935.724753734423 129166.619 35004.674 58353.366624548726 9418
370 28.9 82564.41034256057 10568.317040962362 131051.168 35004.674 58660.134502021414 9894
380 31.5 81081.47356190479 9625.726391389475 132671.356 35004.674 59338.55301502503 10183
390 25.6 83554.65412499999 9818.208179690482 132671.356 35004.674 59990.96490036196 10498
400 24.6 83884.75660162607 10546.037477688895 132955.601 35004.674 60551.90077924492 10754
410 6.9 95317.58047826088 18068.007948047223 138270.564 35004.674 61073.708282181804 11000
420 2.2 125940.18631818183 12157.550446758585 139090.21 35004.674 61287.17175508174 11069
430 4.6 123734.22660869562 12412.334294729317 142328.114 35004.674 61415.41684753402 11091
440 3.3 137262.386969697 5826.145593937341 148102.703 35004.674 61672.81697764208 11137
450 4.4 136243.06143181803 10445.849678006281 168023.909 35004.674 61896.13441808413 11170
