0 78 78
10 195 195
20 279 279
30 401 401
40 513 514
50 604 604
60 747 747
70 853 854
80 949 949
90 1055 1056
100 1186 1189
110 1292 1292
120 1403 1403
130 1512 1512
140 1618 1619
150 1727 1733
160 1828 1833
170 1957 1959
180 2059 2065
190 2152 2154
200 2200 2205
210 2315 2315
220 2403 2406
230 2526 2526
240 2655 2655
250 2766 2766
260 2827 2829
270 2923 2925
280 3015 3023
290 3055 3066
300 3220 3226
310 3229 3232
320 3301 3313
330 2892 3316
340 2366 3316
350 1852 3316
360 1376 3316
370 1087 3316
380 772 3316
390 516 3316
400 270 3316
410 201 3316
420 179 3316
430 133 3316
440 100 3316
450 56 3316
