0 0.7 4.742857142857143 8.59934946756475 25.806 1.09 0 0
10 0.8 1.2161250000000001 0.11012088528067679 25.806 0.99 4.742857142857143 7
20 2.4 1.2315 0.6718263044368934 25.806 0.805 2.8619333333333334 15
30 1.5 1.1213333333333333 0.09679508711132448 25.806 0.805 1.8585897435897436 39
40 2 1.10285 0.09368579134532626 25.806 0.805 1.6537962962962964 54
50 3.4 1.3297941176470582 1.2904313182127212 25.806 0.805 1.504891891891892 74
60 4.6 1.7772173913043476 3.2226709953151245 25.806 0.805 1.4497685185185185 108
70 4.1 1.1554146341463414 0.2800933621012087 25.806 0.805 1.547577922077922 154
80 2.5 1.1002399999999999 0.10153394703250729 25.806 0.805 1.465123076923077 195
90 5.2 1.052788461538462 0.14105254565620107 25.806 0.805 1.423659090909091 220
100 5.9 1.024050847457627 0.1612756797293478 25.806 0.805 1.3527573529411765 272
110 5.5 1.042309090909091 0.10723650544088781 25.806 0.805 1.2941661631419938 331
120 6.9 1.6115507246376815 2.8071275200983785 25.806 0.805 1.258279792746114 386
130 6.4 1.1710625000000003 0.5030273624205247 25.806 0.805 1.3118527472527473 455
140 8.3 1.055927710843374 0.17073800002868708 25.806 0.805 1.2944913294797689 519
150 8.7 1.0230919540229886 0.1391571205082076 25.806 0.805 1.2615996677740864 602
160 2.6 1.0470769230769224 0.2038953206308274 25.806 0.805 1.2314833091436865 689
170 0 0 0 25.806 0.805 1.2247776223776223 715
180 0 0 0 25.806 0.805 1.2247776223776223 715
190 0 0 0 25.806 0.805 1.2247776223776223 715
200 0 0 0 25.806 0.805 1.2247776223776223 715
210 0 0 0 25.806 0.805 1.2247776223776223 715
213 0 0 0 25.806 0.805 1.2247776223776223 715
