0 0.1 3516.24609375 0 3516.24609375 3516.24609375 0 0
10 0.1 3517.59765625 0.0 3517.59765625 3516.24609375 3516.24609375 1
20 0.1 3517.265625 0.0 3517.59765625 3516.24609375 3516.921875 2
30 0.1 3517.03125 0.0 3517.59765625 3516.24609375 3517.0364583333335 3
40 0.1 3515.22265625 0.0 3517.59765625 3515.22265625 3517.03515625 4
50 0.1 3514.140625 0.0 3517.59765625 3514.140625 3516.67265625 5
60 0.1 3510.51953125 0.0 3517.59765625 3510.51953125 3516.2506510416665 6
70 0.1 3508.3515625 0.0 3517.59765625 3508.3515625 3515.4319196428573 7
80 0.1 3507.84375 0.0 3517.59765625 3507.84375 3514.546875 8
90 0.1 3507.51953125 0.0 3517.59765625 3507.51953125 3513.8020833333335 9
100 0.1 3504.8828125 0.0 3517.59765625 3504.8828125 3513.173828125 10
110 0.1 3499.6640625 0.0 3517.59765625 3499.6640625 3512.420099431818 11
120 0.1 3498.89453125 0.0 3517.59765625 3498.89453125 3511.3570963541665 12
130 0.1 3498.33203125 0.0 3517.59765625 3498.33203125 3510.3984375 13
140 0.1 3497.6171875 0.0 3517.59765625 3497.6171875 3509.536551339286 14
150 0.1 3492.31640625 0.0 3517.59765625 3492.31640625 3508.7419270833334 15
160 0.1 3488.66796875 0.0 3517.59765625 3488.66796875 3507.71533203125 16
170 0.1 3487.35546875 0.0 3517.59765625 3487.35546875 3506.594898897059 17
180 0.1 3480.81640625 0.0 3517.59765625 3480.81640625 3505.5260416666665 18
190 0.1 3479.85546875 0.0 3517.59765625 3479.85546875 3504.2255345394738 19
200 0.1 3472.8828125 0.0 3517.59765625 3472.8828125 3503.00703125 20
210 0.1 3472.046875 0.0 3517.59765625 3472.046875 3501.5725446428573 21
213 0.1 3472.19140625 0.0 3517.59765625 3472.046875 3500.23046875 22
