10 0.1 68 0 68 68 0 0
20 0.1 49.0 0.0 68 49 68.0 1
30 0.1 186.0 0.0 186 49 58.5 2
40 0.1 182.0 0.0 186 49 101.0 3
50 0.1 281.0 0.0 281 49 121.25 4
60 0.1 530.0 0.0 530 49 153.2 5
70 0.1 726.0 0.0 726 49 216.0 6
80 0.1 606.0 0.0 726 49 288.85714285714283 7
90 0.1 809.0 0.0 809 49 328.5 8
100 0.1 1213.0 0.0 1213 49 381.8888888888889 9
110 0.1 1328.0 0.0 1328 49 465.0 10
120 0.1 1478.0 0.0 1478 49 543.4545454545455 11
130 0.1 1416.0 0.0 1478 49 621.3333333333334 12
140 0.1 1717.0 0.0 1717 49 682.4615384615385 13
150 0.1 1770.0 0.0 1770 49 756.3571428571429 14
160 0.1 2004.0 0.0 2004 49 823.9333333333333 15
170 0.1 1634.0 0.0 2004 49 897.6875 16
180 0.1 1617.0 0.0 2004 49 941.0 17
190 0.1 1553.0 0.0 2004 49 978.5555555555555 18
200 0.1 1321.0 0.0 2004 49 1008.7894736842105 19
210 0.1 1386.0 0.0 2004 49 1024.4 20
213 0.1 1208.0 0.0 2004 49 1041.6190476190477 21
