30 0.2 35863.9745 55.17849999999635 35919.153 35808.796 0 0
40 0.5 35830.11780000001 42.23217421539752 35919.153 35785.482 35863.9745 2
50 0.8 41585.884375 7373.403631515332 51334.125 35785.482 35839.791142857146 7
60 1.6 38693.591624999994 5890.226229367372 51334.125 35772.035 38904.3742 15
70 1.6 47161.12875000001 6554.241010949918 51334.125 35751.344 38795.58319354839 31
80 2.3 41137.82713043477 7183.813844512982 51334.125 35725.587 41643.4284893617 47
90 2.9 41607.74086206897 7289.102441295203 51334.125 35725.587 41477.30232857142 70
100 3 42562.493133333344 7454.061772643117 51588.186 35725.587 41515.51159595959 99
110 5.1 45287.5783333333 7360.664468112543 52341.55 35725.587 41758.995674418606 129
120 3.4 43560.309735294104 7538.899281004543 52341.55 35725.587 42758.7607611111 180
130 4.6 41122.20056521738 7046.699547699867 52341.55 35725.587 42886.1096635514 214
140 4.4 44253.386045454536 7704.312547204831 52673.025 35725.587 42574.033438461534 260
150 5 44563.17566000001 7651.653682328514 53420.765 35725.587 42817.09763157894 304
160 5.3 46220.59467924529 7527.874369021522 56593.119 35725.587 43063.718822033894 354
170 5.5 48040.22254545454 7513.477489135387 58437.547 35725.587 43474.81076412776 407
180 4.8 50656.45985416667 7265.445481027547 60955.317 35725.587 44018.31216666666 462
190 4.6 51980.5775 7429.601711680852 65668.682 35725.587 44643.07900784313 510
200 6.2 57852.60983870968 7340.456656004901 70680.165 35725.587 45250.13823561151 556
210 7.9 61237.53156962027 4961.523679375917 70680.165 35725.587 46514.46386569578 618
213 1.8 61134.95300000001 2649.862874123846 70680.165 35725.587 48183.219028694395 697
