0 5.52734375 5.52734375
10 5.73359375 11.2609375
20 21.7203125 32.98125
30 25.3125 58.29375
40 45.93046875 104.22421875
50 74.3203125 178.54453125
60 125.63359375 304.178125
70 111.2109375 415.3890625
80 142.55703125 557.94609375
90 185.36875 743.31484375
100 229.84765625 973.1625
110 273.13515625 1246.29765625
120 248.07890625 1494.3765625
130 285.0671875 1779.44375
140 299.7078125 2079.1515625
150 355.66875 2434.8203125
160 317.675 2752.4953125
170 295.496875 3047.9921875
180 316.29296875 3364.28515625
190 292.34140625 3656.6265625
200 231.3421875 3887.96875
210 202.01875 4089.9875
213 23.99609375 4113.98359375
