0 0.1 3516.00390625 0 3516.00390625 3516.00390625 0 0
10 0.1 3517.078125 0.0 3517.078125 3516.00390625 3516.00390625 1
20 0.1 3517.10546875 0.0 3517.10546875 3516.00390625 3516.541015625 2
30 0.1 3516.875 0.0 3517.10546875 3516.00390625 3516.7291666666665 3
40 0.1 3515.06640625 0.0 3517.10546875 3515.06640625 3516.765625 4
50 0.1 3513.7578125 0.0 3517.10546875 3513.7578125 3516.42578125 5
60 0.1 3510.73828125 0.0 3517.10546875 3510.73828125 3515.9811197916665 6
70 0.1 3509.015625 0.0 3517.10546875 3509.015625 3515.2321428571427 7
80 0.1 3508.9296875 0.0 3517.10546875 3508.9296875 3514.455078125 8
90 0.1 3507.48046875 0.0 3517.10546875 3507.48046875 3513.8411458333335 9
100 0.1 3505.40625 0.0 3517.10546875 3505.40625 3513.205078125 10
110 0.1 3504.3828125 0.0 3517.10546875 3504.3828125 3512.49609375 11
120 0.1 3503.9375 0.0 3517.10546875 3503.9375 3511.8199869791665 12
130 0.1 3499.5390625 0.0 3517.10546875 3499.5390625 3511.213641826923 13
140 0.1 3499.234375 0.0 3517.10546875 3499.234375 3510.3797433035716 14
150 0.1 3498.0 0.0 3517.10546875 3498.0 3509.63671875 15
160 0.1 3497.43359375 0.0 3517.10546875 3497.43359375 3508.909423828125 16
170 0.1 3496.4453125 0.0 3517.10546875 3496.4453125 3508.234375 17
180 0.1 3487.93359375 0.0 3517.10546875 3487.93359375 3507.5794270833335 18
190 0.1 3485.9921875 0.0 3517.10546875 3485.9921875 3506.5454358552633 19
200 0.1 3476.82421875 0.0 3517.10546875 3476.82421875 3505.5177734375 20
210 0.1 3468.6015625 0.0 3517.10546875 3468.6015625 3504.151413690476 21
220 0.1 3468.00390625 0.0 3517.10546875 3468.00390625 3502.5355113636365 22
230 0.1 3468.10546875 0.0 3517.10546875 3468.00390625 3501.034137228261 23
240 0.1 3468.171875 0.0 3517.10546875 3468.00390625 3499.662109375 24
247 0.1 3468.546875 0.0 3517.10546875 3468.00390625 3498.4025 25
