0 0.1 0.0 0 0.0 0.0 0 0
10 0.1 0.0 0.0 0.0 0.0 0.0 1
20 0.1 0.0 0.0 0.0 0.0 0.0 2
30 0.1 0.0 0.0 0.0 0.0 0.0 3
40 0.1 0.0 0.0 0.0 0.0 0.0 4
50 0.1 0.078125 0.0 0.078125 0.0 0.0 5
60 0.1 0.0703125 0.0 0.078125 0.0 0.013020833333333334 6
70 0.1 0.05859375 0.0 0.078125 0.0 0.021205357142857144 7
80 0.1 0.05078125 0.0 0.078125 0.0 0.02587890625 8
90 0.1 0.0390625 0.0 0.078125 0.0 0.028645833333333332 9
100 0.1 0.03125 0.0 0.078125 0.0 0.0296875 10
110 0.1 0.03125 0.0 0.078125 0.0 0.029829545454545456 11
120 0.1 0.01953125 0.0 0.078125 0.0 0.029947916666666668 12
130 0.1 0.01953125 0.0 0.078125 0.0 0.029146634615384616 13
140 0.1 0.01953125 0.0 0.078125 0.0 0.028459821428571428 14
150 0.1 0.01171875 0.0 0.078125 0.0 0.027864583333333335 15
160 0.1 0.08984375 0.0 0.08984375 0.0 0.02685546875 16
170 0.1 0.078125 0.0 0.08984375 0.0 0.03056066176470588 17
180 0.1 0.05859375 0.0 0.08984375 0.0 0.033203125 18
190 0.1 0.05078125 0.0 0.08984375 0.0 0.03453947368421053 19
200 0.1 0.0390625 0.0 0.08984375 0.0 0.0353515625 20
210 0.1 0.0390625 0.0 0.08984375 0.0 0.03552827380952381 21
220 0.1 0.03125 0.0 0.08984375 0.0 0.035688920454545456 22
230 0.1 0.03125 0.0 0.08984375 0.0 0.03549592391304348 23
240 0.1 0.01953125 0.0 0.08984375 0.0 0.035319010416666664 24
247 0.1 0.01953125 0.0 0.08984375 0.0 0.0346875 25
