0 0.9 152.03022222222225 95.54487237800045 301.527 17.122 0 0
10 0.8 92.54412500000001 50.0714241769632 301.527 17.122 152.03022222222225 9
20 1.4 47.622428571428564 40.50757060937461 301.527 10.796 124.03676470588235 17
30 2.4 88.00579166666665 144.4721425139864 748.214 10.796 89.52706451612903 31
40 3.9 118.17266666666666 219.72899939760683 788.547 10.796 88.86323636363635 55
50 5.5 159.69530909090906 284.6825978869592 870.877 10.796 101.02353191489361 94
60 6.9 205.87340579710153 316.07280784193017 925.293 10.796 122.68089932885904 149
70 7.3 188.85236986301373 289.2116042541761 925.293 10.796 149.01247247706425 218
80 10.7 229.3599626168225 326.72000724896685 925.293 10.796 159.00667353951894 291
90 12.7 214.2781102362205 318.15743801871656 925.293 10.796 177.92074874371863 398
100 11.5 265.6906869565217 340.34078142121956 1162.883 10.796 186.71576761904765 525
110 13.5 209.67119999999989 310.9042191287953 1162.883 10.796 200.90657343750001 640
120 17 240.8887117647058 331.68344686655036 1162.883 10.796 202.43331483870966 775
130 17.1 271.5217017543863 349.9865608712235 1213.129 10.796 209.3512169312169 945
140 19.5 251.50878461538477 340.0788379056633 1213.129 10.796 218.8773396057348 1116
150 21.8 229.04575229357812 320.5864305038289 1213.129 10.796 223.73098703279945 1311
160 25.3 212.5929644268773 320.14842310394005 1213.129 10.796 224.4887495094834 1529
170 30.6 200.14131699346396 307.2024750405611 1213.129 9.634 222.7998417508418 1782
180 34.3 276.4917288629731 389.8062760719232 1558.875 9.634 219.47919588122608 2088
190 40.9 231.36685574572087 345.11982187816136 1618.788 9.183 227.52333360756882 2431
200 29.7 520.0020134680136 577.7030299874727 2577.586 9.183 228.07685492957737 2840
210 30.1 729.8432093023257 752.0650427940681 2860.128 9.183 255.7152904048453 3137
220 34.9 749.391873925502 794.1908746815172 3621.504 9.183 297.2256172193135 3438
230 27.3 1237.0252527472535 1213.5199235820648 5132.44 9.183 338.8960749933985 3787
240 11.2 736.0548392857141 376.30991844409687 5132.44 9.183 399.2875197044335 4060
247 2.5 761.5499199999999 36.4640054803857 5132.44 9.183 408.3282531160115 4172
