0 1.9 71.97789473684207 32.05316838907494 133.615 17.122 0 0
10 1.6 46.24025 32.891654134255695 133.615 16.403 71.97789473684207 19
20 2.2 30.280090909090905 22.548946356979016 133.615 10.796 60.21211428571427 35
30 4.8 43.97241666666667 67.12222854143072 358.084 10.796 48.659403508771916 57
40 8.1 56.86996296296296 96.9197712230941 369.962 10.796 46.51678095238094 105
50 12.6 79.68569841269837 128.2580548654832 420.049 8.556 51.025424731182795 186
60 15.6 83.21567307692311 129.32034100998186 443.082 8.556 62.599766025641 312
70 17.7 79.92658757062156 129.69701475577114 637.49 7.799 69.47173504273503 468
80 27.4 92.28642335766422 139.72608302183127 637.49 7.799 72.34074108527133 645
90 29.9 87.25640133779261 133.9573815776617 637.49 7.743 78.28754951033733 919
100 31.6 99.05654113924051 140.0721280610532 637.49 7.743 80.48926272577997 1218
110 32.2 85.40094720496894 131.20787931254728 637.49 7.743 84.3140736636245 1534
120 44 97.66243636363635 140.10703452194085 637.49 7.188 84.50263685344827 1856
130 44.3 101.09825733634317 143.00260414208938 637.49 7.188 87.02454965156794 2296
140 50.1 97.79780439121758 143.08793392195426 679.997 7.188 89.3008010222709 2739
150 55 91.46515636363648 136.25594056984056 687.189 7.188 90.61468950617285 3240
160 61.7 87.87233549432744 136.01111696935104 701.93 6.95 90.73810817941956 3790
170 71.5 86.12609790209778 133.54493122521902 701.93 6.95 90.33688699795782 4407
180 85.3 110.796263774912 170.04392515846087 1026.041 6.95 89.74908648965248 5122
190 98.2 100.18818228105906 148.445506894309 1026.041 6.95 92.75381322175733 5975
200 84 193.2055214285713 246.0385858832475 1442.663 6.95 93.80319519908006 6957
210 86.2 247.76851972157783 310.90139126292036 1539.903 6.95 104.51217994100294 7797
220 102.7 264.28222590068157 333.7833669666603 1783.683 6.95 118.77329148862457 8659
230 89.1 365.5659797979799 486.9048547782816 3119.34 6.95 134.20150495560603 9686
240 49.5 160.58971515151543 178.21327585055928 3119.34 6.95 153.6915065708613 10577
247 11.1 154.3442522522522 163.22136610283877 3119.34 6.95 153.99990733381503 11072
