0 8.88671875 8.88671875
10 7.209375 16.09609375
20 8.1078125 24.20390625
30 24.9 49.10390625
40 46.6953125 95.79921875
50 80.6140625 176.41328125
60 94.9453125 271.35859375
70 116.43046875 387.7890625
80 187.00703125 574.79609375
90 197.76171875 772.5578125
100 217.0375 989.5953125
110 215.559375 1205.1546875
120 312.50546875 1517.66015625
130 303.73828125 1821.3984375
140 344.0875 2165.4859375
150 367.85078125 2533.33671875
160 408.225 2941.56171875
170 456.95 3398.51171875
180 566.928125 3965.43984375
190 648.98515625 4614.425
200 663.83984375 5278.26484375
210 686.97421875 5965.2390625
220 826.89140625 6792.13046875
230 700.87421875 7493.0046875
240 394.12890625 7887.13359375
247 83.60234375 7970.7359375
