0 8.8 88
10 9.4 182
20 10.2 284
30 15.6 440
40 14.7 587
50 16.3 750
60 14.4 894
70 19.4 1088
80 20.8 1296
90 23 1526
100 24.3 1769
110 25.5 2024
120 24.6 2270
130 21.2 2482
140 21.9 2701
150 23.2 2933
160 22.7 3160
170 23.4 3394
180 24.9 3643
190 22.8 3871
200 26.8 4139
210 24.5 4384
220 25.3 4637
230 27.2 4909
240 24 5149
250 25.3 5402
260 25 5652
270 24.9 5901
280 24.1 6142
290 25.2 6394
300 26.4 6658
310 24 6898
320 25.1 7149
330 18.5 7334
340 14.6 7480
350 17.1 7651
360 18.2 7833
370 28.9 8122
380 37.1 8493
390 28.7 8780
400 33.1 9111
410 12.4 9235
