0 8.8 0.9587500000000001 0.7928731018781116 8.013 0.709 0 0
10 9.4 1.4911170212765963 1.7916785061178648 11.99 0.709 0.9587500000000001 88
20 10.4 1.1788750000000001 0.7181530890938226 11.99 0.709 1.2337087912087914 182
30 15.4 1.4950000000000006 1.8448573449935426 12.472 0.708 1.213769230769231 286
40 14.7 1.7069591836734697 1.9940609638588604 12.472 0.7 1.3122000000000005 440
50 16.3 2.4460736196319015 3.1730909947301886 18.418 0.7 1.4110579216354346 587
60 14.8 9.121689189189192 29.923016904385715 200.889 0.697 1.6360013333333336 750
70 26.7 4.037692883895128 5.002181020500905 200.889 0.697 2.869722717149221 898
80 23.8 3.1601848739495817 3.075163732653654 200.889 0.697 3.1374034334763947 1165
90 31 26.345977419354828 86.25449467523495 535.02 0.697 3.141267997148967 1403
100 40.5 2.8161506172839506 2.788651288600494 535.02 0.694 7.340602451838878 1713
110 42.7 3.0665620608899307 3.1524907869554997 535.02 0.607 6.475445231350329 2118
120 47 4.546453191489362 12.112084263288482 535.02 0.607 5.903502946954812 2545
130 48.5 3.576511340206186 3.5499331590012444 535.02 0.607 5.691956218905471 3015
140 51 8.134023529411756 32.61401862647523 535.02 0.607 5.398815999999999 3500
150 57.7 4.362587521663776 9.217188385634424 535.02 0.607 5.74668528678304 4010
160 59 3.253074576271185 3.1049309456877157 535.02 0.607 5.572579245694351 4587
170 62.7 8.19178309409888 27.387863984974995 535.02 0.607 5.308235464554759 5177
180 71.5 21.640173426573416 60.269092904310256 535.02 0.604 5.619742074431424 5804
190 69 3.183301449275358 3.189520500352963 535.02 0.604 7.376853351741062 6519
200 69.6 3.1292068965517252 3.151494319021691 535.02 0.602 6.975473019836312 7209
210 87.2 3.224630733944955 3.2043141498582854 535.02 0.591 6.636826438962679 7905
220 78.7 3.203852604828465 3.042392671500706 535.02 0.591 6.297822832402868 8777
230 92.7 8.330125134843573 26.573847239299237 535.02 0.484 6.043226997072352 9564
240 100.8 8.247522817460311 33.897073076890216 535.02 0.484 6.245300638642643 10491
250 106.5 3.2166272300469485 3.217050509148629 535.02 0.484 6.420815027393683 11499
260 108.7 3.279181232750691 3.303113838721297 535.02 0.484 6.149208850684492 12564
270 114.4 7.143408216783223 26.246934726963953 535.02 0.484 5.920674675847921 13651
280 118.6 3.2498001686340596 3.231330560350165 535.02 0.484 6.015220615072658 14795
290 118.8 3.2926902356902383 3.3298402487953176 535.02 0.484 5.809990113259493 15981
300 129.1 10.270247095275003 40.38575729023338 535.02 0.484 5.63580686120333 17169
310 128.3 9.471469212782544 36.96674202311075 535.02 0.484 5.959916413867822 18460
320 135.9 7.86955334805005 28.85783312569968 535.02 0.484 6.188114876158638 19743
330 82.9 9.150926417370323 33.72393748091317 535.02 0.484 6.2964019998104455 21102
340 52 3.3146519230769202 3.2083791558493533 535.02 0.484 6.404304090100771 21931
350 49 3.2970000000000006 3.174693138955418 535.02 0.484 6.332742951316201 22451
360 25.2 3.512710317460315 3.5821712389459623 535.02 0.484 6.267902096682795 22941
370 31.5 3.447774603174604 3.11145305053832 535.02 0.484 6.237965981114993 23193
380 30 1.7968499999999994 2.1309764837197678 535.02 0.484 6.200578271226817 23508
390 32.2 2.2030621118012435 5.739314781194082 535.02 0.484 6.1450877436155915 23808
400 12 1.20955 1.1029574398709436 535.02 0.484 6.092483837546623 24130
410 0 0 0 535.02 0.484 6.068320865979382 24250
