0 0.1 3521.4296875 0 3521.4296875 3521.4296875 0 0
10 0.1 3521.1015625 0.0 3521.4296875 3521.1015625 3521.4296875 1
20 0.1 3518.4140625 0.0 3521.4296875 3518.4140625 3521.265625 2
30 0.1 3514.91796875 0.0 3521.4296875 3514.91796875 3520.3151041666665 3
40 0.1 3504.5625 0.0 3521.4296875 3504.5625 3518.9658203125 4
50 0.1 3496.03125 0.0 3521.4296875 3496.03125 3516.08515625 5
60 0.1 3490.91015625 0.0 3521.4296875 3490.91015625 3512.7428385416665 6
70 0.1 3479.671875 0.0 3521.4296875 3479.671875 3509.6238839285716 7
80 0.1 3464.4453125 0.0 3521.4296875 3464.4453125 3505.8798828125 8
90 0.1 3456.51953125 0.0 3521.4296875 3456.51953125 3501.2760416666665 9
100 0.1 3456.609375 0.0 3521.4296875 3456.51953125 3496.800390625 10
110 0.1 3443.35546875 0.0 3521.4296875 3443.35546875 3493.146661931818 11
120 0.1 3441.12109375 0.0 3521.4296875 3441.12109375 3488.9973958333335 12
130 0.1 3440.41796875 0.0 3521.4296875 3440.41796875 3485.3146033653848 13
140 0.1 3439.84375 0.0 3521.4296875 3439.84375 3482.1077008928573 14
150 0.1 3438.55859375 0.0 3521.4296875 3438.55859375 3479.290104166667 15
160 0.1 3437.8984375 0.0 3521.4296875 3437.8984375 3476.744384765625 16
170 0.1 3423.54296875 0.0 3521.4296875 3423.54296875 3474.4593290441176 17
180 0.1 3422.3984375 0.0 3521.4296875 3422.3984375 3471.6306423611113 18
190 0.1 3420.765625 0.0 3521.4296875 3420.765625 3469.0394736842104 19
200 0.1 3421.05859375 0.0 3521.4296875 3420.765625 3466.62578125 20
210 0.1 3420.80078125 0.0 3521.4296875 3420.765625 3464.4559151785716 21
220 0.1 3419.84765625 0.0 3521.4296875 3419.84765625 3462.471590909091 22
230 0.1 3418.85546875 0.0 3521.4296875 3418.85546875 3460.6183763586955 23
240 0.1 3418.421875 0.0 3521.4296875 3418.421875 3458.8782552083335 24
250 0.1 3418.015625 0.0 3521.4296875 3418.015625 3457.26 25
260 0.1 3402.94921875 0.0 3521.4296875 3402.94921875 3455.7506009615386 26
270 0.1 3402.52734375 0.0 3521.4296875 3402.52734375 3453.794994212963 27
280 0.1 3401.0390625 0.0 3521.4296875 3401.0390625 3451.9640066964284 28
290 0.1 3400.5 0.0 3521.4296875 3400.5 3450.207974137931 29
300 0.1 3400.23046875 0.0 3521.4296875 3400.23046875 3448.5510416666666 30
310 0.1 3399.6875 0.0 3521.4296875 3399.6875 3446.9923135080644 31
320 0.1 3398.8515625 0.0 3521.4296875 3398.8515625 3445.5140380859375 32
330 0.1 3384.55078125 0.0 3521.4296875 3384.55078125 3444.1000236742425 33
340 0.1 3383.56640625 0.0 3521.4296875 3383.56640625 3442.348575367647 34
350 0.1 3383.328125 0.0 3521.4296875 3383.328125 3440.6690848214284 35
360 0.1 3382.8359375 0.0 3521.4296875 3382.8359375 3439.0762803819443 36
370 0.1 3382.8359375 0.0 3521.4296875 3382.8359375 3437.556271114865 37
380 0.1 3382.51171875 0.0 3521.4296875 3382.51171875 3436.1162623355262 38
390 0.1 3390.140625 0.0 3521.4296875 3382.51171875 3434.741786858974 39
400 0.1 3390.83203125 0.0 3521.4296875 3382.51171875 3433.6267578125 40
410 0.1 3391.57421875 0.0 3521.4296875 3382.51171875 3432.5829839939024 41
