0 0.1 0.0 0 0.0 0.0 0 0
10 0.1 0.0 0.0 0.0 0.0 0.0 1
20 0.1 0.0 0.0 0.0 0.0 0.0 2
30 0.1 0.0 0.0 0.0 0.0 0.0 3
40 0.1 0.0 0.0 0.0 0.0 0.0 4
50 0.1 0.0 0.0 0.0 0.0 0.0 5
60 0.1 0.0 0.0 0.0 0.0 0.0 6
70 0.1 0.0 0.0 0.0 0.0 0.0 7
80 0.1 0.0 0.0 0.0 0.0 0.0 8
90 0.1 0.0 0.0 0.0 0.0 0.0 9
100 0.1 0.0703125 0.0 0.0703125 0.0 0.0 10
110 0.1 0.05859375 0.0 0.0703125 0.0 0.006392045454545455 11
120 0.1 0.05078125 0.0 0.0703125 0.0 0.0107421875 12
130 0.1 0.0390625 0.0 0.0703125 0.0 0.013822115384615384 13
140 0.1 0.0390625 0.0 0.0703125 0.0 0.015625 14
150 0.1 0.03125 0.0 0.0703125 0.0 0.0171875 15
160 0.1 0.01953125 0.0 0.0703125 0.0 0.01806640625 16
170 0.1 0.01953125 0.0 0.0703125 0.0 0.018152573529411766 17
180 0.1 0.16015625 0.0 0.16015625 0.0 0.018229166666666668 18
190 0.1 0.2890625 0.0 0.2890625 0.0 0.025699013157894735 19
200 0.1 0.23828125 0.0 0.2890625 0.0 0.0388671875 20
210 0.1 0.19921875 0.0 0.2890625 0.0 0.04836309523809524 21
220 0.1 0.171875 0.0 0.2890625 0.0 0.055220170454545456 22
230 0.1 0.1484375 0.0 0.2890625 0.0 0.06029211956521739 23
240 0.1 0.12109375 0.0 0.2890625 0.0 0.06396484375 24
250 0.1 0.1015625 0.0 0.2890625 0.0 0.06625 25
260 0.1 0.08984375 0.0 0.2890625 0.0 0.06760817307692307 26
270 0.1 0.1484375 0.0 0.2890625 0.0 0.06843171296296297 27
280 0.1 0.19921875 0.0 0.2890625 0.0 0.0712890625 28
290 0.1 0.171875 0.0 0.2890625 0.0 0.07570043103448276 29
300 0.1 0.140625 0.0 0.2890625 0.0 0.07890625 30
310 0.1 0.12109375 0.0 0.2890625 0.0 0.08089717741935484 31
320 0.1 0.1015625 0.0 0.2890625 0.0 0.0821533203125 32
330 0.1 0.078125 0.0 0.2890625 0.0 0.08274147727272728 33
340 0.1 0.0703125 0.0 0.2890625 0.0 0.08260569852941177 34
350 0.1 0.05859375 0.0 0.2890625 0.0 0.08225446428571428 35
360 0.1 0.12109375 0.0 0.2890625 0.0 0.08159722222222222 36
370 0.1 0.1015625 0.0 0.2890625 0.0 0.08266469594594594 37
380 0.1 0.08984375 0.0 0.2890625 0.0 0.08316200657894737 38
390 0.1 0.0703125 0.0 0.2890625 0.0 0.08333333333333333 39
400 0.1 0.05859375 0.0 0.2890625 0.0 0.0830078125 40
410 0.1 0.05078125 0.0 0.2890625 0.0 0.08241234756097561 41
