0 8.8 43.491829545454536 34.462405729821796 193.459 9.899 0 0
10 9.3 58.024215053763456 66.79466313026015 357.083 9.899 43.491829545454536 88
20 10.1 40.04029702970296 30.15870477119549 357.083 9.899 50.95874585635359 181
30 20.7 64.99468599033814 62.391899565057166 390.83 9.899 47.048237588652476 282
40 23.4 77.20635042735047 84.84106049552544 473.771 9.899 54.64520040899795 489
50 27.1 128.08949446494464 139.82887909426717 706.746 8.385 61.94714937759337 723
60 27.1 174.7313099630997 171.35787709602369 928.94 8.385 79.97992152917506 994
70 35 1124.223531428571 780.6431190182788 3328.249 8.385 100.27844031620555 1265
80 37.7 2907.759190981435 1542.112843149138 7295.02 8.385 322.1860452012383 1615
90 45.6 2890.5388289473663 2142.5805802774894 7728.092 0.514 811.5239347389562 1992
100 57.3 2942.728619546246 2579.7189836920443 9240.045 0.483 1198.7914150326797 2448
110 58.2 2647.8037542955326 2328.729938351492 9240.045 0.464 1529.5679851042696 3021
120 65.4 2509.3252064220164 2286.4502313771313 9240.045 0.464 1710.1989086872047 3603
130 70.6 2235.9173456090653 2593.58109843579 9240.045 0.447 1832.9681355414605 4257
140 70.9 2272.9482609308902 2563.924822256238 9275.813 0.447 1890.2887364497276 4963
150 76.8 2107.8424804687493 2431.9694672765386 9275.813 0.447 1938.121177009873 5672
160 81 1946.1064506172863 2355.243681314162 9354.142 0.447 1958.3612330745339 6440
170 88.1 1898.0446753688957 2447.600786295104 9354.142 0.447 1956.9920780689654 7250
180 101.6 1613.1798789370089 2053.992656925051 9354.142 0.447 1950.6050824006884 8131
190 102 1561.8567568627484 2071.5765486890464 9354.142 0.447 1913.1256895156878 9147
200 102.5 1579.316214634146 2048.694066328621 15559.096 0.447 1877.884781548146 10167
210 114.5 1442.2082733624457 2046.9042058830837 15559.096 0.447 1850.5408947462474 11192
220 104.6 1453.3533938814533 1970.1390470194387 15559.096 0.447 1812.6434438680394 12337
230 114.2 1401.2265621716276 1937.904395011827 15559.096 0.447 1784.5617437794217 13383
240 121.4 1326.7588393739695 2026.9558090374414 15559.096 0.447 1754.422757383821 14525
250 129 1256.262037209303 2005.2961995314727 15559.096 0.447 1721.4356555054321 15739
260 132.3 1251.960269841273 1896.0308294863796 15559.096 0.435 1686.1972993129366 17029
270 136.5 1188.3246227106213 1840.000437376755 15559.096 0.435 1654.8930496403661 18352
280 143.7 1105.9686764091866 1772.4125147054247 15559.096 0.435 1622.5927046203783 19717
290 142.7 1154.3447995795402 1828.464380285702 15559.096 0.435 1587.4982199584003 21154
300 153.7 1039.9734866623264 1803.5185761956282 15559.096 0.435 1560.1252103095526 22581
310 154.6 1035.7480316946965 1879.560727180955 15559.096 0.435 1526.976806658927 24118
320 164.7 1008.0178658166363 1750.0976956821394 15559.096 0.435 1497.3851730049878 25664
330 115.7 1509.9896067415755 1847.4275182800543 15559.096 0.435 1467.8736957636117 27311
340 97.6 1616.739221311475 1212.8924060555012 15559.096 0.435 1469.5853758606156 28468
350 106.1 1528.4236936852028 1290.1637063784012 15559.096 0.435 1474.4631829914415 29444
360 84.4 1881.5432535545035 1185.292935225154 15559.096 0.435 1476.3399934109161 30505
370 71.2 1501.8446264044944 760.7371617567965 15559.096 0.435 1487.2491628122107 31349
380 66.8 45.170239520958056 48.12231617541225 15559.096 0.435 1487.5732940020584 32061
390 60.8 55.44656578947369 59.11189864627967 15559.096 0.435 1458.1337987411773 32729
400 45.5 27.795250549450568 36.48499986248863 15559.096 0.435 1432.5515976542579 33337
410 12.6 1082.5621746031752 8440.677369410862 67595.012 0.435 1413.6369392163824 33792
