10 0.1 773 0 773 773 0 0
20 0.1 712.0 0.0 773 712 773.0 1
30 0.1 793.0 0.0 793 712 742.5 2
40 0.1 1435.0 0.0 1435 712 759.3333333333334 3
50 0.1 1689.0 0.0 1689 712 928.25 4
60 0.1 1693.0 0.0 1693 712 1080.4 5
70 0.1 2193.0 0.0 2193 712 1182.5 6
80 0.1 2725.0 0.0 2725 712 1326.857142857143 7
90 0.1 2841.0 0.0 2841 712 1501.625 8
100 0.1 3377.0 0.0 3377 712 1650.4444444444443 9
110 0.1 3926.0 0.0 3926 712 1823.1 10
120 0.1 3956.0 0.0 3956 712 2014.2727272727273 11
130 0.1 4447.0 0.0 4447 712 2176.0833333333335 12
140 0.1 4550.0 0.0 4550 712 2350.769230769231 13
150 0.1 4421.0 0.0 4550 712 2507.8571428571427 14
160 0.1 4829.0 0.0 4829 712 2635.4 15
170 0.1 4946.0 0.0 4946 712 2772.5 16
180 0.1 5267.0 0.0 5267 712 2900.3529411764707 17
190 0.1 5749.0 0.0 5749 712 3031.8333333333335 18
200 0.1 5644.0 0.0 5749 712 3174.842105263158 19
210 0.1 5753.0 0.0 5753 712 3298.3 20
220 0.1 6732.0 0.0 6732 712 3415.190476190476 21
230 0.1 6248.0 0.0 6732 712 3565.9545454545455 22
240 0.1 7115.0 0.0 7115 712 3682.5652173913045 23
250 0.1 7296.0 0.0 7296 712 3825.5833333333335 24
260 0.1 7655.0 0.0 7655 712 3964.4 25
270 0.1 7729.0 0.0 7729 712 4106.346153846154 26
280 0.1 8203.0 0.0 8203 712 4240.518518518519 27
290 0.1 8360.0 0.0 8360 712 4382.035714285715 28
300 0.1 8.3e3 0.0 8360 712 4519.206896551725 29
310 0.1 8936.0 0.0 8936 712 4645.233333333334 30
320 0.1 8928.0 0.0 8936 712 4783.645161290323 31
330 0.1 9489.0 0.0 9489 712 4913.15625 32
340 0.1 5157.0 0.0 9489 712 5051.818181818182 33
350 0.1 4304.0 0.0 9489 712 5054.911764705882 34
360 0.1 4245.0 0.0 9489 712 5033.457142857143 35
370 0.1 3222.0 0.0 9489 712 5011.555555555556 36
380 0.1 2859.0 0.0 9489 712 4963.189189189189 37
390 0.1 2897.0 0.0 9489 712 4907.815789473684 38
400 0.1 2889.0 0.0 9489 712 4856.25641025641 39
410 0.1 1464.0 0.0 9489 712 4807.075 40
