0 19 20.111426315789465 14.780540542509982 134.462 5.98 0 0
10 18.6 29.052548387096785 27.198247881390277 148.119 5.98 20.111426315789465 190
20 20.3 20.640852216748755 12.176766397906903 148.119 5.98 24.53442819148936 376
30 36.5 36.434295890410986 29.84086633167304 209.567 5.98 23.169322970639026 579
40 37.5 48.115863999999995 42.00309794441561 233.434 5.98 28.298258474576276 944
50 44.1 78.67122902494327 68.44864991703311 341.459 5.98 33.93252843062927 1319
60 42.5 116.45270823529415 93.34132548924397 481.526 5.98 45.14262329545454 1760
70 54.4 798.5399871323531 309.90237979728437 1332.296 5.98 59.01300594965675 2185
80 53.5 2199.129618691593 356.9236286183491 2684.982 5.98 206.43062330524006 2729
90 68.5 1999.9674233576586 1016.9589630196119 3406.469 0.415 533.0525481004909 3264
100 84.1 1960.181284185491 1341.6747371225717 3588.803 0.406 787.5060020258288 3949
110 86.9 1833.5489355581137 1203.3790139649336 3588.803 0.395 993.3974242171181 4790
120 91.8 1748.5817668845298 1258.0989056442193 3588.803 0.395 1122.4116782116976 5659
130 99.3 1614.3416435045292 1486.2576721918986 3656.294 0.395 1209.8108178500827 6577
140 102.9 1551.6646656948465 1476.9826020870491 3656.294 0.393 1262.875429458387 7570
150 111.4 1426.0278222621198 1433.3587370777952 3656.294 0.393 1297.4334157460157 8599
160 111.6 1445.832190860215 1517.9894103014312 3656.294 0.393 1312.1821204571183 9713
170 120.4 1360.4971063122925 1461.1409771860065 3656.294 0.393 1325.955643272693 10829
180 143.2 1131.8728449720666 1317.0506602592948 3656.294 0.393 1329.4117989694998 12033
190 138.4 1149.5397521676325 1374.908976897798 3656.294 0.393 1308.403571555885 13465
200 141 1163.3791588652464 1373.747499844577 15559.096 0.383 1293.5966804498617 14849
210 160.4 1010.9687418952592 1308.5739848321423 15559.096 0.383 1282.3040606433356 16259
220 141 1073.9658914893605 1294.241709492862 15559.096 0.383 1257.9396285058494 17863
230 161.6 1014.1020724009899 1248.495223089587 15559.096 0.383 1244.4802309448444 19273
240 167.2 947.1950508373192 1294.7012364363427 15559.096 0.383 1226.657879266599 20889
250 176.6 920.73008720272 1340.6402845670789 15559.096 0.383 1205.946835911528 22561
260 179 909.5487458100557 1285.243440202648 15559.096 0.383 1185.2417437004146 24327
270 192.2 843.8785894901142 1251.841482180066 15559.096 0.38 1166.3463703334987 26117
280 191.7 834.7527245696405 1267.7679673298458 15559.096 0.38 1144.2420486821923 28039
290 191.5 852.5363211488245 1262.5164817079753 15559.096 0.38 1124.4366329282943 29956
300 218.8 740.2932554844591 1225.765724392283 15559.096 0.38 1108.0992385240497 31871
310 215.2 761.3566129182159 1283.0969120486761 15559.096 0.38 1084.4708439472674 34059
320 228.8 713.7003789335656 1181.403284095843 15559.096 0.38 1065.2683412498961 36211
330 133.1 1223.1568271975982 1283.8834073407315 15559.096 0.38 1044.374616795241 38499
340 97.6 1616.739221311475 1212.8924060555012 15559.096 0.38 1050.348985915139 39830
350 106.1 1528.4236936852028 1290.1637063784012 15559.096 0.38 1063.89593660246 40806
360 84.4 1881.5432535545035 1185.292935225154 15559.096 0.38 1075.6680709866955 41867
370 71.2 1501.8446264044944 760.7371617567965 15559.096 0.38 1091.5927427126499 42711
380 66.8 45.170239520958056 48.12231617541225 15559.096 0.38 1098.3195773668328 43423
390 60.8 55.44656578947369 59.11189864627967 15559.096 0.38 1082.3638549363811 44091
400 45.5 27.795250549450568 36.48499986248863 15559.096 0.38 1068.3956294324253 44699
410 12.6 1082.5621746031752 8440.677369410862 67595.012 0.38 1057.9098879169062 45154
