10 0.1 803 0 803 803 0 0
20 0.1 738.0 0.0 803 738 803.0 1
30 0.1 815.0 0.0 815 738 770.5 2
40 0.1 1501.0 0.0 1501 738 785.3333333333334 3
50 0.1 1859.0 0.0 1859 738 964.25 4
60 0.1 1918.0 0.0 1918 738 1143.2 5
70 0.1 2240.0 0.0 2240 738 1272.3333333333333 6
80 0.1 2826.0 0.0 2826 738 1410.5714285714287 7
90 0.1 2773.0 0.0 2826 738 1587.5 8
100 0.1 3334.0 0.0 3334 738 1719.2222222222222 9
110 0.1 3985.0 0.0 3985 738 1880.7 10
120 0.1 3973.0 0.0 3985 738 2072.0 11
130 0.1 4588.0 0.0 4588 738 2230.4166666666665 12
140 0.1 4797.0 0.0 4797 738 2411.769230769231 13
150 0.1 4685.0 0.0 4797 738 2582.1428571428573 14
160 0.1 5027.0 0.0 5027 738 2722.3333333333335 15
170 0.1 5250.0 0.0 5250 738 2866.375 16
180 0.1 5640.0 0.0 5640 738 3006.5882352941176 17
190 0.1 6240.0 0.0 6240 738 3152.8888888888887 18
200 0.1 6282.0 0.0 6282 738 3315.3684210526317 19
210 0.1 6367.0 0.0 6367 738 3463.7 20
220 0.1 7455.0 0.0 7455 738 3601.9523809523807 21
230 0.1 6882.0 0.0 7455 738 3777.090909090909 22
240 0.1 7705.0 0.0 7705 738 3912.086956521739 23
250 0.1 7942.0 0.0 7942 738 4070.125 24
260 0.1 8447.0 0.0 8447 738 4225.0 25
270 0.1 8564.0 0.0 8564 738 4387.384615384615 26
280 0.1 9142.0 0.0 9142 738 4542.074074074074 27
290 0.1 9258.0 0.0 9258 738 4706.357142857143 28
300 0.1 9313.0 0.0 9313 738 4863.310344827586 29
310 0.1 9889.0 0.0 9889 738 5011.633333333333 30
320 0.1 9991.0 0.0 9991 738 5168.967741935484 31
330 0.1 10598.0 0.0 10598 738 5319.65625 32
340 0.1 6071.0 0.0 10598 738 5479.606060606061 33
350 0.1 5236.0 0.0 10598 738 5497.0 34
360 0.1 5337.0 0.0 10598 738 5489.542857142857 35
370 0.1 3962.0 0.0 10598 738 5485.305555555556 36
380 0.1 3468.0 0.0 10598 738 5444.135135135135 37
390 0.1 3583.0 0.0 10598 738 5392.131578947368 38
400 0.1 3460.0 0.0 10598 738 5345.74358974359 39
410 0.1 1990.0 0.0 10598 738 5298.6 40
