0 90.19921875 90.19921875
10 84.321875 174.52109375
20 92.70078125 267.221875
30 180.97578125 448.19765625
40 195.059375 643.25703125
50 238.1421875 881.39921875
60 248.08984375 1129.4890625
70 336.0203125 1465.509375
80 343.20234375 1808.71171875
90 355.92734375 2164.6390625
100 432.08515625 2596.72421875
110 450.52890625 3047.253125
120 466.34296875 3513.59609375
130 480.73671875 3994.3328125
140 478.42265625 4472.75546875
150 472.24296875 4944.9984375
160 455.88828125 5400.88671875
170 472.26484375 5873.1515625
180 542.23046875 6415.38203125
190 512.5875 6927.96953125
200 531.83125 7459.80078125
210 543.08984375 8002.890625
220 491.57421875 8494.46484375
230 549.6125 9044.07734375
240 550.4203125 9594.49765625
250 579.94375 10174.44140625
260 559.309375 10733.75078125
270 586.2921875 11320.04296875
280 584.8203125 11904.86328125
290 580.7703125 12485.63359375
300 633.56640625 13119.2
310 642.38515625 13761.58515625
320 661.1296875 14422.71484375
330 464.62890625 14887.34375
340 334.3234375 15221.6671875
350 353.1203125 15574.7875
360 312.31953125 15887.10703125
370 190.75625 16077.86328125
380 213.25390625 16291.1171875
390 197.7578125 16488.875
400 166.1859375 16655.0609375
410 63.26953125 16718.33046875
