0 90 90
10 188 188
20 287 287
30 435 435
40 541 541
50 641 646
60 732 733
70 883 885
80 985 985
90 1124 1124
100 1250 1252
110 1357 1357
120 1447 1448
130 1512 1514
140 1612 1612
150 1783 1785
160 1902 1904
170 2005 2005
180 2086 2095
190 2130 2140
200 2161 2172
210 2296 2297
220 2372 2374
230 2475 2479
240 2595 2595
250 2684 2687
260 2739 2739
270 2867 2870
280 2929 2932
290 2971 2992
300 3131 3143
310 3204 3205
320 3300 3300
330 2929 3330
340 2466 3330
350 1933 3330
360 1445 3330
370 1113 3330
380 741 3330
390 443 3330
400 121 3330
410 0 3330
