0 1 9.592599999999996 23.63165461494391 80.487 1.518 0 0
10 0.9 1.663444444444445 0.10758264121761489 80.487 1.47 9.592599999999996 10
20 1.3 1.8496923076923077 0.2740548470135087 80.487 1.47 5.836684210526314 19
30 2 2.0507 1.8059143141356404 80.487 1.296 4.216968749999999 32
40 2.3 1.6318260869565215 0.13785236342580198 80.487 1.205 3.3837884615384604 52
50 3.5 1.5952571428571425 0.1984409725632203 80.487 1.165 2.846519999999999 75
60 3 3.186200000000001 4.986566155849801 80.487 1.165 2.448390909090908 110
70 4.2 1.7546666666666664 0.25676612173306906 80.487 1.165 2.6064928571428565 140
80 5.5 2.3041272727272726 4.343764852393896 80.487 1.165 2.409917582417582 182
90 5.8 1.6446551724137934 1.0447288470471925 80.487 1.165 2.3853670886075946 237
100 5.8 1.4877758620689656 0.16786068146792896 80.487 1.165 2.2397355932203387 295
110 7.3 1.5596027397260275 0.2977696885006164 80.487 1.165 2.116184135977337 353
120 7.8 1.6287307692307693 1.2425700998961056 80.487 1.163 2.020807511737089 426
130 8.4 1.549357142857144 0.4322999025934575 80.487 1.163 1.9601289682539684 504
140 10.3 1.4357864077669906 0.16302133105320296 80.487 1.163 1.9014472789115648 588
150 14 1.4691142857142843 0.2529312466070652 80.487 1.163 1.8320361794500726 691
160 15.2 1.5477105263157902 0.7801827774342284 80.487 1.163 1.7708941034897712 831
170 17.9 1.4613296089385472 0.23252836137551305 80.487 1.163 1.736383519837233 983
180 19.8 1.5735808080808078 1.021249552024606 80.487 1.158 1.694012908777969 1162
190 19 1.3784736842105267 0.26721733091073674 80.487 1.158 1.6764794117647057 1360
200 25.9 1.3556988416988422 0.14293220724309902 80.487 1.158 1.6399496774193545 1550
210 27.7 1.3746209386281596 0.4248437946048893 80.487 1.142 1.5992526257600883 1809
220 30.5 1.3369344262295078 0.2705303273113065 80.487 1.125 1.5694237775647173 2086
230 29.4 1.4757210884353746 0.7206120063563591 80.487 1.125 1.53976704307821 2391
240 17.3 1.6158150289017343 1.3170086618912857 80.487 1.125 1.5327541899441344 2685
250 8.3 1.5616987951807226 0.23605613662242012 80.487 1.125 1.5377820153953816 2858
260 8.7 1.7300229885057465 0.8421532879417315 80.487 1.125 1.5384569874192455 2941
270 11.8 1.6508474576271177 0.7019599030887617 80.487 1.125 1.5439610303830913 3028
280 11.3 1.678893805309734 0.7935513139285522 80.487 1.125 1.5479701207883028 3146
290 12.5 1.7916799999999993 0.8593779387440663 80.487 1.125 1.5525096655415773 3259
300 12.8 2.1118359375 1.5856176181210893 80.487 1.125 1.5613442671394802 3384
310 7.5 1.6215066666666664 0.35670766269064397 80.487 1.125 1.5814077448747155 3512
