0 0.1 1.6401250263507867 0 1.6401250263507867 1.6401250263507867 0 0
10 0.1 0.6 0.0 1.6401250263507867 0.6 1.6401250263507867 1
20 0.1 0.3 0.0 1.6401250263507867 0.3 1.1200625131753934 2
30 0.1 0.4 0.0 1.6401250263507867 0.3 0.8467083421169289 3
40 0.1 0.8982035928143712 0.0 1.6401250263507867 0.3 0.7350312565876966 4
50 0.1 0.7014028056112225 0.0 1.6401250263507867 0.3 0.7676657238330316 5
60 0.1 1.294820717131474 0.0 1.6401250263507867 0.3 0.7566219041293968 6
70 0.1 1.1964107676969093 0.0 1.6401250263507867 0.3 0.8335074488439792 7
80 0.1 1.3972055888223553 0.0 1.6401250263507867 0.3 0.8788703637005955 8
90 0.1 5.8999999999999995 0.0 5.8999999999999995 0.3 0.9364631664919022 9
100 0.1 1.5 0.0 5.8999999999999995 0.3 1.4328168498427118 10
110 0.1 1.5 0.0 5.8999999999999995 0.3 1.4389244089479198 11
120 0.1 1.8072289156626504 0.0 5.8999999999999995 0.3 1.444014041535593 12
130 0.1 1.706827309236948 0.0 5.8999999999999995 0.3 1.4719536472376746 13
140 0.1 2.3976023976023977 0.0 5.8999999999999995 0.3 1.4887303373804799 14
150 0.1 2.0120724346076457 0.0 5.8999999999999995 0.3 1.549321808061941 15
160 0.1 2.318548387096774 0.0 5.8999999999999995 0.3 1.5782437222210477 16
170 0.1 2.80561122244489 0.0 5.8999999999999995 0.3 1.6217910554490316 17
180 0.1 4.0 0.0 5.8999999999999995 0.3 1.6875588425043568 18
190 0.1 3.903903903903904 0.0 5.8999999999999995 0.3 1.809266271846233 19
200 0.1 3.5175879396984926 0.0 5.8999999999999995 0.3 1.9139981534491164 20
210 0.1 4.824120603015075 0.0 5.8999999999999995 0.3 1.9903595718419438 21
220 0.1 5.0 0.0 5.8999999999999995 0.3 2.1191668914407225 22
230 0.1 5.015045135406218 0.0 5.8999999999999995 0.3 2.2444205048563433 23
240 0.1 5.326633165829145 0.0 5.8999999999999995 0.3 2.3598631977959212 24
250 0.1 6.2248995983935735 0.0 6.2248995983935735 0.3 2.47853399651725 25
260 0.1 3.7037037037037033 0.0 6.2248995983935735 0.3 2.622624981204801 26
270 0.1 4.69061876247505 0.0 6.2248995983935735 0.3 2.6626649338899457 27
280 0.1 3.91566265060241 0.0 6.2248995983935735 0.3 2.7350918563394138 28
290 0.1 2.9116465863453818 0.0 6.2248995983935735 0.3 2.775801194072621 29
300 0.1 3.688933200398804 0.0 6.2248995983935735 0.3 2.780329373815046 30
310 0.1 3.8883349950149553 0.0 6.2248995983935735 0.3 2.809639174672587 31
