10 0.1 89 0 89 89 0 0
20 0.1 38.0 0.0 89 38 89.0 1
30 0.1 107.0 0.0 107 38 63.5 2
40 0.1 239.0 0.0 239 38 78.0 3
50 0.1 350.0 0.0 350 38 118.25 4
60 0.1 347.0 0.0 350 38 164.6 5
70 0.1 478.0 0.0 478 38 195.0 6
80 0.1 529.0 0.0 529 38 235.42857142857142 7
90 0.1 1169.0 0.0 1169 38 272.125 8
100 0.1 987.0 0.0 1169 38 371.77777777777777 9
110 0.1 1019.0 0.0 1169 38 433.3 10
120 0.1 1355.0 0.0 1355 38 486.54545454545456 11
130 0.1 1323.0 0.0 1355 38 558.9166666666666 12
140 0.1 1645.0 0.0 1645 38 617.6923076923077 13
150 0.1 1738.0 0.0 1738 38 691.0714285714286 14
160 0.1 2168.0 0.0 2168 38 760.8666666666667 15
170 0.1 2198.0 0.0 2198 38 848.8125 16
180 0.1 2516.0 0.0 2516 38 928.1764705882352 17
190 0.1 2562.0 0.0 2562 38 1016.3888888888889 18
200 0.1 2661.0 0.0 2661 38 1097.7368421052631 19
210 0.1 3278.0 0.0 3278 38 1175.9 20
220 0.1 3297.0 0.0 3297 38 1276.0 21
230 0.1 3471.0 0.0 3471 38 1367.8636363636363 22
240 0.1 3503.0 0.0 3503 38 1459.304347826087 23
250 0.1 3039.0 0.0 3503 38 1544.4583333333333 24
260 0.1 2649.0 0.0 3503 38 1604.24 25
270 0.1 2825.0 0.0 3503 38 1644.423076923077 26
280 0.1 2628.0 0.0 3503 38 1688.148148148148 27
290 0.1 2133.0 0.0 3503 38 1721.7142857142858 28
300 0.1 2033.0 0.0 3503 38 1735.896551724138 29
310 0.1 2054.0 0.0 3503 38 1745.8 30
