0 7.4203125 7.4203125
10 5.71875 13.1390625
20 9.3265625 22.465625
30 31.8171875 54.2828125
40 61.5703125 115.853125
50 53.52421875 169.37734375
60 69.36640625 238.74375
70 96.36953125 335.11328125
80 139.328125 474.44140625
90 177.29921875 651.740625
100 165.26953125 817.01015625
110 207.134375 1024.14453125
120 237.94375 1262.08828125
130 245.86875 1507.95703125
140 282.565625 1790.52265625
150 323.50234375 2114.025
160 306.59296875 2420.61796875
170 351.47109375 2772.0890625
180 406.60078125 3178.68984375
190 381.74296875 3560.4328125
200 471.128125 4031.5609375
210 470.51875 4502.0796875
220 466.43828125 4968.51796875
230 476.13046875 5444.6484375
240 456.97265625 5901.62109375
250 458.55390625 6360.175
260 472.853125 6833.028125
270 413.271875 7246.3
280 307.82265625 7554.12265625
290 273.753125 7827.87578125
300 284.76796875 8112.64375
310 274.9875 8387.63125
