0 7.5234375 7.5234375
10 5.86328125 13.38671875
20 9.51796875 22.9046875
30 30.525 53.4296875
40 61.02734375 114.45703125
50 53.15625 167.61328125
60 67.84609375 235.459375
70 92.68828125 328.14765625
80 135.68828125 463.8359375
90 170.42265625 634.25859375
100 156.9359375 791.19453125
110 206.51875 997.71328125
120 217.18828125 1214.9015625
130 250.1578125 1465.059375
140 267.38984375 1732.44921875
150 311.3359375 2043.78515625
160 351.184375 2394.96953125
170 404.9375 2799.90703125
180 432.50234375 3232.409375
190 501.74921875 3734.15859375
200 586.04609375 4320.2046875
210 566.6390625 4886.84375
220 569.80703125 5456.65078125
230 608.803125 6065.45390625
240 538.87421875 6604.328125
250 635.8890625 7240.2171875
260 613.13984375 7853.35703125
270 502.22578125 8355.5828125
280 424.62109375 8780.20390625
290 296.95078125 9077.1546875
300 310.81328125 9387.96796875
310 304.0671875 9692.03515625
