0 0.9 2.603555555555556 3.5050136506664313 12.485 0.911 0 0
10 0.8 1.8525 1.0014764101065985 12.485 0.911 2.603555555555556 9
20 1.4 1.382642857142857 0.21814824813246908 12.485 0.911 2.2501176470588238 17
30 1.9 1.350315789473684 0.2394812491575508 12.485 0.911 1.8583548387096775 31
40 2.6 1.2577307692307693 0.2257157091585492 12.485 0.822 1.6653 50
50 3.2 1.2752812500000001 0.25041431098968264 12.485 0.811 1.5258684210526317 76
60 4.1 1.5599999999999996 1.6295273443098948 12.485 0.811 1.4516203703703705 108
70 3.5 1.406342857142857 0.8628934363228056 12.485 0.785 1.481442953020134 149
80 4.8 1.7224375 1.8039172526551992 13.197 0.785 1.4671576086956521 184
90 5.9 1.2689661016949152 0.5065369953561776 13.197 0.785 1.5199741379310345 232
100 5 1.2730399999999997 0.5174804715155924 13.197 0.785 1.4690824742268043 291
110 6 1.2698500000000004 0.37055106823036793 13.197 0.785 1.4403372434017596 341
120 6.3 1.5595238095238102 2.7469877289071465 23.03 0.718 1.4148279301745637 401
130 6.8 1.3158676470588235 0.3921922511912539 23.03 0.718 1.4344741379310344 464
140 8.3 1.3362771084337355 0.37875322777273507 23.03 0.718 1.4193139097744363 532
150 10.3 1.2285242718446594 0.3334870732901867 23.03 0.718 1.4081073170731708 615
160 12.8 1.1888984375 0.2876660618191839 23.03 0.718 1.3823454038997214 718
170 16.1 1.3242670807453418 0.9653672603219026 23.03 0.718 1.3530768321513003 846
180 16.9 1.3105443786982258 1.0499740202961236 23.03 0.718 1.3484707050645481 1007
190 19.8 1.2677626262626263 0.5946905903065587 23.03 0.718 1.3430204081632655 1176
200 2.5 1.3799200000000003 0.37579780946673974 23.03 0.718 1.332175400291121 1374
210 0 0 0 23.03 0.718 1.3330285918513227 1399
220 0 0 0 23.03 0.718 1.3330285918513227 1399
230 0 0 0 23.03 0.718 1.3330285918513227 1399
240 0 0 0 23.03 0.718 1.3330285918513227 1399
247 0 0 0 23.03 0.718 1.3330285918513227 1399
