0 0.1 0.8659803938836431 0 0.8659803938836431 0.8659803938836431 0 0
10 0.1 0.40040040040040037 0.0 0.8659803938836431 0.40040040040040037 0.8659803938836431 1
20 0.1 0.3996003996003996 0.0 0.8659803938836431 0.3996003996003996 0.6331903971420217 2
30 0.1 0.499001996007984 0.0 0.8659803938836431 0.3996003996003996 0.5553270646281477 3
40 0.1 0.5994005994005994 0.0 0.8659803938836431 0.3996003996003996 0.5412457974731067 4
50 0.1 1.2935323383084576 0.0 1.2935323383084576 0.3996003996003996 0.5528767578586053 5
60 0.1 1.3930348258706469 0.0 1.3930348258706469 0.3996003996003996 0.6763193546002474 6
70 0.1 1.294820717131474 0.0 1.3930348258706469 0.3996003996003996 0.7787072790674473 7
80 0.1 1.294820717131474 0.0 1.3930348258706469 0.3996003996003996 0.8432214588254506 8
90 0.1 1.794616151545364 0.0 1.794616151545364 0.3996003996003996 0.8933991541927866 9
100 0.1 1.7928286852589643 0.0 1.794616151545364 0.3996003996003996 0.9835208539280444 10
110 0.1 1.9900497512437811 0.0 1.9900497512437811 0.3996003996003996 1.0570942931399463 11
120 0.1 1.9900497512437811 0.0 1.9900497512437811 0.3996003996003996 1.1348405813152658 12
130 0.1 2.3880597014925375 0.0 2.3880597014925375 0.3996003996003996 1.2006259020789978 13
140 0.1 2.6785714285714284 0.0 2.6785714285714284 0.3996003996003996 1.2854426020371077 14
150 0.1 5.7312252964426875 0.0 5.7312252964426875 0.3996003996003996 1.3783178571393957 15
160 0.1 3.1746031746031744 0.0 5.7312252964426875 0.3996003996003996 1.6503745720958514 16
170 0.1 3.857566765578635 0.0 5.7312252964426875 0.3996003996003996 1.740035078125694 17
180 0.1 4.446640316205533 0.0 5.7312252964426875 0.3996003996003996 1.857675727428635 18
190 0.1 4.653465346534653 0.0 5.7312252964426875 0.3996003996003996 1.9939370215747876 19
200 0.1 5.818540433925049 0.0 5.818540433925049 0.3996003996003996 2.1269134378227808 20
210 0.1 2.80561122244489 0.0 5.818540433925049 0.3996003996003996 2.3027051995419363 21
220 0.1 2.905811623246493 0.0 5.818540433925049 0.3996003996003996 2.325564564219343 22
230 0.1 3.3932135728542914 0.0 5.818540433925049 0.3996003996003996 2.3507926972205238 23
240 0.1 2.5974025974025974 0.0 5.818540433925049 0.3996003996003996 2.394226900371931 24
247 0.1 1.9940179461615155 0.0 5.818540433925049 0.3996003996003996 2.4023539282531576 25
