10 0.1 66 0 66 66 0 0
20 0.1 56.0 0.0 66 56 66.0 1
30 0.1 84.0 0.0 84 56 61.0 2
40 0.1 157.0 0.0 157 56 68.66666666666667 3
50 0.1 310.0 0.0 310 56 90.75 4
60 0.1 407.0 0.0 407 56 134.6 5
70 0.1 455.0 0.0 455 56 180.0 6
80 0.1 505.0 0.0 505 56 219.28571428571428 7
90 0.1 892.0 0.0 892 56 255.0 8
100 0.1 833.0 0.0 892 56 325.77777777777777 9
110 0.1 897.0 0.0 897 56 376.5 10
120 0.1 984.0 0.0 984 56 423.8181818181818 11
130 0.1 1303.0 0.0 1303 56 470.5 12
140 0.1 1327.0 0.0 1327 56 534.5384615384615 13
150 0.1 1564.0 0.0 1564 56 591.1428571428571 14
160 0.1 1667.0 0.0 1667 56 656.0 15
170 0.1 1861.0 0.0 1861 56 719.1875 16
180 0.1 2116.0 0.0 2116 56 786.3529411764706 17
190 0.1 2598.0 0.0 2598 56 860.2222222222222 18
200 0.1 3038.0 0.0 3038 56 951.6842105263158 19
210 0.1 2446.0 0.0 3038 56 1056.0 20
220 0.1 2687.0 0.0 3038 56 1122.1904761904761 21
230 0.1 3031.0 0.0 3038 56 1193.3181818181818 22
240 0.1 2614.0 0.0 3038 56 1273.2173913043478 23
247 0.1 1594.0 0.0 3038 56 1329.0833333333333 24
