10 0.1 65 0 65 65 0 0
20 0.1 61.0 0.0 65 61 65.0 1
30 0.1 96.0 0.0 96 61 63.0 2
40 0.1 166.0 0.0 166 61 74.0 3
50 0.1 323.0 0.0 323 61 97.0 4
60 0.1 397.0 0.0 397 61 142.2 5
70 0.1 463.0 0.0 463 61 184.66666666666666 6
80 0.1 499.0 0.0 499 61 224.42857142857142 7
90 0.1 874.0 0.0 874 61 258.75 8
100 0.1 790.0 0.0 874 61 327.1111111111111 9
110 0.1 868.0 0.0 874 61 373.4 10
120 0.1 956.0 0.0 956 61 418.3636363636364 11
130 0.1 1219.0 0.0 1219 61 463.1666666666667 12
140 0.1 1242.0 0.0 1242 61 521.3076923076923 13
150 0.1 1585.0 0.0 1585 61 572.7857142857142 14
160 0.1 1599.0 0.0 1599 61 640.2666666666667 15
170 0.1 1823.0 0.0 1823 61 700.1875 16
180 0.1 2082.0 0.0 2082 61 766.2352941176471 17
190 0.1 2484.0 0.0 2484 61 839.3333333333334 18
200 0.1 2920.0 0.0 2920 61 925.8947368421053 19
210 0.1 2034.0 0.0 2920 61 1025.6 20
220 0.1 2189.0 0.0 2920 61 1073.6190476190477 21
230 0.1 2437.0 0.0 2920 61 1124.3181818181818 22
240 0.1 2039.0 0.0 2920 61 1181.391304347826 23
247 0.1 1211.0 0.0 2920 61 1217.125 24
