30 0.1 35887.769 0 35887.769 35887.769 0 0
40 0.4 35847.4375 44.703446872138045 35914.293 35788.848 35887.769 1
50 1.2 42224.34258333334 7478.4471892020865 51197.156 35788.848 35855.5038 5
60 1.3 40478.37623076922 6937.45609447601 51197.156 35788.848 40351.154705882356 17
70 1.4 40159.993071428566 6776.042296306572 51197.156 35731.919 40406.28403333333 30
80 2.8 41227.41385714287 7210.156055447707 51197.156 35731.919 40327.91872727272 44
90 2.9 42066.90934482758 7408.185231208376 51197.156 35716.275 40677.72238888889 72
100 3.8 41344.41160526316 7238.340674622016 51197.156 35704.905 41076.597851485145 101
110 3.1 43084.33587096775 7511.254141613863 51197.156 35704.905 41149.813122302156 139
120 5 43043.724480000004 7496.453993118098 51197.156 35704.905 41502.57903529412 170
130 5.1 43803.24599999999 7500.010346839698 51334.423 35704.905 41852.83936363636 220
140 5.6 43350.674875000004 7516.6033926800055 51334.423 35704.905 42219.89005904059 271
150 5.6 42802.733321428575 7499.124500875202 51334.423 35704.905 42413.54128134556 327
160 5.8 43113.71091379313 7512.790096627157 51334.423 35704.905 42470.44664490861 383
170 6.7 43699.16768656716 7502.607417101793 51334.423 35704.905 42555.04829478458 441
180 8.5 42343.89242352943 7427.1660213276755 51647.904 35704.905 42705.94593110236 508
190 9.1 42223.53886813184 7403.40803560039 51647.904 35704.905 42654.049559865096 593
200 12.3 42186.240804878056 7369.794219487026 52414.312 35704.905 42596.774014619885 684
210 14.2 42905.02834507043 7414.426495119629 52951.131 35704.905 42534.20203841388 807
220 16.4 43117.65236585365 7351.413091262649 53078.469 35704.905 42589.68922023183 949
230 16.3 45161.84424539881 7341.461618936982 55310.401 35704.905 42667.48432884097 1113
240 10.1 50958.62591089105 1284.364332564298 55310.401 35704.905 42986.12121473355 1276
247 2.2 50916.44481818181 143.41766243123337 55310.401 35704.905 43570.887354393606 1377
