0 28.93828125 28.93828125
10 24.0640625 53.00234375
20 30.6375 83.63984375
30 76.9640625 160.60390625
40 133.0484375 293.65234375
50 210.97734375 504.6296875
60 261.44765625 766.07734375
70 306.48125 1072.55859375
80 475.25703125 1547.815625
90 513.71640625 2061.53203125
100 521.51796875 2583.05
110 534.5921875 3117.6421875
120 766.66171875 3884.30390625
130 728.565625 4612.86953125
140 868.22734375 5481.096875
150 945.48828125 6426.58515625
160 1036.09765625 7462.6828125
170 1157.5828125 8620.265625
180 1429.7578125 10050.0234375
190 1660.32109375 11710.34453125
200 1444.0375 13154.38203125
210 1572.9171875 14727.29921875
220 1835.4203125 16562.71953125
230 1557.3921875 18120.11171875
240 818.5515625 18938.66328125
247 179.45859375 19118.121875
