0 0.1 3515.7421875 0 3515.7421875 3515.7421875 0 0
10 0.1 3516.6953125 0.0 3516.6953125 3515.7421875 3515.7421875 1
20 0.1 3516.4609375 0.0 3516.6953125 3515.7421875 3516.21875 2
30 0.1 3516.24609375 0.0 3516.6953125 3515.7421875 3516.2994791666665 3
40 0.1 3515.04296875 0.0 3516.6953125 3515.04296875 3516.2861328125 4
50 0.1 3512.75390625 0.0 3516.6953125 3512.75390625 3516.0375 5
60 0.1 3510.82421875 0.0 3516.6953125 3510.82421875 3515.490234375 6
70 0.1 3508.14453125 0.0 3516.6953125 3508.14453125 3514.823660714286 7
80 0.1 3507.15234375 0.0 3516.6953125 3507.15234375 3513.98876953125 8
90 0.1 3504.83203125 0.0 3516.6953125 3504.83203125 3513.2291666666665 9
100 0.1 3504.38671875 0.0 3516.6953125 3504.38671875 3512.389453125 10
110 0.1 3503.3515625 0.0 3516.6953125 3503.3515625 3511.661931818182 11
120 0.1 3498.296875 0.0 3516.6953125 3498.296875 3510.9694010416665 12
130 0.1 3497.0234375 0.0 3516.6953125 3497.0234375 3509.994591346154 13
140 0.1 3491.1015625 0.0 3516.6953125 3491.1015625 3509.0680803571427 14
150 0.1 3487.93359375 0.0 3516.6953125 3487.93359375 3507.8703125 15
160 0.1 3487.0 0.0 3516.6953125 3487.0 3506.624267578125 16
170 0.1 3478.90625 0.0 3516.6953125 3478.90625 3505.469898897059 17
180 0.1 3476.92578125 0.0 3516.6953125 3476.92578125 3503.994140625 18
190 0.1 3467.328125 0.0 3516.6953125 3467.328125 3502.5694901315787 19
200 0.1 3460.44921875 0.0 3516.6953125 3460.44921875 3500.807421875 20
210 0.1 3436.87890625 0.0 3516.6953125 3436.87890625 3498.8856026785716 21
220 0.1 3430.37109375 0.0 3516.6953125 3430.37109375 3496.0671164772725 22
230 0.1 3428.55859375 0.0 3516.6953125 3428.55859375 3493.2107676630435 23
240 0.1 3427.828125 0.0 3516.6953125 3427.828125 3490.5169270833335 24
250 0.1 3427.578125 0.0 3516.6953125 3427.578125 3488.009375 25
260 0.1 3413.78125 0.0 3516.6953125 3413.78125 3485.685096153846 26
270 0.1 3419.94921875 0.0 3516.6953125 3413.78125 3483.021990740741 27
280 0.1 3419.73046875 0.0 3516.6953125 3413.78125 3480.7693917410716 28
290 0.1 3419.2421875 0.0 3516.6953125 3413.78125 3478.6646012931033 29
300 0.1 3419.328125 0.0 3516.6953125 3413.78125 3476.6838541666666 30
310 0.1 3420.109375 0.0 3516.6953125 3413.78125 3474.8336693548385 31
320 0.1 3420.625 0.0 3516.6953125 3413.78125 3473.12353515625 32
330 0.1 3420.75 0.0 3516.6953125 3413.78125 3471.5326704545455 33
333 0.1 3422.328125 0.0 3516.6953125 3413.78125 3470.0390625 34
