0 1 93.89820000000002 44.72168197373619 163.252 14.346 0 0
10 1.2 33.01941666666666 30.728515644968198 163.252 13.652 93.89820000000002 10
20 1.3 27.78984615384615 19.728673290986528 163.252 13.244 60.69159090909091 22
30 2.2 76.09722727272727 142.93074430167277 546.496 13.244 48.47094285714286 35
40 3.9 109.15948717948716 189.22977042194535 628.16 11.709 59.133719298245616 57
50 4.1 91.89021951219512 168.5232769749225 628.16 11.709 79.4566875 96
60 5.5 127.56556363636368 196.36045979971382 628.16 11.706 83.17767153284672 137
70 7.1 118.57994366197183 188.3510414697228 628.16 11.313 95.89295312500002 192
80 9.3 152.7209892473118 210.9691646637853 628.16 11.313 102.01757794676807 263
90 8 132.07971249999997 218.8220795618094 756.683 11.313 115.26313202247192 356
100 10.6 147.5021886792452 233.7594821845539 762.693 9.942 118.34874311926605 436
110 12.7 170.1000629921259 245.5214717884393 800.183 9.942 124.05033948339481 542
120 13.2 202.64229545454538 282.72052712879 1077.519 9.942 132.79221524663672 669
130 17.2 173.57229651162788 269.4018380743035 1077.519 9.942 144.3030898876404 801
140 20.1 260.64724875621897 360.34448771911303 1420.469 9.942 149.47709146968137 973
150 21.4 216.50626168224318 335.0649412444077 1420.469 9.942 168.51048296422485 1174
160 22.5 595.5534355555552 652.6249100612332 2853.369 9.942 175.9104085014409 1388
170 31 504.4305387096771 725.6751917691131 3042.034 9.942 234.44709857408552 1613
180 30.2 608.4234470198667 635.5286584400825 3042.034 9.942 277.9701700468018 1923
190 33.2 1059.9793644578315 937.9040436257307 3940.51 9.942 322.82270471910095 2225
200 35.7 1778.7115126050417 1549.3371090885391 6569.34 0.599 418.5348717246772 2557
210 47 2645.0713787234085 3028.317135003686 10270.128 0.577 585.1728472889498 2914
220 57.1 2279.2637775831886 3111.38924386981 11049.118 0.559 871.2698655437357 3384
230 53.6 2216.2691641791066 3280.757912981993 11086.639 0.553 1074.5478740834392 3955
240 41.6 3123.1962956730786 3918.208846266884 12109.844 0.553 1210.81209396571 4491
250 41.4 2723.0414589371962 4362.996023800409 14279.72 0.553 1372.9380014265344 4907
260 40.9 3242.040726161369 5495.431788482034 16036.479 0.553 1477.982698177035 5321
270 34.4 3939.0694447674437 6076.869659079942 16612.361 0.553 1603.8988820244335 5730
280 21.4 5954.252813084113 6915.7239994026 17681.405 0.553 1736.1508862364183 6074
290 22.5 7037.312724444448 6574.936795698411 17681.405 0.553 1879.7058818384232 6288
300 28.8 4397.85370138889 5566.4898506581185 17681.405 0.553 2057.8820740058354 6513
310 22.1 5299.609312217198 6455.9236457355055 17681.405 0.553 2156.972182620204 6801
320 8.8 10571.139852272732 7904.166878846558 18204.25 0.553 2255.8788766733132 7022
330 12.6 15794.279412698412 2767.0301923497814 18328.71 0.553 2358.7963120956406 7110
333 0 0 0 18328.71 0.553 2592.747510364843 7236
