10 0.1 127 0 127 127 0 0
20 0.1 49.0 0.0 127 49 127.0 1
30 0.1 105.0 0.0 127 49 88.0 2
40 0.1 165.0 0.0 165 49 93.66666666666667 3
50 0.1 336.0 0.0 336 49 111.5 4
60 0.1 344.0 0.0 344 49 156.4 5
70 0.1 517.0 0.0 517 49 187.66666666666666 6
80 0.1 691.0 0.0 691 49 234.71428571428572 7
90 0.1 921.0 0.0 921 49 291.75 8
100 0.1 618.0 0.0 921 49 361.6666666666667 9
110 0.1 1045.0 0.0 1045 49 387.3 10
120 0.1 1222.0 0.0 1222 49 447.09090909090907 11
130 0.1 1332.0 0.0 1332 49 511.6666666666667 12
140 0.1 1731.0 0.0 1731 49 574.7692307692307 13
150 0.1 2132.0 0.0 2132 49 657.3571428571429 14
160 0.1 1978.0 0.0 2132 49 755.6666666666666 15
170 0.1 2684.0 0.0 2684 49 832.0625 16
180 0.1 3099.0 0.0 3099 49 941.0 17
190 0.1 3120.0 0.0 3120 49 1060.888888888889 18
200 0.1 3560.0 0.0 3560 49 1169.2631578947369 19
210 0.1 3648.0 0.0 3648 49 1288.8 20
220 0.1 4122.0 0.0 4122 49 1401.142857142857 21
230 0.1 4991.0 0.0 4991 49 1524.8181818181818 22
240 0.1 4830.0 0.0 4991 49 1675.5217391304348 23
250 0.1 3143.0 0.0 4991 49 1806.9583333333333 24
260 0.1 3196.0 0.0 4991 49 1860.4 25
270 0.1 2966.0 0.0 4991 49 1911.7692307692307 26
280 0.1 2755.0 0.0 4991 49 1950.8148148148148 27
290 0.1 2443.0 0.0 4991 49 1979.5357142857142 28
300 0.1 2595.0 0.0 4991 49 1995.5172413793102 29
310 0.1 2775.0 0.0 4991 49 2015.5 30
320 0.1 2153.0 0.0 4991 49 2040.0 31
330 0.1 1327.0 0.0 4991 49 2043.53125 32
333 0.1 1018.0 0.0 4991 49 2021.8181818181818 33
