10 0.1 118 0 118 118 0 0
20 0.1 56.0 0.0 118 56 118.0 1
30 0.1 112.0 0.0 118 56 87.0 2
40 0.1 157.0 0.0 157 56 95.33333333333333 3
50 0.1 300.0 0.0 300 56 110.75 4
60 0.1 317.0 0.0 317 56 148.6 5
70 0.1 457.0 0.0 457 56 176.66666666666666 6
80 0.1 598.0 0.0 598 56 216.71428571428572 7
90 0.1 770.0 0.0 770 56 264.375 8
100 0.1 554.0 0.0 770 56 320.55555555555554 9
110 0.1 884.0 0.0 884 56 343.9 10
120 0.1 1033.0 0.0 1033 56 393.0 11
130 0.1 1111.0 0.0 1111 56 446.3333333333333 12
140 0.1 1444.0 0.0 1444 56 497.46153846153845 13
150 0.1 1725.0 0.0 1725 56 565.0714285714286 14
160 0.1 1671.0 0.0 1725 56 642.4 15
170 0.1 2165.0 0.0 2165 56 706.6875 16
180 0.1 2575.0 0.0 2575 56 792.4705882352941 17
190 0.1 2441.0 0.0 2575 56 891.5 18
200 0.1 2825.0 0.0 2825 56 973.0526315789474 19
210 0.1 3055.0 0.0 3055 56 1065.65 20
220 0.1 3618.0 0.0 3618 56 1160.3809523809523 21
230 0.1 4388.0 0.0 4388 56 1272.090909090909 22
240 0.1 4430.0 0.0 4430 56 1407.5652173913043 23
250 0.1 2610.0 0.0 4430 56 1533.5 24
260 0.1 2840.0 0.0 4430 56 1576.56 25
270 0.1 2719.0 0.0 4430 56 1625.1538461538462 26
280 0.1 2449.0 0.0 4430 56 1665.6666666666667 27
290 0.1 1903.0 0.0 4430 56 1693.642857142857 28
300 0.1 1982.0 0.0 4430 56 1700.8620689655172 29
310 0.1 2313.0 0.0 4430 56 1710.2333333333333 30
320 0.1 1782.0 0.0 4430 56 1729.6774193548388 31
330 0.1 890.0 0.0 4430 56 1731.3125 32
333 0.1 641.0 0.0 4430 56 1705.8181818181818 33
