10 0.1 606 0 606 606 0 0
20 0.1 973.0 0.0 973 606 606.0 1
30 0.1 601.0 0.0 973 601 789.5 2
40 0.1 1350.0 0.0 1350 601 726.6666666666666 3
50 0.1 1648.0 0.0 1648 601 882.5 4
60 0.1 1322.0 0.0 1648 601 1035.6 5
70 0.1 2309.0 0.0 2309 601 1083.3333333333333 6
80 0.1 2781.0 0.0 2781 601 1258.4285714285713 7
90 0.1 2989.0 0.0 2989 601 1448.75 8
100 0.1 3377.0 0.0 3377 601 1619.888888888889 9
110 0.1 3680.0 0.0 3680 601 1795.6 10
120 0.1 3968.0 0.0 3968 601 1966.909090909091 11
130 0.1 4293.0 0.0 4293 601 2133.6666666666665 12
140 0.1 4706.0 0.0 4706 601 2299.769230769231 13
150 0.1 4772.0 0.0 4772 601 2471.6428571428573 14
160 0.1 4956.0 0.0 4956 601 2625.0 15
170 0.1 4994.0 0.0 4994 601 2770.6875 16
180 0.1 5464.0 0.0 5464 601 2901.470588235294 17
190 0.1 5928.0 0.0 5928 601 3043.8333333333335 18
200 0.1 5938.0 0.0 5938 601 3195.6315789473683 19
210 0.1 5912.0 0.0 5938 601 3332.75 20
220 0.1 6636.0 0.0 6636 601 3455.5714285714284 21
230 0.1 6483.0 0.0 6636 601 3600.1363636363635 22
240 0.1 7025.0 0.0 7025 601 3725.478260869565 23
250 0.1 7998.0 0.0 7998 601 3862.9583333333335 24
260 0.1 8024.0 0.0 8024 601 4028.36 25
270 0.1 7945.0 0.0 8024 601 4182.038461538462 26
280 0.1 8403.0 0.0 8403 601 4321.407407407408 27
290 0.1 8657.0 0.0 8657 601 4467.178571428572 28
300 0.1 8554.0 0.0 8657 601 4611.6551724137935 29
310 0.1 8461.0 0.0 8657 601 4743.066666666667 30
320 0.1 7923.0 0.0 8657 601 4863.0 31
330 0.1 8145.0 0.0 8657 601 4958.625 32
340 0.1 4033.0 0.0 8657 601 5055.181818181818 33
350 0.1 3322.0 0.0 8657 601 5025.117647058823 34
360 0.1 3331.0 0.0 8657 601 4976.457142857143 35
370 0.1 2159.0 0.0 8657 601 4930.75 36
380 0.1 1984.0 0.0 8657 601 4855.8378378378375 37
390 0.1 1759.0 0.0 8657 601 4780.263157894737 38
400 0.1 1796.0 0.0 8657 601 4702.794871794872 39
410 0.1 858.0 0.0 8657 601 4630.125 40
420 0.1 361.0 0.0 8657 361 4538.121951219512 41
430 0.1 211.0 0.0 8657 211 4438.666666666667 42
440 0.1 210.0 0.0 8657 210 4340.3488372093025 43
450 0.1 389.0 0.0 8657 210 4246.477272727273 44
