10 0.1 649 0 649 649 0 0
20 0.1 1102.0 0.0 1102 649 649.0 1
30 0.1 641.0 0.0 1102 641 875.5 2
40 0.1 1458.0 0.0 1458 641 797.3333333333334 3
50 0.1 1756.0 0.0 1756 641 962.5 4
60 0.1 1533.0 0.0 1756 641 1121.2 5
70 0.1 2351.0 0.0 2351 641 1189.8333333333333 6
80 0.1 2781.0 0.0 2781 641 1355.7142857142858 7
90 0.1 2955.0 0.0 2955 641 1533.875 8
100 0.1 3259.0 0.0 3259 641 1691.7777777777778 9
110 0.1 3666.0 0.0 3666 641 1848.5 10
120 0.1 3981.0 0.0 3981 641 2013.7272727272727 11
130 0.1 4393.0 0.0 4393 641 2177.6666666666665 12
140 0.1 4778.0 0.0 4778 641 2348.076923076923 13
150 0.1 5082.0 0.0 5082 641 2521.6428571428573 14
160 0.1 5173.0 0.0 5173 641 2692.3333333333335 15
170 0.1 5281.0 0.0 5281 641 2847.375 16
180 0.1 5721.0 0.0 5721 641 2990.529411764706 17
190 0.1 6407.0 0.0 6407 641 3142.222222222222 18
200 0.1 6452.0 0.0 6452 641 3314.0526315789475 19
210 0.1 6409.0 0.0 6452 641 3470.95 20
220 0.1 7243.0 0.0 7243 641 3610.8571428571427 21
230 0.1 7109.0 0.0 7243 641 3775.9545454545455 22
240 0.1 7559.0 0.0 7559 641 3920.8695652173915 23
250 0.1 8702.0 0.0 8702 641 4072.4583333333335 24
260 0.1 8818.0 0.0 8818 641 4257.64 25
270 0.1 8723.0 0.0 8818 641 4433.038461538462 26
280 0.1 9234.0 0.0 9234 641 4591.925925925926 27
290 0.1 9607.0 0.0 9607 641 4757.714285714285 28
300 0.1 9454.0 0.0 9607 641 4924.931034482759 29
310 0.1 9764.0 0.0 9764 641 5075.9 30
320 0.1 9516.0 0.0 9764 641 5227.129032258064 31
330 0.1 9593.0 0.0 9764 641 5361.15625 32
340 0.1 5373.0 0.0 9764 641 5489.393939393939 33
350 0.1 4787.0 0.0 9764 641 5485.970588235294 34
360 0.1 4891.0 0.0 9764 641 5466.0 35
370 0.1 3291.0 0.0 9764 641 5450.027777777777 36
380 0.1 2816.0 0.0 9764 641 5391.675675675676 37
390 0.1 2589.0 0.0 9764 641 5323.894736842105 38
400 0.1 2457.0 0.0 9764 641 5253.7692307692305 39
410 0.1 1491.0 0.0 9764 641 5183.85 40
420 0.1 515.0 0.0 9764 515 5093.780487804878 41
430 0.1 228.0 0.0 9764 228 4984.761904761905 42
440 0.1 248.0 0.0 9764 228 4874.139534883721 43
450 0.1 662.0 0.0 9764 228 4769.000000000001 44
