0 62.59921875 62.59921875
10 107.053125 169.65234375
20 71.10859375 240.7609375
30 155.3015625 396.0625
40 222.86796875 618.93046875
50 186.58828125 805.51875
60 275.9734375 1081.4921875
70 357.87421875 1439.36640625
80 377.24375 1816.61015625
90 411.7421875 2228.35234375
100 407.50078125 2635.853125
110 435.3875 3071.240625
120 452.17734375 3523.41796875
130 492.50234375 4015.9203125
140 495.459375 4511.3796875
150 517.453125 5028.8328125
160 508.74765625 5537.58046875
170 527.73125 6065.31171875
180 566.1078125 6631.41953125
190 558.48046875 7189.9
200 582.36171875 7772.26171875
210 563.2734375 8335.53515625
220 536.428125 8871.96328125
230 559.696875 9431.66015625
240 590.37734375 10022.0375
250 625.58671875 10647.62421875
260 612.4125 11260.03671875
270 611.30546875 11871.3421875
280 614.675 12486.0171875
290 622.32578125 13108.34296875
300 563.04609375 13671.3890625
310 536.46171875 14207.85078125
320 515.13203125 14722.9828125
330 374.871875 15097.8546875
340 292.24609375 15390.10078125
350 293.31796875 15683.41875
360 246.940625 15930.359375
370 175.028125 16105.3875
380 116.59609375 16221.98359375
390 84.25546875 16306.2390625
400 52.2734375 16358.5125
410 16.78203125 16375.29453125
420 8.50390625 16383.7984375
430 7.18671875 16390.98515625
440 2.80234375 16393.7875
450 5.1296875 16398.9171875
