100 17.7 177
110 19.7 374
120 22.4 598
130 34.4 942
140 41 1352
150 42.2 1774
160 50 2274
170 53.7 2811
180 73.5 3546
190 77.6 4322
200 71.4 5036
210 88.1 5917
220 87.3 6790
230 93.8 7728
240 106.3 8791
250 123.6 10027
260 122.8 11255
270 128 12535
280 140.7 13942
290 134.4 15286
300 181.9 17105
310 202.5 19130
320 202.1 21151
330 116.9 22320
340 101.1 23331
350 102.8 24359
360 76.5 25124
370 55.6 25680
380 51.7 26197
390 46.1 26658
400 25.8 26916
410 4.2 26958
420 0 26958
430 0 26958
440 0 26958
450 0 26958
