0 75 75
10 190 115
20 276 86
30 393 117
40 512 119
50 602 90
60 730 128
70 823 93
80 925 102
90 893 -32
100 848 -45
110 855 7
120 838 -17
130 848 10
140 834 -14
150 839 5
160 834 -5
170 844 10
180 845 1
190 832 -13
200 829 -3
210 858 29
220 835 -23
230 849 14
240 855 6
250 860 5
260 839 -21
270 851 12
280 833 -18
290 837 4
300 852 15
310 831 -21
320 856 25
330 835 -21
340 817 -18
350 795 -22
360 583 -212
370 613 30
380 548 -65
390 479 -69
400 260 -219
410 198 -62
420 178 -20
430 131 -47
440 96 -35
450 54 -42
