0 0 0
10 0 0
20 0 0
30 1.5 15
40 5.7 72
50 4.3 115
60 6 175
70 9.5 270
80 10.3 373
90 12 493
100 13.1 624
110 13.9 763
120 15.7 920
130 17.9 1099
140 20.3 1302
150 22 1522
160 24.3 1765
170 22.1 1986
180 28.3 2269
190 30.2 2571
200 31.4 2885
210 32.7 3212
220 35.4 3566
230 33.6 3902
240 34.6 4248
250 41.5 4663
260 40.5 5068
270 44.7 5515
280 44.7 5962
290 47.1 6433
300 44.7 6880
310 52.3 7403
320 49.3 7896
330 48.2 8378
340 52.6 8904
350 51.4 9418
360 47.6 9894
370 28.9 10183
380 31.5 10498
390 25.6 10754
400 24.6 11000
410 6.9 11069
420 2.2 11091
430 4.6 11137
440 3.3 11170
450 4.4 11214
