0 0.1 3521.4296875 0 3521.4296875 3521.4296875 0 0
10 0.1 3520.3671875 0.0 3521.4296875 3520.3671875 3521.4296875 1
20 0.1 3515.97265625 0.0 3521.4296875 3515.97265625 3520.8984375 2
30 0.1 3513.2421875 0.0 3521.4296875 3513.2421875 3519.2565104166665 3
40 0.1 3501.62890625 0.0 3521.4296875 3501.62890625 3517.7529296875 4
50 0.1 3494.765625 0.0 3521.4296875 3494.765625 3514.528125 5
60 0.1 3492.17578125 0.0 3521.4296875 3492.17578125 3511.234375 6
70 0.1 3482.703125 0.0 3521.4296875 3482.703125 3508.51171875 7
80 0.1 3473.1796875 0.0 3521.4296875 3473.1796875 3505.28564453125 8
90 0.1 3470.6328125 0.0 3521.4296875 3470.6328125 3501.718315972222 9
100 0.1 3457.47265625 0.0 3521.4296875 3457.47265625 3498.609765625 10
110 0.1 3442.69921875 0.0 3521.4296875 3442.69921875 3494.870028409091 11
120 0.1 3429.671875 0.0 3521.4296875 3429.671875 3490.5224609375 12
130 0.1 3435.8203125 0.0 3521.4296875 3429.671875 3485.8416466346152 13
140 0.1 3435.2421875 0.0 3521.4296875 3429.671875 3482.2686941964284 14
150 0.1 3433.71875 0.0 3521.4296875 3429.671875 3479.13359375 15
160 0.1 3426.84765625 0.0 3521.4296875 3426.84765625 3476.295166015625 16
170 0.1 3417.47265625 0.0 3521.4296875 3417.47265625 3473.3864889705883 17
180 0.1 3416.203125 0.0 3521.4296875 3416.203125 3470.2801649305557 18
190 0.1 3415.49609375 0.0 3521.4296875 3415.49609375 3467.4340049342104 19
200 0.1 3415.05078125 0.0 3521.4296875 3415.05078125 3464.837109375 20
210 0.1 3414.5234375 0.0 3521.4296875 3414.5234375 3462.466331845238 21
220 0.1 3413.60546875 0.0 3521.4296875 3413.60546875 3460.287109375 22
230 0.1 3413.69921875 0.0 3521.4296875 3413.60546875 3458.257472826087 23
240 0.1 3413.1484375 0.0 3521.4296875 3413.1484375 3456.40087890625 24
250 0.1 3398.92578125 0.0 3521.4296875 3398.92578125 3454.67078125 25
260 0.1 3397.8671875 0.0 3521.4296875 3397.8671875 3452.5267427884614 26
270 0.1 3396.83203125 0.0 3521.4296875 3396.83203125 3450.502314814815 27
280 0.1 3396.046875 0.0 3521.4296875 3396.046875 3448.585518973214 28
290 0.1 3395.515625 0.0 3521.4296875 3395.515625 3446.7738415948274 29
300 0.1 3395.3671875 0.0 3521.4296875 3395.3671875 3445.065234375 30
310 0.1 3394.2265625 0.0 3521.4296875 3394.2265625 3443.4620715725805 31
320 0.1 3393.7578125 0.0 3521.4296875 3393.7578125 3441.9234619140625 32
330 0.1 3393.50390625 0.0 3521.4296875 3393.50390625 3440.463896780303 33
340 0.1 3393.49609375 0.0 3521.4296875 3393.49609375 3439.082720588235 34
350 0.1 3393.2265625 0.0 3521.4296875 3393.2265625 3437.780245535714 35
360 0.1 3393.23828125 0.0 3521.4296875 3393.2265625 3436.5426432291665 36
370 0.1 3393.22265625 0.0 3521.4296875 3393.22265625 3435.3722550675675 37
380 0.1 3393.23828125 0.0 3521.4296875 3393.22265625 3434.263055098684 38
390 0.1 3393.2421875 0.0 3521.4296875 3393.22265625 3433.2111378205127 39
400 0.1 3393.34375 0.0 3521.4296875 3393.22265625 3432.2119140625 40
410 0.1 3397.77734375 0.0 3521.4296875 3393.22265625 3431.263910060976 41
420 0.1 3401.1015625 0.0 3521.4296875 3393.22265625 3430.4666108630954 42
430 0.1 3417.203125 0.0 3521.4296875 3393.22265625 3429.783702761628 43
440 0.1 3417.78125 0.0 3521.4296875 3393.22265625 3429.4977805397725 44
450 0.1 3417.5625 0.0 3521.4296875 3393.22265625 3429.2374131944443 45
