0 0.1 0.0 0 0.0 0.0 0 0
10 0.1 0.0 0.0 0.0 0.0 0.0 1
20 0.1 0.078125 0.0 0.078125 0.0 0.0 2
30 0.1 0.0703125 0.0 0.078125 0.0 0.026041666666666668 3
40 0.1 0.05859375 0.0 0.078125 0.0 0.037109375 4
50 0.1 0.05078125 0.0 0.078125 0.0 0.04140625 5
60 0.1 0.0390625 0.0 0.078125 0.0 0.04296875 6
70 0.1 0.03125 0.0 0.078125 0.0 0.04241071428571429 7
80 0.1 0.03125 0.0 0.078125 0.0 0.041015625 8
90 0.1 0.01953125 0.0 0.078125 0.0 0.03993055555555555 9
100 0.1 0.01953125 0.0 0.078125 0.0 0.037890625 10
110 0.1 0.01953125 0.0 0.078125 0.0 0.03622159090909091 11
120 0.1 0.01171875 0.0 0.078125 0.0 0.034830729166666664 12
130 0.1 0.078125 0.0 0.078125 0.0 0.033052884615384616 13
140 0.1 0.0703125 0.0 0.078125 0.0 0.03627232142857143 14
150 0.1 0.05859375 0.0 0.078125 0.0 0.03854166666666667 15
160 0.1 0.05078125 0.0 0.078125 0.0 0.039794921875 16
170 0.1 0.12109375 0.0 0.12109375 0.0 0.04044117647058824 17
180 0.1 0.1015625 0.0 0.12109375 0.0 0.044921875 18
190 0.1 0.16015625 0.0 0.16015625 0.0 0.04790296052631579 19
200 0.1 0.12890625 0.0 0.16015625 0.0 0.053515625 20
210 0.1 0.109375 0.0 0.16015625 0.0 0.05710565476190476 21
220 0.1 0.08984375 0.0 0.16015625 0.0 0.05948153409090909 22
230 0.1 0.078125 0.0 0.16015625 0.0 0.06080163043478261 23
240 0.1 0.0703125 0.0 0.16015625 0.0 0.0615234375 24
250 0.1 0.12890625 0.0 0.16015625 0.0 0.061875 25
260 0.1 0.19140625 0.0 0.19140625 0.0 0.064453125 26
270 0.1 0.30859375 0.0 0.30859375 0.0 0.06915509259259259 27
280 0.1 0.26953125 0.0 0.30859375 0.0 0.07770647321428571 28
290 0.1 0.30859375 0.0 0.30859375 0.0 0.08432112068965517 29
300 0.1 0.33984375 0.0 0.33984375 0.0 0.091796875 30
310 0.1 0.2890625 0.0 0.33984375 0.0 0.09979838709677419 31
320 0.1 0.23828125 0.0 0.33984375 0.0 0.105712890625 32
330 0.1 0.19921875 0.0 0.33984375 0.0 0.10973011363636363 33
340 0.1 0.25 0.0 0.33984375 0.0 0.11236213235294118 34
350 0.1 0.2109375 0.0 0.33984375 0.0 0.11629464285714286 35
360 0.1 0.25 0.0 0.33984375 0.0 0.1189236111111111 36
370 0.1 0.2890625 0.0 0.33984375 0.0 0.12246621621621621 37
380 0.1 0.25 0.0 0.33984375 0.0 0.12685032894736842 38
390 0.1 0.2109375 0.0 0.33984375 0.0 0.13000801282051283 39
400 0.1 0.171875 0.0 0.33984375 0.0 0.13203125 40
410 0.1 0.1484375 0.0 0.33984375 0.0 0.1330030487804878 41
420 0.1 0.12109375 0.0 0.33984375 0.0 0.13337053571428573 42
430 0.1 0.1015625 0.0 0.33984375 0.0 0.13308502906976746 43
440 0.1 0.08984375 0.0 0.33984375 0.0 0.13236860795454547 44
450 0.1 0.0703125 0.0 0.33984375 0.0 0.13142361111111114 45
