0 14.3 18.348972027972028 27.91387335697837 322.692 8.67 0 0
10 23.2 18.72606034482759 11.875774086050567 322.692 8.67 18.348972027972028 143
20 16.4 16.98045731707317 11.391262868355867 322.692 8.67 18.582264000000002 375
30 31.1 28.796848874598112 20.381696729073838 322.692 8.67 18.094886827458257 539
40 42.9 35.21764568764566 23.744353195381077 322.692 7.078 22.010545882352957 850
50 35.1 28.83246438746439 20.150706492058127 322.692 6.539 26.440448788115717 1279
60 51.9 50.34359537572254 37.34794335713498 322.692 6.539 26.955539263803683 1630
70 59 248.51070847457632 252.8093667067557 922.078 6.539 32.60393438808749 2149
80 63.7 679.0115855572981 66.93222072275863 922.078 6.539 79.11178276743338 2739
90 63.8 922.7428213166132 285.6044127461915 1616.022 6.539 192.30377754739305 3376
100 75.2 1867.8014029255307 1119.869254051988 3077.988 0.376 308.4024596412551 4014
110 81.7 1963.5911799265607 1109.4163602437984 3077.988 0.375 554.451138900545 4766
120 86.4 1855.0508981481491 1098.5770111379313 3077.988 0.375 760.6605986029012 5583
130 97.4 1625.6789507186877 1201.3155422005461 3077.988 0.363 907.326213432604 6447
140 105 1536.2089704761909 1229.1277215611779 3077.988 0.363 1001.6094052014553 7421
150 107.9 1511.4776635773865 1321.4729524483957 19808.696 0.363 1067.8742551056546 8471
160 112.5 1412.9448542222228 1265.2372755621052 19808.696 0.363 1117.994472670157 9550
170 120.2 1341.644885191349 1204.950328978029 19808.696 0.363 1149.0782365339578 10675
180 138.2 1172.2136172214148 1247.4898247997587 19808.696 0.363 1168.5667531363138 11877
190 143.6 1100.469874651806 1192.5311835878272 19808.696 0.363 1168.9468697488494 13259
200 139.5 1168.3780559139786 1196.0625067416752 19808.696 0.363 1162.2552763525 14695
210 154 1041.6329376623387 1203.182792042419 19808.696 0.363 1162.7861201988806 16090
220 150.2 1031.728754993345 1215.3084813517344 19808.696 0.359 1152.20325570051 17630
230 160.8 997.9918619402982 1180.4723775741913 19808.696 0.359 1142.7451384068572 19132
240 170.2 935.5633184488855 1203.9494562278244 19808.696 0.359 1131.5222228543873 20740
250 186.8 860.5949464668103 1200.6686830517258 19808.696 0.359 1116.6607107209695 22442
260 183.5 886.8812822888275 1263.3690434236357 19808.696 0.359 1096.9844109419992 24310
270 192.5 839.0875459740267 1178.2332296599104 19808.696 0.351 1082.2382169822145 26145
280 201.6 798.4010892857137 1209.8516519449818 19808.696 0.351 1065.563295653723 28070
290 201.5 812.5126426799003 1147.6100332454666 19808.696 0.351 1047.6613143987236 30086
300 216.5 423.77846697459785 1101.3804360696972 19808.696 0.351 1032.9008840846077 32101
310 208.1 343.131823161941 2089.8800815446257 19808.696 0.348 994.4152121928439 34266
320 208.1 632.1010826525697 3683.131471048231 24519.909 0.348 957.1268326134204 36347
330 123.3 1419.4600170316323 6115.192285828683 35633.158 0.339 939.52564114708 38428
340 109.1 1814.4207011915682 6496.4559414661835 35633.158 0.339 954.4460689090038 39661
350 111.2 1589.1863174460416 5601.880927154242 35633.158 0.339 977.4690450530035 40752
360 83.7 1756.08588530466 5738.558710339643 35633.158 0.339 993.7176024507928 41864
370 62.8 2437.5581321656045 6803.6579498961155 35633.158 0.339 1008.6610991545864 42701
380 58.5 2525.1502034188024 7003.608054564902 35633.158 0.339 1029.3711856262548 43329
390 51.7 2584.5073172147063 7430.6990987199915 35633.158 0.339 1049.2971938561734 43914
400 31.2 4478.442865384612 9803.256639991185 35633.158 0.339 1067.1609293961424 44431
410 9.6 15767.45373958333 13992.180354240623 35633.158 0.339 1090.9483366783631 44743
420 5.9 31501.938542372878 8841.112259236499 60005.61 0.339 1122.3706368786102 44839
430 5.4 28801.307240740745 1784.0891480173761 60005.61 0.339 1162.2921145930777 44898
440 5.4 27079.94344444445 2285.206683026383 60005.61 0.339 1195.49434846058 44952
450 5.4 22649.423648148153 2243.8781508783245 60005.61 0.339 1226.5515464160335 45006
