0 61.59609375 61.59609375
10 103.471875 165.06796875
20 71.215625 236.28359375
30 161.44296875 397.7265625
40 222.09296875 619.81953125
50 189.1875 809.00703125
60 277.65625 1086.66328125
70 361.1546875 1447.81796875
80 392.78984375 1840.6078125
90 368.85 2209.4578125
100 377.99140625 2587.44921875
110 423.39765625 3010.846875
120 424.17734375 3435.02421875
130 487.0796875 3922.10390625
140 496.52734375 4418.63125
150 481.4890625 4900.1203125
160 488.38125 5388.5015625
170 520.70546875 5909.20703125
180 590.45078125 6499.6578125
190 616.08203125 7115.73984375
200 590.86875 7706.60859375
210 616.5546875 8323.16328125
220 574.5921875 8897.75546875
230 655.2453125 9553.00078125
240 670.7 10223.70078125
250 720.459375 10944.16015625
260 695.084375 11639.24453125
270 712.3171875 12351.56171875
280 730.13828125 13081.7
290 761.4140625 13843.1140625
300 725.8578125 14568.971875
310 576.7421875 15145.7140625
320 576.1765625 15721.890625
330 374.45703125 16096.34765625
340 351.090625 16447.43828125
350 362.54375 16809.98203125
360 289.9125 17099.89453125
370 238.6421875 17338.53671875
380 214.925 17553.46171875
390 193.0734375 17746.53515625
400 143.0671875 17889.60234375
410 90.0796875 17979.68203125
420 81.06171875 18060.74375
430 79.7765625 18140.5203125
440 79.7765625 18220.296875
450 79.7765625 18300.0734375
