0 7.8 78
10 11.7 195
20 8.4 279
30 13.7 416
40 16.9 585
50 13.4 719
60 20.3 922
70 20.1 1123
80 19.9 1322
90 22.6 1548
100 26.2 1810
110 24.5 2055
120 26.8 2323
130 28.8 2611
140 30.9 2920
150 32.9 3249
160 34.4 3593
170 35 3943
180 38.5 4328
190 39.5 4723
200 36.2 5085
210 44.2 5527
220 44.2 5969
230 45.9 6428
240 47.5 6903
250 52.6 7429
260 46.6 7895
270 54.3 8438
280 53.9 8977
290 51.1 9488
300 61.2 10100
310 53.2 10632
320 56.5 11197
330 7.3 11270
340 0 11270
350 0 11270
360 0 11270
370 0 11270
380 0 11270
390 0 11270
400 0 11270
410 0 11270
420 0 11270
430 0 11270
440 0 11270
450 0 11270
