0 0.5 4.0278 4.993333531820201 14.009 1.299 0 0
10 0.6 1.7731666666666668 0.5441211313260639 14.009 1.21 4.0278 5
20 1.1 1.4514545454545453 0.2381689101290639 14.009 1.08 2.798 11
30 0.4 1.5034999999999998 0.15752063356906615 14.009 1.08 2.124727272727273 22
40 1.5 1.4386666666666665 0.32774658231966697 14.009 0.798 2.029153846153846 26
50 1.3 1.9969999999999997 2.0113830297354336 14.009 0.798 1.813121951219512 41
60 1.4 2.2153571428571426 2.9064081565480406 14.009 0.798 1.8573888888888888 54
70 2.3 1.7466086956521738 1.4214542381760775 14.009 0.798 1.9310882352941174 68
80 3.7 1.4038918918918917 0.2524631933338256 14.009 0.747 1.8844615384615384 91
90 2.7 1.721148148148148 1.5977295164331653 14.009 0.733 1.7455468749999998 128
100 3 1.4787666666666668 0.3990831728961884 14.009 0.733 1.7412967741935481 155
110 2.4 1.5766666666666669 1.0285119779997163 14.009 0.733 1.698724324324324 185
120 3.6 1.3955833333333334 0.38734591022323533 14.009 0.733 1.6847081339712915 209
130 5.3 1.3786603773584907 0.3562273994629827 14.009 0.733 1.642224489795918 245
140 4.8 1.5499583333333333 1.2904582996997185 14.009 0.733 1.5953489932885905 298
150 6 1.3340500000000002 0.3938405525505637 14.009 0.733 1.5890520231213874 346
160 2.4 1.6030833333333334 1.6688408381435167 14.009 0.733 1.5513669950738918 406
170 1 1.4618000000000002 0.1627186528951121 14.009 0.733 1.554253488372093 430
180 1.6 2.784875 2.9152746198900377 14.009 0.733 1.552152272727273 440
190 1.2 1.4985 0.32318454480373904 14.009 0.733 1.5954057017543861 456
200 1.4 1.363 0.22456338589742159 14.009 0.733 1.5929209401709403 468
210 1 1.5099 0.22553290225596792 14.009 0.733 1.5862427385892117 482
220 1.4 1.5628571428571425 0.38311819458283125 14.009 0.733 1.5846910569105694 492
230 2.6 1.4220384615384611 0.24400701136982347 14.009 0.733 1.5840869565217393 506
240 1.9 3.2554736842105267 5.543130194625654 23.675 0.733 1.5761672932330828 532
250 2.6 1.635 0.7477131803037846 23.675 0.733 1.6340744101633395 551
254 1.1 1.5063636363636363 0.24827487432912038 23.675 0.733 1.6341161178509533 577
