0 0.1 0.9407453183439953 0 0.9407453183439953 0.9407453183439953 0 0
10 0.1 0.6 0.0 0.9407453183439953 0.6 0.9407453183439953 1
20 0.1 0.10010010010010009 0.0 0.9407453183439953 0.10010010010010009 0.7703726591719977 2
30 0.1 0.3 0.0 0.9407453183439953 0.10010010010010009 0.5469484728146985 3
40 0.1 0.20020020020020018 0.0 0.9407453183439953 0.10010010010010009 0.4852113546110239 4
50 0.1 0.30060120240480964 0.0 0.9407453183439953 0.10010010010010009 0.42820912372885916 5
60 0.1 0.3003003003003003 0.0 0.9407453183439953 0.10010010010010009 0.4069411368415176 6
70 0.1 0.30060120240480964 0.0 0.9407453183439953 0.10010010010010009 0.3917067316213437 7
80 0.1 0.4016064257028112 0.0 0.9407453183439953 0.10010010010010009 0.38031854046927693 8
90 0.1 0.5015045135406219 0.0 0.9407453183439953 0.10010010010010009 0.3826838610507808 9
100 0.1 0.6006006006006006 0.0 0.9407453183439953 0.10010010010010009 0.3945659262997649 10
110 0.1 3.2064128256513023 0.0 3.2064128256513023 0.10010010010010009 0.4132963512362045 11
120 0.1 0.6018054162487462 0.0 3.2064128256513023 0.10010010010010009 0.6460560574374626 12
130 0.1 0.5025125628140703 0.0 3.2064128256513023 0.10010010010010009 0.6426521619614076 13
140 0.1 0.9027081243731194 0.0 3.2064128256513023 0.10010010010010009 0.6326421905937406 14
150 0.1 0.9018036072144289 0.0 3.2064128256513023 0.10010010010010009 0.6506465861790325 15
160 0.1 0.7035175879396985 0.0 3.2064128256513023 0.10010010010010009 0.6663438999937448 16
170 0.1 0.4008016032064128 0.0 3.2064128256513023 0.10010010010010009 0.6685305875199773 17
180 0.1 0.5005005005005005 0.0 3.2064128256513023 0.10010010010010009 0.6536567550581126 18
190 0.1 0.5988023952095809 0.0 3.2064128256513023 0.10010010010010009 0.6455958995550803 19
200 0.1 0.20020020020020018 0.0 3.2064128256513023 0.10010010010010009 0.6432562243378055 20
210 0.1 0.2008032128514056 0.0 3.2064128256513023 0.10010010010010009 0.6221583184264909 21
220 0.1 0.20020020020020018 0.0 3.2064128256513023 0.10010010010010009 0.6030058136276234 22
230 0.1 0.3003003003003003 0.0 3.2064128256513023 0.10010010010010009 0.5854925260873006 23
240 0.1 0.30120481927710846 0.0 3.2064128256513023 0.10010010010010009 0.5736095166795089 24
250 0.1 0.2004008016032064 0.0 3.2064128256513023 0.10010010010010009 0.562713328783413 25
254 0.1 2.4 0.0 3.2064128256513023 0.10010010010010009 0.5487782315841743 26
