10 0.1 78 0 78 78 0 0
20 0.1 37.0 0.0 78 37 78.0 1
30 0.1 53.0 0.0 78 37 57.5 2
40 0.1 51.0 0.0 78 37 56.0 3
50 0.1 100.0 0.0 100 37 54.75 4
60 0.1 105.0 0.0 105 37 63.8 5
70 0.1 94.0 0.0 105 37 70.66666666666667 6
80 0.1 216.0 0.0 216 37 74.0 7
90 0.1 229.0 0.0 229 37 91.75 8
100 0.1 205.0 0.0 229 37 107.0 9
110 0.1 442.0 0.0 442 37 116.8 10
120 0.1 249.0 0.0 442 37 146.36363636363637 11
130 0.1 311.0 0.0 442 37 154.91666666666666 12
140 0.1 412.0 0.0 442 37 166.92307692307693 13
150 0.1 418.0 0.0 442 37 184.42857142857142 14
160 0.1 482.0 0.0 482 37 200.0 15
170 0.1 291.0 0.0 482 37 217.625 16
180 0.1 230.0 0.0 482 37 221.94117647058823 17
190 0.1 351.0 0.0 482 37 222.38888888888889 18
200 0.1 197.0 0.0 482 37 229.1578947368421 19
210 0.1 176.0 0.0 482 37 227.55 20
220 0.1 129.0 0.0 482 37 225.0952380952381 21
230 0.1 152.0 0.0 482 37 220.72727272727272 22
240 0.1 234.0 0.0 482 37 217.7391304347826 23
250 0.1 204.0 0.0 482 37 218.41666666666666 24
254 0.1 332.0 0.0 482 37 217.84 25
