30 0.1 30156.376 0 30156.376 30156.376 0 0
40 0.5 30073.209600000002 14.661426405366049 30156.376 30060.642 30156.376 1
50 0.5 30064.458200000005 2.8229294996519374 30156.376 30059.33 30087.070666666667 6
60 0.2 30059.84 0.4789999999993597 30156.376 30059.33 30076.792272727274 11
70 0.8 30068.672375000002 12.507848365501063 30156.376 30058.993 30074.18423076923 13
80 0.8 30064.600124999997 5.0785294238951275 30156.376 30058.443 30072.084476190474 21
90 0.8 30066.015874999997 7.6447236777640075 30156.376 30058.061 30070.019827586206 29
100 1.8 45630.04094444445 29119.569540004235 100115.873 30058.061 30069.15410810811 37
110 2.1 33400.4588095238 14912.964553161906 100115.873 30058.061 35161.80798181819 55
120 2.1 50072.23471428572 31633.264252774483 100115.873 30056.201 34675.119394736845 76
130 1.4 40069.48842857143 24505.63187369732 100115.873 30056.201 38008.515494845364 97
140 2 54574.352750000005 33399.67535098519 100115.873 30056.201 38268.45802702703 111
150 2.3 48331.93247826087 30748.416520048795 100115.873 30056.201 40757.907603053434 131
160 2.8 42569.52942857144 26820.852702807093 100115.873 30054.535 41889.093136363634 154
170 3.1 52652.5498387097 32733.051759784197 100115.873 30054.535 41993.77564285714 182
180 4.7 53901.191361702135 33182.527580485636 100115.873 30054.535 43545.052638497655 213
190 1.9 74297.32857894737 33780.93768920714 100138.583 30054.535 45417.123869230774 260
200 1.4 100094.25064285715 16.91977375569187 100153.733 30054.535 47383.87616129033 279
210 1 100088.65079999997 3.066255560117115 100153.733 30054.535 49902.46060750854 293
220 1.4 100089.00935714286 3.1123560805985555 100153.733 30054.535 51558.770514851494 303
230 2.7 100089.63937037038 5.2606103726114375 100153.733 30054.535 53702.06182018929 317
240 2 100098.59784999999 13.528164185408498 100153.733 30054.535 57342.94726744187 344
250 2.4 100091.78704166668 5.737011863617858 100153.733 30054.535 59692.158837912095 364
254 1.1 100084.32636363637 6.348964157071136 100153.733 30054.535 62191.104912371135 388
