0 6.8265625 6.8265625
10 2.37890625 9.20546875
20 10.6859375 19.89140625
30 5.20234375 25.09375
40 20.684375 45.778125
50 16.5484375 62.3265625
60 15.1421875 77.46875
70 31.14375 108.6125
80 42.346875 150.959375
90 34.8125 185.771875
100 51.85859375 237.63046875
110 53.290625 290.92109375
120 57.3359375 348.25703125
130 71.3046875 419.56171875
140 67.50078125 487.0625
150 82.1875 569.25
160 63.65703125 632.90703125
170 49.33984375 682.246875
180 73.603125 755.85
190 32.1328125 787.9828125
200 22.5734375 810.55625
210 16.2375 826.79375
220 22.5625 849.35625
230 42.0890625 891.4453125
240 30.87109375 922.31640625
250 42.1703125 964.48671875
254 17.75234375 982.2390625
