0 6.9 1.3625217391304358 1.1096745130396253 10.229 0.779 0 0
10 10.6 1.407688679245283 1.3771961217620274 12.778 0.779 1.3625217391304358 69
20 9.9 1.4130101010101008 0.9386983088561973 12.778 0.779 1.3898800000000004 175
30 15.3 1.2767320261437909 0.3178487330144659 12.778 0.779 1.3982372262773726 274
40 13.2 1.2610151515151513 0.8559534908850541 12.778 0.755 1.3547002341920378 427
50 13.8 1.4110144927536221 1.2066571922050207 13.47 0.755 1.332577817531306 559
60 19.4 17.199144329896903 59.07357207360894 361.352 0.755 1.3481076040172164 697
70 23.2 1.243728448275863 0.3430126285264533 361.352 0.755 4.799399551066217 891
80 23.7 1.1304725738396626 0.4284435725010074 361.352 0.745 4.064835262689225 1123
90 27.7 1.0950469314079412 0.645275298453174 361.352 0.615 3.5534794117647057 1360
100 36 1.2334833333333326 1.1752810608294701 361.352 0.615 3.1374832009773974 1637
110 32.3 1.3471393188854486 0.9563090273663876 361.352 0.615 2.794248372558838 1997
120 37.2 1.253537634408603 0.8725779080247786 361.352 0.615 2.5927758620689656 2320
130 41.6 1.1230336538461545 0.34884151518070855 361.352 0.615 2.4077102526002974 2692
140 39.2 1.140364795918367 0.40855836278491325 361.352 0.615 2.2357586872586874 3108
150 46 1.207082608695653 1.0066814690518178 361.352 0.615 2.1130745714285717 3500
160 45 6.229802222222222 29.72197492119996 361.352 0.615 2.0078330808080813 3960
170 49 1.1450081632653053 0.7317145617885169 361.352 0.615 2.4386462585034017 4410
180 46.8 1.235514957264958 0.9491451021787745 361.352 0.615 2.3092824489795922 4900
190 54.6 1.1812326007326002 0.8934075314913513 361.352 0.615 2.215667846497765 5368
200 57.9 4.284854922279792 22.114177001700604 361.352 0.615 2.120165370307745 5914
210 55.9 3.300232558139537 12.761586134094083 361.352 0.531 2.31319713537656 6493
220 61.8 1.4911326860841434 2.1601103992821633 361.352 0.531 2.391437748156552 7052
230 55.9 1.226508050089447 0.9640801762561263 361.352 0.531 2.3188968709256854 7670
240 63.5 1.1141102362204713 0.9961353940509527 361.352 0.531 2.244690363349132 8229
250 68.2 1.1316671554252182 0.7327584962645746 361.352 0.531 2.1636977662454884 8864
260 71.1 1.3056540084388164 1.0765784492383192 361.352 0.531 2.089965849570502 9546
270 75.3 1.3837516600265594 1.3472307362834166 361.352 0.531 2.035598518085211 10257
280 77.2 1.7394572538860096 2.223611710915125 361.352 0.531 1.9910171662125349 11010
290 76.9 1.418581274382316 1.3628838091358408 361.352 0.531 1.974534034968597 11782
300 75.8 1.1366358839050126 0.6781971867736564 361.352 0.531 1.9404707991395116 12551
310 81.7 1.2034773561811494 0.904013871216929 361.352 0.531 1.8946892328499518 13309
320 82.3 1.1668323207776412 0.61966300062059 361.352 0.531 1.854711878805041 14126
330 36.1 1.3681911357340715 1.0901152240448158 361.352 0.531 1.8168414609672892 14949
340 25.6 2.1555390625000013 8.863116416682205 361.352 0.531 1.8062625734813853 15310
350 25.3 1.255596837944664 0.8105540848190685 361.352 0.531 1.8120068097134785 15566
360 29.9 1.163779264214045 0.8894750536176682 361.352 0.531 1.8031079082116448 15819
370 24.6 1.1940528455284551 0.763666349890656 361.352 0.531 1.79124792157836 16118
380 32.3 1.1237275541795668 0.5879576763499629 361.352 0.531 1.7822702884380355 16364
390 28 1.4275571428571425 1.354112694568601 361.352 0.531 1.769523281596453 16687
400 4.6 1.3215869565217389 0.5510534407954245 361.352 0.531 1.7638799434195798 16967
407 0.1 2.018 0.0 361.352 0.531 1.7626840651266686 17013
