0 0.1 3516.8125 0 3516.8125 3516.8125 0 0
10 0.1 3515.296875 0.0 3516.8125 3515.296875 3516.8125 1
20 0.1 3513.70703125 0.0 3516.8125 3513.70703125 3516.0546875 2
30 0.1 3509.2265625 0.0 3516.8125 3509.2265625 3515.2721354166665 3
40 0.1 3500.6015625 0.0 3516.8125 3500.6015625 3513.7607421875 4
50 0.1 3492.421875 0.0 3516.8125 3492.421875 3511.12890625 5
60 0.1 3490.23046875 0.0 3516.8125 3490.23046875 3508.0110677083335 6
70 0.1 3481.69140625 0.0 3516.8125 3481.69140625 3505.4709821428573 7
80 0.1 3480.66796875 0.0 3516.8125 3480.66796875 3502.49853515625 8
90 0.1 3480.0 0.0 3516.8125 3480.0 3500.0729166666665 9
100 0.1 3472.0703125 0.0 3516.8125 3472.0703125 3498.065625 10
110 0.1 3465.515625 0.0 3516.8125 3465.515625 3495.7024147727275 11
120 0.1 3463.7890625 0.0 3516.8125 3463.7890625 3493.1868489583335 12
130 0.1 3448.3984375 0.0 3516.8125 3448.3984375 3490.925480769231 13
140 0.1 3444.26953125 0.0 3516.8125 3444.26953125 3487.8878348214284 14
150 0.1 3443.4609375 0.0 3516.8125 3443.4609375 3484.979947916667 15
160 0.1 3441.77734375 0.0 3516.8125 3441.77734375 3482.385009765625 16
170 0.1 3440.7421875 0.0 3516.8125 3440.7421875 3479.9963235294117 17
180 0.1 3439.3203125 0.0 3516.8125 3439.3203125 3477.8155381944443 18
190 0.1 3424.44140625 0.0 3516.8125 3424.44140625 3475.7894736842104 19
200 0.1 3421.33984375 0.0 3516.8125 3421.33984375 3473.2220703125 20
210 0.1 3419.71484375 0.0 3516.8125 3419.71484375 3470.751488095238 21
220 0.1 3418.75 0.0 3516.8125 3418.75 3468.431640625 22
230 0.1 3416.18359375 0.0 3516.8125 3416.18359375 3466.2715692934785 23
240 0.1 3415.421875 0.0 3516.8125 3415.421875 3464.1845703125 24
250 0.1 3414.1171875 0.0 3516.8125 3414.1171875 3462.2340625 25
260 0.1 3399.64453125 0.0 3516.8125 3399.64453125 3460.3834134615386 26
270 0.1 3393.9765625 0.0 3516.8125 3393.9765625 3458.1338252314813 27
280 0.1 3392.3828125 0.0 3516.8125 3392.3828125 3455.8424944196427 28
290 0.1 3376.56640625 0.0 3516.8125 3376.56640625 3453.654229525862 29
300 0.1 3373.2109375 0.0 3516.8125 3373.2109375 3451.0846354166665 30
310 0.1 3371.56640625 0.0 3516.8125 3371.56640625 3448.5725806451615 31
320 0.1 3370.47265625 0.0 3516.8125 3370.47265625 3446.1661376953125 32
330 0.1 3368.76171875 0.0 3516.8125 3368.76171875 3443.8723958333335 33
340 0.1 3369.1015625 0.0 3516.8125 3368.76171875 3441.663258272059 34
350 0.1 3368.359375 0.0 3516.8125 3368.359375 3439.5900669642856 35
360 0.1 3367.75 0.0 3516.8125 3367.75 3437.6114366319443 36
370 0.1 3375.95703125 0.0 3516.8125 3367.75 3435.723289695946 37
380 0.1 3376.91015625 0.0 3516.8125 3367.75 3434.1504934210525 38
390 0.1 3381.42578125 0.0 3516.8125 3367.75 3432.6827924679487 39
400 0.1 3383.4765625 0.0 3516.8125 3367.75 3431.4013671875 40
407 0.1 3386.75390625 0.0 3516.8125 3367.75 3430.232469512195 41
