0 6.9 78.8471884057971 79.40487154738847 422.575 11.865 0 0
10 10.6 36.98740566037735 24.913777345446007 422.575 10.776 78.8471884057971 69
20 9.9 35.86900000000001 21.88532823744269 422.575 10.287 53.49211999999999 175
30 18.9 35.52325396825397 21.948749408855836 422.575 10.01 47.124642335766424 274
40 23.7 31.700358649789024 20.359050396533373 422.575 8.085 42.38887041036717 463
50 24.1 31.229526970954357 19.59500175663768 422.575 8.085 38.770045714285715 700
60 32.5 50.87254769230765 73.68188745182299 483.626 8.085 36.83883953241232 941
70 35.9 28.557061281337027 17.3779730014665 483.626 7.636 40.441489731437585 1266
80 40.9 25.50539608801952 16.410090932570778 483.626 7.163 37.815945230769216 1625
90 49.1 27.205969450101833 17.746131299608283 483.626 6.998 35.34052015732545 2034
100 59.8 28.837247491638795 19.36507815990983 483.626 6.971 33.758712475247506 2525
110 57.9 27.492974093264262 18.782353784699865 483.626 6.941 32.816337816202356 3123
120 64.6 26.574195046439613 17.57774379902393 483.626 6.941 31.983753376553203 3702
130 74.8 28.70420721925135 17.813135974832242 483.626 6.941 31.18003334866604 4348
140 77.9 25.33514249037232 16.68004308903598 483.626 6.941 30.81662715855572 5096
150 85.5 29.27370994152049 19.642756987506942 483.626 6.639 30.089805617021273 5875
160 83.3 51.61071788715489 78.17091241230199 555.698 6.639 29.986126300148587 6730
170 93.2 95.24501180257502 1985.4834424338355 60671.729 6.639 32.367890784080394 7563
180 95.1 28.409317560462696 19.621962298019973 60671.729 5.898 39.266240023543254 8495
190 98.3 32.29328585961339 22.907387968976614 60671.729 5.898 38.17319182722845 9446
200 108.8 39.47632352941175 45.693219337417965 60671.729 5.898 37.618973055901805 10429
210 109.2 35.64305860805862 29.109080862909057 60671.729 5.898 37.794435182773285 11517
220 115.8 35.52275043177899 26.398563459713237 60671.729 5.898 37.60811563169164 12609
230 111.8 36.64748926654736 27.73025967065476 60671.729 5.898 37.432706835185584 13767
240 121.6 87.71993832236848 1740.3982365400313 60744.686 5.898 37.37372979509573 14885
250 129.2 48.5708575851394 42.10145764097956 60744.686 5.898 41.176039562760074 16101
260 129 55.23193953488366 43.659143686088754 60744.686 5.898 41.725347036163974 17393
270 143.3 171.52094487089997 3202.2968430984292 121293.967 5.898 42.65793304073221 18683
280 138.8 84.23072622478381 70.46927531688756 121293.967 5.898 51.83772504474048 20116
290 152.5 282.8153016393432 318.77782601604275 121293.967 5.898 53.9285679408482 21504
300 149.9 154.6898272181452 143.00755367982882 121293.967 5.898 69.08564245082279 23029
310 162.8 394.6032745700241 352.975967135052 121293.967 5.898 74.3172419683626 24528
320 160 195.96565500000034 154.1955727868621 121293.967 5.898 94.25246375592587 26156
330 122.3 78.5974766966475 126.47994258384338 121293.967 5.898 100.11574038045819 27756
340 109.5 30.84914885844746 23.44351223329464 121293.967 5.898 99.20760564546731 28979
350 106.2 28.578103578154348 18.398464689093643 121293.967 5.898 96.71866136862397 30074
360 79.5 22.44601761006288 13.540095479153603 121293.967 5.898 94.39449409044184 31136
370 54.6 14.425373626373624 6.725629564030753 121293.967 5.858 92.60316156712902 31931
380 56.9 16.80130404217928 8.815238212257297 121293.967 5.858 91.28884459771521 32477
390 60.3 14.589509121061354 6.716429249374785 121293.967 5.858 90.00628663075703 33046
400 32.7 197.18957492354735 3343.380195486048 121293.967 5.858 88.65479574430137 33649
407 4.7 10.240276595744682 1.9316794225698788 121293.967 5.858 89.69938229926997 33976
