10 0.1 634 0 634 634 0 0
20 0.1 557.0 0.0 634 557 634.0 1
30 0.1 656.0 0.0 656 557 595.5 2
40 0.1 1077.0 0.0 1077 557 615.6666666666666 3
50 0.1 1136.0 0.0 1136 557 731.0 4
60 0.1 1125.0 0.0 1136 557 812.0 5
70 0.1 1679.0 0.0 1679 557 864.1666666666666 6
80 0.1 1887.0 0.0 1887 557 980.5714285714286 7
90 0.1 1983.0 0.0 1983 557 1093.875 8
100 0.1 2425.0 0.0 2425 557 1192.6666666666667 9
110 0.1 2919.0 0.0 2919 557 1315.9 10
120 0.1 2779.0 0.0 2919 557 1461.6363636363637 11
130 0.1 3304.0 0.0 3304 557 1571.4166666666667 12
140 0.1 3602.0 0.0 3602 557 1704.6923076923076 13
150 0.1 3407.0 0.0 3602 557 1840.2142857142858 14
160 0.1 4320.0 0.0 4320 557 1944.6666666666667 15
170 0.1 3952.0 0.0 4320 557 2093.125 16
180 0.1 4359.0 0.0 4359 557 2202.470588235294 17
190 0.1 4537.0 0.0 4537 557 2322.277777777778 18
200 0.1 4964.0 0.0 4964 557 2438.842105263158 19
210 0.1 5133.0 0.0 5133 557 2565.1 20
220 0.1 5334.0 0.0 5334 557 2687.3809523809523 21
230 0.1 5746.0 0.0 5746 557 2807.681818181818 22
240 0.1 5658.0 0.0 5746 557 2935.4347826086955 23
250 0.1 5950.0 0.0 5950 557 3048.875 24
260 0.1 6597.0 0.0 6597 557 3164.92 25
270 0.1 7082.0 0.0 7082 557 3296.923076923077 26
280 0.1 7320.0 0.0 7320 557 3437.1111111111113 27
290 0.1 7882.0 0.0 7882 557 3575.785714285714 28
300 0.1 8162.0 0.0 8162 557 3724.2758620689656 29
310 0.1 8404.0 0.0 8404 557 3872.2 30
320 0.1 8775.0 0.0 8775 557 4018.3870967741937 31
330 0.1 8999.0 0.0 8999 557 4167.03125 32
340 0.1 4935.0 0.0 8999 557 4313.454545454545 33
350 0.1 4499.0 0.0 8999 557 4331.735294117647 34
360 0.1 4544.0 0.0 8999 557 4336.5142857142855 35
370 0.1 3374.0 0.0 8999 557 4342.277777777777 36
380 0.1 2838.0 0.0 8999 557 4316.108108108108 37
390 0.1 2852.0 0.0 8999 557 4277.210526315789 38
400 0.1 2354.0 0.0 8999 557 4240.666666666667 39
407 0.1 839.0 0.0 8999 557 4193.5 40
