0 77 77
10 178 178
20 279 279
30 420 421
40 506 506
50 588 588
60 726 726
70 855 855
80 936 936
90 1035 1035
100 1163 1167
110 1254 1254
120 1388 1388
130 1498 1502
140 1538 1541
150 1675 1676
160 1757 1757
170 1821 1821
180 1867 1870
190 1995 1996
200 2086 2090
210 2151 2156
220 2243 2247
230 2291 2309
240 2388 2394
250 2517 2520
260 2663 2664
270 2767 2771
280 2910 2911
290 3002 3005
300 3077 3077
310 3133 3141
320 3215 3215
330 2718 3225
340 2164 3225
350 1624 3225
360 1192 3225
370 892 3225
380 643 3225
390 323 3225
400 46 3225
407 0 3225
