0 7.8 78
10 11.6 194
20 9 284
30 21.4 498
40 22.4 722
50 27 992
60 27.8 1270
70 35.2 1622
80 35.6 1978
90 35.9 2337
100 33.2 2669
110 30.3 2972
120 31 3282
130 32.3 3605
140 30.2 3907
150 33.5 4242
160 30.9 4551
170 26.3 4814
180 29.4 5108
190 23.6 5344
200 24.8 5592
210 27.4 5866
220 25.9 6125
230 26.2 6387
240 22.7 6614
250 23.7 6851
260 22.5 7076
270 22.5 7301
280 21.7 7518
290 23.6 7754
300 26.1 8015
310 23.9 8254
320 26.8 8522
330 26.3 8785
340 25.7 9042
350 26 9302
360 27.5 9577
370 15 9727
380 7.6 9803
390 7.8 9881
400 5.8 9939
410 0 9939
420 0 9939
430 0 9939
440 0 9939
450 0 9939
460 0 9939
467 0 9939
