0 81 81
10 189 108
20 302 113
30 427 125
40 514 87
50 584 70
60 701 117
70 827 126
80 923 96
90 855 -68
100 842 -13
110 832 -10
120 850 18
130 856 6
140 857 1
150 844 -13
160 854 10
170 856 2
180 847 -9
190 843 -4
200 843 0
210 860 17
220 838 -22
230 830 -8
240 856 26
250 859 3
260 861 2
270 832 -29
280 845 13
290 841 -4
300 858 17
310 853 -5
320 833 -20
330 845 12
340 838 -7
350 792 -46
360 525 -267
370 504 -21
380 434 -70
390 271 -163
400 103 -168
410 1 -102
420 1 0
430 1 0
440 1 0
450 1 0
460 1 0
467 0 -1
