0 8.1 1.5725555555555553 1.945482738658905 12.59 0.729 0 0
10 10.8 1.4327592592592595 1.7596718016298671 12.59 0.729 1.5725555555555553 81
20 11.3 1.6700884955752207 1.854176388767829 12.59 0.729 1.4926719576719578 189
30 14.1 3.3273971631205677 10.491066157395885 106.477 0.729 1.5590562913907282 302
40 13.7 1.7749343065693415 1.9894508731572818 106.477 0.725 2.1218916478555307 443
50 13.4 5.8822313432835855 17.68819793261023 131.328 0.725 2.039937931034483 580
60 19 2.285026315789473 3.0654031252610343 131.328 0.706 2.7610406162464995 714
70 24.6 2.2753902439024367 2.7196691009094125 131.328 0.697 2.6609933628318587 904
80 25.8 3.2661007751937987 3.20741694194203 131.328 0.697 2.5785078260869563 1150
90 27 3.2992037037037045 3.0200806365223762 131.328 0.697 2.704501420454545 1408
100 33.3 3.281453453453452 3.1328741299164053 131.328 0.672 2.8001924910607863 1678
110 38.3 13.013749347258495 46.90684964371973 349.668 0.672 2.879884137245151 2011
120 44.3 3.0821986455981976 2.989182215456103 349.668 0.615 4.501133249791145 2394
130 47.9 2.7853611691022975 2.7168729716893125 349.668 0.615 4.279565385971098 2837
140 49.7 9.477760563380297 37.87201359244438 349.668 0.615 4.063725874547649 3316
150 53.2 3.01887030075188 2.990958619951271 349.668 0.615 4.76941043797535 3813
160 57.1 3.33681260945709 3.2845351477056086 349.668 0.615 4.555075028768702 4345
170 64.1 15.693492979719197 56.96886581863645 502.602 0.615 4.4135722131814505 4916
180 64 3.337618750000005 3.4325013617475006 502.602 0.615 5.714711175094478 5557
190 70.1 7.953245363766036 31.91951401976405 502.602 0.615 5.469215104082624 6197
200 73.4 3.432983651226161 3.2660047729365678 502.602 0.615 5.721651348216875 6898
210 74.1 3.083306342780022 3.0882054284814466 502.602 0.591 5.5015410115304 7632
220 86.5 3.3362705202312104 3.523899892730558 502.602 0.591 5.28753027588678 8373
230 98.9 9.1230465116279 41.17499760452844 502.602 0.591 5.104824096124703 9238
240 98.8 3.3742206477732806 3.326564456750808 502.602 0.591 5.493405495257651 10227
250 105.3 3.157848053181381 3.032871456913091 502.602 0.56 5.306713152028533 11215
260 113.6 3.191220070422536 3.0830767238866805 502.602 0.56 5.122269481578089 12268
270 115 3.300604347826087 3.2720757385964547 502.602 0.56 4.95861145926589 13404
280 119.3 3.247200335289184 3.183571574098781 502.602 0.56 4.827602239934039 14554
290 121.4 3.1396400329489254 3.0622021839786724 502.602 0.56 4.707870261002094 15747
300 126.8 3.301044164037857 3.212563140025251 502.602 0.56 4.595622663758032 16961
310 130.9 5.326106951871662 16.104346270633005 502.602 0.507 4.5055724395194465 18229
320 124.7 9.21404250200479 31.856060698994426 502.602 0.507 4.56054631999181 19538
330 76.6 2.995946475195824 3.0618714278588226 502.602 0.507 4.839733702189077 20785
340 54.3 3.2879594843462283 3.2425461834153295 502.602 0.498 4.774198877082269 21551
350 52.5 3.3768419047619056 3.3712469983045317 502.602 0.498 4.737671856612654 22094
360 26 3.056488461538464 2.811450903116769 502.602 0.498 4.706086210707812 22619
370 29.9 6.894351170568563 23.166478428605277 502.602 0.498 4.687339962410945 22879
380 29.1 1.7526426116838476 1.957098701986761 502.602 0.498 4.715810768832514 23178
390 25.1 1.132820717131474 1.1988179751650245 502.602 0.498 4.679069453321404 23469
400 10.2 1.4515196078431365 1.9696601763755717 502.602 0.498 4.641543802698146 23720
410 0 0 0 502.602 0.498 4.627884896314331 23822
420 0 0 0 502.602 0.498 4.627884896314331 23822
430 0 0 0 502.602 0.498 4.627884896314331 23822
440 0 0 0 502.602 0.498 4.627884896314331 23822
450 0 0 0 502.602 0.498 4.627884896314331 23822
460 0 0 0 502.602 0.498 4.627884896314331 23822
467 0 0 0 502.602 0.498 4.627884896314331 23822
