0 0 0
10 0 0
20 0 0
30 2 20
40 4.7 67
50 6.4 131
60 5.9 190
70 6.7 257
80 10.4 361
90 10.2 463
100 15 613
110 17.3 786
120 16.7 953
130 15.5 1108
140 20.6 1314
150 19.4 1508
160 20.9 1717
170 22.1 1938
180 26.6 2204
190 28.9 2493
200 31.8 2811
210 34 3151
220 34.5 3496
230 35.3 3849
240 37.1 4220
250 40.8 4628
260 39.8 5026
270 44.7 5473
280 43.6 5909
290 46.3 6372
300 48.2 6854
310 47.5 7329
320 50.4 7833
330 39.7 8230
340 52 8750
350 56.9 9319
360 52.8 9847
370 30.9 10156
380 35.8 10514
390 29.2 10806
400 25.4 11060
410 9.4 11154
420 0 11154
430 0 11154
440 0 11154
450 0 11154
460 0 11154
467 0.1 11155
