0 0.1 3521.74609375 0 3521.74609375 3521.74609375 0 0
10 0.1 3520.8046875 0.0 3521.74609375 3520.8046875 3521.74609375 1
20 0.1 3518.02734375 0.0 3521.74609375 3518.02734375 3521.275390625 2
30 0.1 3516.1875 0.0 3521.74609375 3516.1875 3520.1927083333335 3
40 0.1 3504.9453125 0.0 3521.74609375 3504.9453125 3519.19140625 4
50 0.1 3498.94140625 0.0 3521.74609375 3498.94140625 3516.3421875 5
60 0.1 3493.43359375 0.0 3521.74609375 3493.43359375 3513.4420572916665 6
70 0.1 3483.7421875 0.0 3521.74609375 3483.7421875 3510.5837053571427 7
80 0.1 3477.13671875 0.0 3521.74609375 3477.13671875 3507.228515625 8
90 0.1 3471.50390625 0.0 3521.74609375 3471.50390625 3503.8849826388887 9
100 0.1 3457.6171875 0.0 3521.74609375 3457.6171875 3500.646875 10
110 0.1 3442.21875 0.0 3521.74609375 3442.21875 3496.7350852272725 11
120 0.1 3442.56640625 0.0 3521.74609375 3442.21875 3492.1920572916665 12
130 0.1 3441.29296875 0.0 3521.74609375 3441.29296875 3488.374699519231 13
140 0.1 3440.33984375 0.0 3521.74609375 3440.33984375 3485.01171875 14
150 0.1 3438.96875 0.0 3521.74609375 3438.96875 3482.03359375 15
160 0.1 3438.296875 0.0 3521.74609375 3438.296875 3479.342041015625 16
170 0.1 3424.0703125 0.0 3521.74609375 3424.0703125 3476.927619485294 17
180 0.1 3423.171875 0.0 3521.74609375 3423.171875 3473.9911024305557 18
190 0.1 3422.15625 0.0 3521.74609375 3422.15625 3471.31640625 19
200 0.1 3421.9453125 0.0 3521.74609375 3421.9453125 3468.8583984375 20
210 0.1 3421.515625 0.0 3521.74609375 3421.515625 3466.624441964286 21
220 0.1 3421.33984375 0.0 3521.74609375 3421.33984375 3464.574041193182 22
230 0.1 3421.41796875 0.0 3521.74609375 3421.33984375 3462.694293478261 23
240 0.1 3421.0625 0.0 3521.74609375 3421.0625 3460.9744466145835 24
250 0.1 3406.4375 0.0 3521.74609375 3406.4375 3459.37796875 25
260 0.1 3405.39453125 0.0 3521.74609375 3405.39453125 3457.341796875 26
270 0.1 3404.4765625 0.0 3521.74609375 3404.4765625 3455.417824074074 27
280 0.1 3403.8203125 0.0 3521.74609375 3403.8203125 3453.5984933035716 28
290 0.1 3403.2890625 0.0 3521.74609375 3403.2890625 3451.8820043103447 29
300 0.1 3402.66796875 0.0 3521.74609375 3402.66796875 3450.262239583333 30
310 0.1 3401.40625 0.0 3521.74609375 3401.40625 3448.7269405241937 31
320 0.1 3400.3203125 0.0 3521.74609375 3400.3203125 3447.2481689453125 32
330 0.1 3385.55859375 0.0 3521.74609375 3385.55859375 3445.826112689394 33
340 0.1 3384.8359375 0.0 3521.74609375 3384.8359375 3444.053538602941 34
350 0.1 3384.23046875 0.0 3521.74609375 3384.23046875 3442.3616071428573 35
360 0.1 3384.08984375 0.0 3521.74609375 3384.08984375 3440.7468532986113 36
370 0.1 3384.0 0.0 3521.74609375 3384.0 3439.2155827702704 37
380 0.1 3384.0078125 0.0 3521.74609375 3384.0 3437.7625411184213 38
390 0.1 3391.6875 0.0 3521.74609375 3384.0 3436.38421474359 39
400 0.1 3408.62109375 0.0 3521.74609375 3384.0 3435.266796875 40
410 0.1 3409.3125 0.0 3521.74609375 3384.0 3434.6169016768295 41
420 0.1 3410.5078125 0.0 3521.74609375 3384.0 3434.0144159226193 42
430 0.1 3410.51953125 0.0 3521.74609375 3384.0 3433.4677507267443 43
440 0.1 3410.7890625 0.0 3521.74609375 3384.0 3432.946200284091 44
450 0.1 3410.91796875 0.0 3521.74609375 3384.0 3432.4538194444444 45
460 0.1 3410.93359375 0.0 3521.74609375 3384.0 3431.985648777174 46
467 0.1 3410.984375 0.0 3521.74609375 3384.0 3431.537732712766 47
