0 0.1 0.0 0 0.0 0.0 0 0
10 0.1 0.0 0.0 0.0 0.0 0.0 1
20 0.1 0.0 0.0 0.0 0.0 0.0 2
30 0.1 0.0 0.0 0.0 0.0 0.0 3
40 0.1 0.0 0.0 0.0 0.0 0.0 4
50 0.1 0.0 0.0 0.0 0.0 0.0 5
60 0.1 0.0 0.0 0.0 0.0 0.0 6
70 0.1 0.0 0.0 0.0 0.0 0.0 7
80 0.1 0.0 0.0 0.0 0.0 0.0 8
90 0.1 0.0 0.0 0.0 0.0 0.0 9
100 0.1 0.0 0.0 0.0 0.0 0.0 10
110 0.1 0.0 0.0 0.0 0.0 0.0 11
120 0.1 0.0 0.0 0.0 0.0 0.0 12
130 0.1 0.0 0.0 0.0 0.0 0.0 13
140 0.1 0.0 0.0 0.0 0.0 0.0 14
150 0.1 0.0 0.0 0.0 0.0 0.0 15
160 0.1 0.0 0.0 0.0 0.0 0.0 16
170 0.1 0.0 0.0 0.0 0.0 0.0 17
180 0.1 0.0 0.0 0.0 0.0 0.0 18
190 0.1 0.0 0.0 0.0 0.0 0.0 19
200 0.1 0.0 0.0 0.0 0.0 0.0 20
210 0.1 0.0 0.0 0.0 0.0 0.0 21
220 0.1 0.0 0.0 0.0 0.0 0.0 22
230 0.1 0.0 0.0 0.0 0.0 0.0 23
240 0.1 0.0 0.0 0.0 0.0 0.0 24
250 0.1 0.0 0.0 0.0 0.0 0.0 25
260 0.1 0.078125 0.0 0.078125 0.0 0.0 26
270 0.1 0.0703125 0.0 0.078125 0.0 0.0028935185185185184 27
280 0.1 0.05859375 0.0 0.078125 0.0 0.005301339285714286 28
290 0.1 0.05078125 0.0 0.078125 0.0 0.0071390086206896556 29
300 0.1 0.0390625 0.0 0.078125 0.0 0.00859375 30
310 0.1 0.03125 0.0 0.078125 0.0 0.009576612903225807 31
320 0.1 0.03125 0.0 0.078125 0.0 0.01025390625 32
330 0.1 0.1015625 0.0 0.1015625 0.0 0.010890151515151516 33
340 0.1 0.08984375 0.0 0.1015625 0.0 0.013556985294117647 34
350 0.1 0.0703125 0.0 0.1015625 0.0 0.015736607142857142 35
360 0.1 0.05859375 0.0 0.1015625 0.0 0.017252604166666668 36
370 0.1 0.12890625 0.0 0.12890625 0.0 0.018369932432432432 37
380 0.1 0.109375 0.0 0.12890625 0.0 0.021278782894736843 38
390 0.1 0.08984375 0.0 0.12890625 0.0 0.023537660256410256 39
400 0.1 0.078125 0.0 0.12890625 0.0 0.0251953125 40
410 0.1 0.0703125 0.0 0.12890625 0.0 0.026486280487804877 41
420 0.1 0.05859375 0.0 0.12890625 0.0 0.027529761904761904 42
430 0.1 0.05078125 0.0 0.12890625 0.0 0.02825218023255814 43
440 0.1 0.0390625 0.0 0.12890625 0.0 0.028764204545454544 44
450 0.1 0.03125 0.0 0.12890625 0.0 0.028993055555555557 45
460 0.1 0.03125 0.0 0.12890625 0.0 0.029042119565217392 46
467 0.1 0.01953125 0.0 0.12890625 0.0 0.02908909574468085 47
