0 8 46.684899999999985 61.20245740932304 347.988 10.318 0 0
10 10.7 42.57130841121496 31.329557991641238 347.988 10.074 46.684899999999985 80
20 11.5 38.78604347826088 32.43445548618114 347.988 10.074 44.33113368983957 187
30 19.9 142.88203517587922 120.72387956789403 559.889 10.074 42.219592715231784 302
40 23.5 56.90912765957447 48.02524825867229 559.889 7.878 82.2032774451097 501
50 26.8 77.34826865671637 63.16943180502431 559.889 7.878 74.12702038043473 736
60 29.9 100.91077926421406 100.10092935591473 669.788 7.878 74.98687549800792 1004
70 38.4 133.37769531250015 136.37909175974096 792.804 7.878 80.9356454336147 1303
80 40.2 741.7652213930353 502.1824021646408 2318.826 7.878 92.87266212211026 1687
90 40.1 1795.4132468827927 1068.8416237736103 5416.924 7.878 217.74332216371477 2089
100 57.2 2364.2166398601403 2281.7714068349187 8862.985 0.482 471.8178763052209 2490
110 56.2 2817.3511921708214 2884.707003952359 10255.429 0.482 825.3293370346181 3062
120 59.7 2833.8355360133983 2756.3119723723908 10505.189 0.468 1134.2466335540844 3624
130 63.3 2551.204684044233 2499.7224392690664 10505.189 0.456 1374.629143567875 4221
140 71.3 2279.1527377279094 2355.9353435010084 10505.189 0.456 1528.0639019365472 4854
150 71.3 2299.4849565217337 2352.12431526422 10505.189 0.456 1624.2604781749594 5567
160 78.2 2026.867654731457 2256.0076055679283 10505.189 0.456 1700.9221108280246 6280
170 87.1 1863.4527566016095 2169.776509813512 10505.189 0.456 1737.0152027754168 7062
180 90.3 1773.3452890365447 2168.521226780329 10505.189 0.456 1750.8973544686746 7933
190 99.1 1624.1762068617552 2036.304764810252 10505.189 0.456 1753.1914337935714 8836
200 105.9 1550.0792162417395 2123.6299994950896 14363.37 0.456 1740.1809433194255 9827
210 107.7 1510.3831030640663 1987.9091577263375 14363.37 0.456 1721.6876740767955 10886
220 115.9 1343.5625608282983 1953.648406850703 14363.37 0.456 1702.6644338376657 11963
230 119.4 1412.76367755444 2065.4167293259293 14363.37 0.456 1670.946778692272 13122
240 115.4 1364.0691559792003 1876.3719077320143 14363.37 0.436 1649.413485680357 14316
250 125.9 1268.3847426529012 1803.8250060754378 14363.37 0.436 1628.127942275371 15470
260 136.2 1191.4191336270194 1846.957827307719 14363.37 0.436 1601.0541967840272 16729
270 139.2 1123.3558239942552 1850.412090222701 14363.37 0.436 1570.2143893648772 18091
280 144.2 1119.418733703189 1862.8358401564142 14363.37 0.436 1538.2877290458346 19483
290 146 1123.0413479452068 1844.786523462563 14363.37 0.429 1509.4223005495817 20925
300 151.7 1094.2374482531336 1747.23135890347 14363.37 0.429 1484.2216666071029 22385
310 156.8 1027.5570465561223 1599.2917621480433 14363.37 0.429 1459.4703462471762 23902
320 152.5 1038.6862754098347 1678.6691806933572 14363.37 0.429 1432.8806307420498 25470
330 107 1613.3111476635513 1850.858845397496 14363.37 0.425 1410.6118257084647 26995
340 106.9 1510.240102899908 1320.3333045117201 14363.37 0.425 1418.3398953500805 28065
350 115 1388.6593139130446 1290.1577614378043 14363.37 0.425 1421.7119459394526 29134
360 85.1 1873.4734148061077 1113.7455647814813 14363.37 0.425 1420.456810328887 30284
370 68.1 1044.9135873715122 919.3937312851157 14363.37 0.425 1432.838924682833 31135
380 65.2 41.479226993865055 48.8436942815355 14363.37 0.425 1424.5356447384966 31816
390 54.3 22.308751381215476 18.4139103351117 14363.37 0.425 1396.7620589195517 32468
400 35.1 21.040709401709417 23.329072993988806 14363.37 0.425 1374.1535906516012 33011
410 10.2 9.637137254901962 3.5389205179180676 14363.37 0.425 1359.9175550026978 33362
420 0 0 0 14363.37 0.425 1355.8018305641885 33464
430 0 0 0 14363.37 0.425 1355.8018305641885 33464
440 0 0 0 14363.37 0.425 1355.8018305641885 33464
450 0 0 0 14363.37 0.425 1355.8018305641885 33464
460 0 0 0 14363.37 0.425 1355.8018305641885 33464
467 0.1 65035.446 0.0 65035.446 0.425 1355.8018305641885 33464
