0 15.8 23.602297468354433 25.638491578318586 153.196 9.959 0 0
10 22.3 20.399860986547097 12.345388230030753 153.196 6.178 23.602297468354433 158
20 20.5 21.735068292682925 11.262599559353982 153.196 6.178 21.72790551181103 381
30 35.5 80.07001408450702 53.11318178542529 275.795 6.178 21.730411262798636 586
40 36.1 37.02721883656511 24.732806691320476 275.795 6.178 43.739506907545156 941
50 40.4 51.290438118811856 36.24673171307773 275.795 6.178 41.878419354838705 1302
60 46.6 71.64557296137335 62.73211153790645 309.533 6.178 44.10729132473622 1706
70 55.5 89.73326306306303 69.62889798411399 309.533 6.178 50.015596685082855 2172
80 58.7 539.3535621805794 174.96524799606442 972.211 6.178 58.09895012834615 2727
90 58.6 1338.1617662116053 412.5673121085562 2168.435 6.178 143.34229873264937 3314
100 83 1795.976667469881 1338.3778171656622 3291.827 0.393 322.87158282051297 3900
110 78.5 1989.8029057324875 1619.0236000647064 3689.57 0.393 581.3657097251589 4730
120 90.5 1895.4295093922617 1466.5740622932044 3706.489 0.393 781.8413577515875 5515
130 95.8 1648.4959394572008 1352.0809794773759 3706.489 0.393 938.8191267912775 6420
140 100.6 1589.2914115308176 1318.4410454975857 3706.489 0.382 1030.9674578476552 7378
150 103.2 1572.3353149224795 1249.0031194020053 3706.489 0.382 1097.9610047709928 8384
160 117.9 1350.9978795589484 1362.0842723592705 3706.489 0.382 1149.9527515930333 9416
170 124.9 1275.342469975984 1349.5948746784607 3706.489 0.382 1172.3248333176027 10595
180 125.8 1286.991372019077 1347.751946600851 3706.489 0.382 1183.188479736576 11844
190 137.3 1174.059344501091 1347.3385259947017 3706.489 0.382 1193.1552053121666 13102
200 146.5 1107.5463215017035 1367.9597640300094 14363.37 0.382 1191.3439018998276 14475
210 150.7 1076.8579270072994 1259.550096746989 14363.37 0.382 1183.6423049560851 15940
220 162.6 972.3080393603915 1301.4919435541362 14363.37 0.382 1174.4187102080587 17447
230 161.4 1026.2502620817872 1324.4138698322229 14363.37 0.382 1157.188492056834 19073
240 157.7 980.0414337349396 1236.0770828427055 14363.37 0.382 1146.9726897085127 20687
250 167.4 958.7712873357224 1237.4484909256707 14363.37 0.382 1135.1486423374056 22264
260 192.8 840.040907676349 1231.6053417438798 14363.37 0.382 1122.8144585178377 23938
270 192 833.7647432291681 1271.4501410653286 14363.37 0.382 1101.7370825794478 25866
280 196 810.1040010204072 1275.5911569484808 14363.37 0.382 1083.2203154466279 27786
290 200 826.9884579999996 1246.1901874233733 14363.37 0.382 1065.2243504000537 29746
300 209.6 772.5769417938943 1151.7067686701128 14363.37 0.381 1050.215474169974 31746
310 215.5 754.2652496519709 1131.0335860836128 14363.37 0.381 1033.0199666981855 33842
320 203.4 790.2215294985263 1169.3755208576702 14363.37 0.381 1016.3320089451896 35997
330 121.2 1330.7428432343243 1308.8492600581742 14363.37 0.381 1004.239013357524 38031
340 106.9 1510.240102899908 1320.3333045117201 14363.37 0.381 1014.3229172846111 39243
350 115 1388.6593139130446 1290.1577614378043 14363.37 0.381 1027.473727748561 40312
360 85.1 1873.4734148061077 1113.7455647814813 14363.37 0.381 1037.4916580000963 41462
370 68.1 1044.9135873715122 919.3937312851157 14363.37 0.381 1054.3049417436719 42313
380 65.2 41.479226993865055 48.8436942815355 14363.37 0.381 1054.1561881425312 42994
390 54.3 22.308751381215476 18.4139103351117 14363.37 0.381 1039.0284472574801 43646
400 35.1 21.040709401709417 23.329072993988806 14363.37 0.381 1026.5348675235914 44189
410 10.2 9.637137254901962 3.5389205179180676 14363.37 0.381 1018.611013695554 44540
420 0 0 0 14363.37 0.381 1016.305665919985 44642
430 0 0 0 14363.37 0.381 1016.305665919985 44642
440 0 0 0 14363.37 0.381 1016.305665919985 44642
450 0 0 0 14363.37 0.381 1016.305665919985 44642
460 0 0 0 14363.37 0.381 1016.305665919985 44642
467 0.1 65035.446 0.0 65035.446 0.381 1016.305665919985 44642
