0 71.1234375 71.1234375
10 103.6640625 174.7875
20 84.90625 259.69375
30 183.6 443.29375
40 193.81953125 637.11328125
50 226.78125 863.89453125
60 251.646875 1115.54140625
70 304.2453125 1419.78671875
80 358.30234375 1778.0890625
90 388.34765625 2166.43671875
100 459.04921875 2625.4859375
110 414.17265625 3039.65859375
120 443.146875 3482.80546875
130 450.640625 3933.44609375
140 454.85703125 4388.303125
150 470.98984375 4859.29296875
160 501.5078125 5360.80078125
170 498.6703125 5859.47109375
180 498.46796875 6357.9390625
190 512.52734375 6870.46640625
200 540.96015625 7411.4265625
210 561.9484375 7973.375
220 566.740625 8540.115625
230 574.63203125 9114.74765625
240 526.4 9641.14765625
250 528.6578125 10169.80546875
260 598.9125 10768.71796875
270 589.36953125 11358.0875
280 616.64375 11974.73125
290 591.26171875 12565.99296875
300 613.82421875 13179.8171875
310 617.93828125 13797.75546875
320 597.43828125 14395.19375
330 427.25703125 14822.45078125
340 372.696875 15195.14765625
350 390.26640625 15585.4140625
360 307.0578125 15892.471875
370 176.9640625 16069.4359375
380 219.7671875 16289.203125
390 181.67421875 16470.87734375
400 142.1578125 16613.03515625
410 53.8890625 16666.92421875
420 0 16666.92421875
430 0 16666.92421875
440 0 16666.92421875
450 0 16666.92421875
460 0 16666.92421875
467 0 16666.92421875
