0 8.6 86
10 11.3 199
20 10.3 302
30 14.5 447
40 13.6 583
50 13.5 718
60 19.6 914
70 20.3 1117
80 20.1 1318
90 22.5 1543
100 23.1 1774
110 22.4 1998
120 28.9 2287
130 28.4 2571
140 30.8 2879
150 31.2 3191
160 36.5 3556
170 36.6 3922
180 36.7 4289
190 39 4679
200 38.7 5066
210 39.9 5465
220 45.6 5921
230 44.7 6368
240 45.5 6823
250 47.2 7295
260 52.6 7821
270 52 8341
280 52.8 8869
290 52.7 9396
300 55 9946
310 59.2 10538
320 56.6 11104
330 5.1 11155
340 0 11155
350 0 11155
360 0 11155
370 0 11155
380 0 11155
390 0 11155
400 0 11155
410 0 11155
420 0 11155
430 0 11155
440 0 11155
450 0 11155
460 0 11155
467 0 11155
