0 86 86
10 199 199
20 302 302
30 427 429
40 516 516
50 587 588
60 724 724
70 860 861
80 957 957
90 1080 1080
100 1161 1162
110 1212 1215
120 1334 1337
130 1463 1464
140 1565 1566
150 1683 1685
160 1839 1841
170 1984 1985
180 2085 2086
190 2186 2187
200 2255 2261
210 2314 2316
220 2425 2431
230 2519 2528
240 2603 2604
250 2667 2669
260 2795 2798
270 2868 2872
280 2960 2960
290 3024 3029
300 3092 3119
310 3209 3210
320 3271 3272
330 2925 3278
340 2405 3278
350 1836 3278
360 1308 3278
370 999 3278
380 641 3278
390 349 3278
400 95 3278
410 1 3278
420 1 3278
430 1 3278
440 1 3278
450 1 3278
460 1 3278
467 0 3278
