0 0.1 1.7325716069360362 0 1.7325716069360362 1.7325716069360362 0 0
10 0.1 0.5005005005005005 0.0 1.7325716069360362 0.5005005005005005 1.7325716069360362 1
20 0.1 0.3003003003003003 0.0 1.7325716069360362 0.3003003003003003 1.1165360537182685 2
30 0.1 0.5 0.0 1.7325716069360362 0.3003003003003003 0.8444574692456124 3
40 0.1 0.5005005005005005 0.0 1.7325716069360362 0.3003003003003003 0.7583431019342093 4
50 0.1 0.7028112449799196 0.0 1.7325716069360362 0.3003003003003003 0.7067745816474675 5
60 0.1 1.0 0.0 1.7325716069360362 0.3003003003003003 0.7061140255362095 6
70 0.1 1.3 0.0 1.7325716069360362 0.3003003003003003 0.7480977361738939 7
80 0.1 1.0040160642570282 0.0 1.7325716069360362 0.3003003003003003 0.8170855191521571 8
90 0.1 1.6064257028112447 0.0 1.7325716069360362 0.3003003003003003 0.837855579719365 9
100 0.1 1.0040160642570282 0.0 1.7325716069360362 0.3003003003003003 0.914712592028553 10
110 0.1 1.9019019019019021 0.0 1.9019019019019021 0.3003003003003003 0.9228310895038689 11
120 0.1 2.1042084168336674 0.0 2.1042084168336674 0.3003003003003003 1.0044203238703717 12
130 0.1 2.108433734939759 0.0 2.108433734939759 0.3003003003003003 1.0890194079444713 13
140 0.1 2.5948103792415167 0.0 2.5948103792415167 0.3003003003003003 1.1618347170155634 14
150 0.1 3.2128514056224895 0.0 3.2128514056224895 0.3003003003003003 1.2573664278306267 15
160 0.1 3.3099297893681046 0.0 3.3099297893681046 0.3003003003003003 1.3795842389426183 16
170 0.1 3.2193158953722336 0.0 3.3099297893681046 0.3003003003003003 1.493133977202941 17
180 0.1 3.7298387096774195 0.0 3.7298387096774195 0.3003003003003003 1.5890329726567907 18
190 0.1 5.53877139979859 0.0 5.53877139979859 0.3003003003003003 1.7017069588157712 19
200 0.1 2.644964394710071 0.0 5.53877139979859 0.3003003003003003 1.893560180864912 20
210 0.1 3.1632653061224487 0.0 5.53877139979859 0.3003003003003003 1.929341333905158 21
220 0.1 2.971311475409836 0.0 5.53877139979859 0.3003003003003003 1.9854287871877618 22
230 0.1 4.489795918367347 0.0 5.53877139979859 0.3003003003003003 2.028293251893069 23
240 0.1 5.138746145940391 0.0 5.53877139979859 0.3003003003003003 2.1308558629961643 24
250 0.1 2.8368794326241136 0.0 5.53877139979859 0.3003003003003003 2.2511714743139333 25
260 0.1 2.42914979757085 0.0 5.53877139979859 0.3003003003003003 2.2736987034797096 26
270 0.1 2.4365482233502536 0.0 5.53877139979859 0.3003003003003003 2.2794561514090113 27
280 0.1 2.233502538071066 0.0 5.53877139979859 0.3003003003003003 2.28506658254977 28
290 0.1 2.320887991927346 0.0 5.53877139979859 0.3003003003003003 2.283288512050504 29
300 0.1 2.716297786720322 0.0 5.53877139979859 0.3003003003003003 2.284541828046399 30
310 0.1 1.5259409969481181 0.0 5.53877139979859 0.3003003003003003 2.2984694396165253 31
320 0.1 2.4024024024024024 0.0 5.53877139979859 0.3003003003003003 2.2743279257831377 32
