10 0.1 60 0 60 60 0 0
20 0.1 66.0 0.0 66 60 60.0 1
30 0.1 164.0 0.0 164 60 63.0 2
40 0.1 233.0 0.0 233 60 96.66666666666667 3
50 0.1 336.0 0.0 336 60 130.75 4
60 0.1 340.0 0.0 340 60 171.8 5
70 0.1 625.0 0.0 625 60 199.83333333333334 6
80 0.1 691.0 0.0 691 60 260.57142857142856 7
90 0.1 893.0 0.0 893 60 314.375 8
100 0.1 629.0 0.0 893 60 378.6666666666667 9
110 0.1 1220.0 0.0 1220 60 403.7 10
120 0.1 1348.0 0.0 1348 60 477.90909090909093 11
130 0.1 1774.0 0.0 1774 60 550.4166666666666 12
140 0.1 1424.0 0.0 1774 60 644.5384615384615 13
150 0.1 2140.0 0.0 2140 60 700.2142857142857 14
160 0.1 2103.0 0.0 2140 60 796.2 15
170 0.1 2230.0 0.0 2230 60 877.875 16
180 0.1 2773.0 0.0 2773 60 957.4117647058823 17
190 0.1 2661.0 0.0 2773 60 1058.2777777777778 18
200 0.1 2937.0 0.0 2937 60 1142.6315789473683 19
210 0.1 3569.0 0.0 3569 60 1232.35 20
220 0.1 3777.0 0.0 3777 60 1343.6190476190477 21
230 0.1 4187.0 0.0 4187 60 1454.2272727272727 22
240 0.1 4922.0 0.0 4922 60 1573.0434782608695 23
250 0.1 2631.0 0.0 4922 60 1712.5833333333333 24
260 0.1 2505.0 0.0 4922 60 1749.32 25
270 0.1 2686.0 0.0 4922 60 1778.3846153846155 26
280 0.1 2434.0 0.0 4922 60 1812.0 27
290 0.1 2153.0 0.0 4922 60 1834.2142857142858 28
300 0.1 2279.0 0.0 4922 60 1845.2068965517242 29
310 0.1 2317.0 0.0 4922 60 1859.6666666666667 30
320 0.1 1804.0 0.0 4922 60 1874.4193548387098 31
