0 1.3 30.152384615384605 24.496607638102624 98.772 11.417 0 0
10 2.1 32.82028571428572 42.09747330291684 190.265 11.215 30.152384615384605 13
20 4.4 21.45011363636364 15.296711508175852 190.265 10.527 31.800205882352937 34
30 5.7 49.20803508771931 101.34077844804088 370.105 10.421 25.961692307692307 78
40 8.5 41.739235294117655 90.07642938901414 385.044 7.349 35.77681481481482 135
50 8.7 54.72406896551724 108.13728258000728 432.385 7.349 38.08047727272728 220
60 14.6 87.50144520547946 162.94111741765946 668.517 7.349 42.797065146579804 307
70 17.3 69.23473988439304 127.09611517639846 668.517 7.349 57.20509933774835 453
80 22.7 88.86947577092506 149.5590978592693 668.517 7.349 60.529584664536735 626
90 16.9 58.4998520710059 117.06339911133124 668.517 7.349 68.07138452520515 853
100 28.4 143.68606690140842 212.38754884978914 876.239 7.349 66.48861643835615 1022
110 33.5 115.68692238805966 193.6313142605056 957.854 6.677 83.27581087289431 1306
120 41.3 254.6925738498789 294.6218649841742 1207.639 6.677 89.892338817794 1641
130 34.8 149.07565517241395 223.7588907160407 1207.639 6.677 123.02890019474192 2054
140 47.9 311.31605427974955 314.5513008161245 1498.522 6.677 126.8025349708576 2402
150 50.8 225.52596653543324 271.7230370834234 1498.522 6.677 157.48006907323847 2881
160 50.8 578.2681102362212 364.28525694241057 1769.159 6.677 167.67992623192686 3389
170 55 1474.6365981818178 558.4283828660875 3022.386 0.875 221.2028406466514 3897
180 73.5 1605.2365619047607 1093.4423771952604 4205.06 0.816 376.2261297503936 4447
190 80.5 1596.9007006211195 1403.9056339578453 4470.04 0.816 550.5454403705132 5182
200 94.9 1354.3668851422547 1020.6981098421887 4470.04 0.816 691.2362679138134 5987
210 116.8 1078.2349520547905 1201.9867829353598 4470.04 0.816 781.9673745674742 6936
220 123.7 1117.2350670978167 1386.9568858541222 4470.04 0.816 824.6673413129314 8104
230 153.9 833.0786497725791 1259.0516089675823 4470.04 0.816 863.4111885237121 9341
240 101.4 1255.641303747535 1643.1910338365842 4792.77 0.816 859.1205840073524 10880
250 107.6 1205.9206161710026 1934.4810111480533 5657.516 0.816 892.9251921977462 11894
260 138.2 1056.1437062228663 2013.7951799607822 6462.923 0.816 918.8915049344636 12970
270 110.4 1173.0048586956532 1760.5351563384372 6462.923 0.803 932.107958542363 14352
280 75 1802.2921186666683 2441.130875139352 6462.923 0.803 949.3148799818838 15456
290 68.2 2225.3910366568866 2304.2686675033774 6462.923 0.803 988.7899465630012 16206
300 73.8 1692.663521680214 2131.1407061343775 6462.923 0.803 1038.7284794528655 16888
310 80 1730.409465000004 2141.401995106409 6462.923 0.803 1066.1087166685572 17626
320 44.5 2798.2795662921367 2458.5737064012233 6462.923 0.803 1094.950603060892 18426
