0 16.09609375 16.09609375
10 3.81484375 19.9109375
20 8.81875 28.7296875
30 17.990625 46.7203125
40 16.86328125 63.58359375
50 17.0296875 80.61328125
60 11.5140625 92.12734375
70 17.1703125 109.29765625
80 16.8953125 126.19296875
90 15.3921875 141.58515625
100 40.89296875 182.478125
110 16.515625 198.99375
120 82.65390625 281.64765625
130 22.025 303.67265625
140 8.465625 312.13828125
150 71.278125 383.41640625
160 17.43515625 400.8515625
170 8.07421875 408.92578125
180 9.6890625 418.61484375
190 12.91875 431.53359375
200 12.91875 444.45234375
210 6.459375 450.91171875
220 27.94453125 478.85625
227 7 485.85625
