0 0.1 1.5522688267252593 0 1.5522688267252593 1.5522688267252593 0 0
10 0.1 0.6006006006006006 0.0 1.5522688267252593 0.6006006006006006 1.5522688267252593 1
20 0.1 0.6006006006006006 0.0 1.5522688267252593 0.6006006006006006 1.07643471366293 2
30 0.1 0.4008016032064128 0.0 1.5522688267252593 0.4008016032064128 0.9178233426421535 3
40 0.1 0.4012036108324975 0.0 1.5522688267252593 0.4008016032064128 0.7885679077832183 4
50 0.1 0.7992007992007992 0.0 1.5522688267252593 0.4008016032064128 0.7110950483930741 5
60 0.1 0.5020080321285141 0.0 1.5522688267252593 0.4008016032064128 0.7257793401943617 6
70 0.1 3.1936127744510974 0.0 3.1936127744510974 0.4008016032064128 0.6938120104706692 7
80 0.1 1.0040160642570282 0.0 3.1936127744510974 0.4008016032064128 1.0062871059682228 8
90 0.1 1.002004008016032 0.0 3.1936127744510974 0.4008016032064128 1.0060347680003123 9
100 0.1 1.2084592145015105 0.0 3.1936127744510974 0.4008016032064128 1.0056316920018842 10
110 0.1 1.1066398390342052 0.0 3.1936127744510974 0.4008016032064128 1.0240705576836684 11
120 0.1 1.2060301507537687 0.0 3.1936127744510974 0.4008016032064128 1.0309513311295464 12
130 0.1 2.0060180541624875 0.0 3.1936127744510974 0.4008016032064128 1.044418932639102 13
140 0.1 2.19560878243513 0.0 3.1936127744510974 0.4008016032064128 1.1131045841764866 14
150 0.1 1.9076305220883536 0.0 3.1936127744510974 0.4008016032064128 1.185271530727063 15
160 0.1 3.911735205616851 0.0 3.911735205616851 0.4008016032064128 1.2304189676871435 16
170 0.1 2.1255060728744937 0.0 3.911735205616851 0.4008016032064128 1.388143452271244 17
180 0.1 2.5176233635448138 0.0 3.911735205616851 0.4008016032064128 1.4291080423047577 18
190 0.1 3.225806451612903 0.0 3.911735205616851 0.4008016032064128 1.486398322370024 19
200 0.1 2.5380710659898478 0.0 3.911735205616851 0.4008016032064128 1.5733687288321678 20
210 0.1 2.8513238289205702 0.0 3.911735205616851 0.4008016032064128 1.619306935363486 21
220 0.1 3.0456852791878175 0.0 3.911735205616851 0.4008016032064128 1.6753077032524444 22
230 0.1 3.760162601626017 0.0 3.911735205616851 0.4008016032064128 1.7348893369887648 23
240 0.1 6.673407482305358 0.0 6.673407482305358 0.4008016032064128 1.819275723015317 24
250 0.1 2.920443101711984 0.0 6.673407482305358 0.4008016032064128 2.0134409933869186 25
260 0.1 3.015075376884422 0.0 6.673407482305358 0.4008016032064128 2.0483256898609596 26
270 0.1 4.179104477611941 0.0 6.673407482305358 0.4008016032064128 2.0841312338247917 27
280 0.1 3.6999999999999997 0.0 6.673407482305358 0.4008016032064128 2.15895170681719 28
290 0.1 2.3092369477911645 0.0 6.673407482305358 0.4008016032064128 2.2120913031338385 29
300 0.1 2.6052104208416833 0.0 6.673407482305358 0.4008016032064128 2.215329491289083 30
310 0.1 3.20962888665998 0.0 6.673407482305358 0.4008016032064128 2.227906295468199 31
320 0.1 1.7085427135678393 0.0 6.673407482305358 0.4008016032064128 2.2585851264429424 32
330 0.1 1.103309929789368 0.0 6.673407482305358 0.4008016032064128 2.2419171745376363 33
340 0.1 0.6 0.0 6.673407482305358 0.4008016032064128 2.208428726162687 34
350 0.1 0.4012036108324975 0.0 6.673407482305358 0.4008016032064128 2.162473619700896 35
360 0.1 0.30120481927710846 0.0 6.673407482305358 0.30120481927710846 2.1135494527878844 36
367 0.1 0.40040040040040037 0.0 6.673407482305358 0.30120481927710846 2.0645671653957014 37
