0 1.4 53.33528571428571 42.27282189443197 182.635 12.065 0 0
10 0.8 33.324875 17.294399985526386 182.635 7.417 53.33528571428571 14
20 1.4 32.92378571428572 18.766202607646132 182.635 7.417 46.058772727272725 22
30 1.7 37.00282352941177 41.50392670471114 182.635 7.417 40.950722222222225 36
40 3.5 243.71505714285715 337.00639178914633 973.85 7.417 39.68441509433963 53
50 3.7 174.10110810810812 322.25856216262656 1328.313 7.417 120.8329659090909 88
60 5.9 104.617 232.48801549662582 1328.313 6.721 136.600336 125
70 7.5 243.34313333333333 334.7510814810843 1392.128 6.721 126.34480978260869 184
80 6.3 823.7674126984126 783.6623455644299 2578.7 6.721 160.2246332046332 259
90 9.7 597.9073092783505 651.2847027723793 2951.241 6.721 290.04822049689443 322
100 7.8 2340.7500641025645 1479.0943875902524 5761.912 6.721 361.3187016706444 419
110 8.1 4458.730469135803 2819.8852149043537 11023.684 6.721 671.97392555332 497
120 13.4 4722.938313432836 3288.551944956996 12619.553 6.721 1202.6439602076125 578
130 10.8 6644.456009259262 4632.09878038603 16221.827 2.119 1865.1712682584268 712
140 18.4 4681.864255434783 6865.919559326904 23251.215 0.544 2494.6380390243908 820
150 16.8 3742.666767857143 7103.550082695282 30136.639 0.54 2895.484277888447 1004
160 21.2 9573.433632075468 10779.190034248826 30546.071 0.54 3016.9234061433453 1172
170 25.7 4051.5678404669266 6907.8176536594265 30801.871 0.54 4021.244336705203 1384
180 33.3 4867.277573573579 8152.106529762366 30801.871 0.536 4025.9933558805615 1641
190 35.5 2381.959864788735 5168.365706625749 30801.871 0.536 4167.912122087134 1974
200 43.4 2879.143933179723 6939.53672069469 30801.871 0.536 3895.686681408331 2329
210 43.6 3242.6270481651363 7254.932631134532 30801.871 0.525 3736.012576185307 2763
220 53.1 2368.621064030129 6494.093283170691 32217.464 0.525 3668.7677839949993 3199
230 58.9 2646.927932088288 6661.101598174439 32217.464 0.525 3483.6798729222523 3730
240 43.4 2600.371456221199 5828.906262394321 32217.464 0.525 3369.5685292891876 4319
250 40 2440.4325599999997 6478.7918097538795 32217.464 0.525 3299.332566799916 4753
260 40 2019.7370250000029 5710.477471478506 33523.957 0.525 3232.6607246264316 5153
270 36.9 2632.6088997289953 8076.134046917127 39464.448 0.519 3145.2900277327576 5553
280 23 5356.099547826083 12348.342261740347 44044.867 0.519 3113.3448510638304 5922
290 23.4 4775.32430769231 12458.082810827631 48958.029 0.519 3197.192962288687 6152
300 27.9 4329.863129032256 11834.361985976495 49214.685 0.519 3255.0198860006267 6386
310 21 5153.923009523808 13326.905650317767 52353.428 0.519 3300.013324081021 6665
320 8.9 17452.36780898878 21726.61642206571 52353.428 0.519 3356.641838109091 6875
330 4.3 18085.435604651168 22505.72085757683 53407.02 0.519 3536.7853779437114 6964
340 2.1 51359.719857142874 6288.645342618193 55197.317 0.519 3626.066376908806 7007
350 1.6 52065.343875000006 4239.577975858769 55218.488 0.519 3768.6968155947643 7028
360 2.4 54636.637291666666 925.6051864907754 56122.538 0.519 3878.399591425327 7044
367 6.9 46636.3297536232 7023.749989604728 56122.538 0.519 4050.7535394736847 7068
