40 0.7 35934.21742857143 88.62655337483457 36040.917 35802.251 0 0
50 0.4 36160.43075 133.53083929447774 36371.267 35802.251 35934.21742857143 7
60 0.4 35855.01425 63.11746677574668 36371.267 35792.05 36016.476818181814 11
70 1.2 36098.90691666667 243.95694645656067 36630.945 35792.05 35973.420133333326 15
80 1.8 59460.143888888895 22494.917603839556 82663.764 35792.05 36029.192037037035 27
90 1.6 53839.97374999999 21751.80769715508 83237.047 35792.05 45401.57277777778 45
100 1.6 42491.5509375 11327.801726632651 86200.806 35792.05 47614.92385245902 61
110 1.7 63131.55623529412 21988.328394901382 91580.741 35792.05 46550.32688311688 77
120 1.8 55342.96455555554 16827.401345783284 93330.369 35792.05 49549.05985106383 94
130 1.8 60606.01005555556 19784.23907142867 98171.685 35792.05 50480.223107142854 112
140 3.4 68738.91979411765 22837.976671371733 106767.008 35792.05 51882.255146153846 130
150 4.1 71410.3963902439 22381.720060200874 110302.298 35792.05 55376.929524390245 164
160 5.5 77728.98720000002 25841.41328090315 113489.525 35792.05 58583.62289756098 205
170 4.9 63135.39797959184 26463.609277852418 113489.525 35008.733 62633.603807692314 260
180 9.6 62304.19982291668 24332.13647503472 115802.029 35007.651 62713.17634627833 309
190 6.3 55626.08125396826 22511.13737401194 115802.029 35007.651 62616.23376296298 405
200 10.8 65308.09678703704 27198.038022732144 115802.029 35007.651 61675.25169444446 468
210 9.6 59539.09082291666 25483.479766153145 115802.029 35007.578 62356.410149305564 576
220 13.8 55688.491413043484 23932.65788274253 116000.659 35007.562 61953.935959821436 672
230 14.7 56243.92304761906 26277.70290830409 123281.941 35007.562 60886.48985185185 810
240 14.6 53992.25067808218 25249.89007123937 123281.941 35007.48 60173.368305120166 957
250 17.2 58577.92283139533 25479.450622840384 128406.474 35007.48 59355.1967969175 1103
260 18.8 58654.067920212794 26706.168982090137 128406.474 35007.47 59250.34101490196 1275
270 20.4 62334.07607843136 26432.634395088775 139942.054 35007.47 59173.71808817499 1463
280 11.4 82230.09017543863 15930.231825750649 149416.719 35007.47 59560.46855608879 1667
290 10.7 88571.45536448596 16969.541270805592 149416.719 35007.47 61011.52799719259 1781
300 13.7 87302.44121167882 13385.872856835509 151496.09 35007.47 62573.451846927965 1888
310 13.1 88252.27145801527 13795.878226342105 151496.09 35007.47 64246.47483111111 2025
320 6.2 98363.27566129029 18514.373027490292 154207.003 35007.47 65705.08306771799 2156
330 3.1 109642.42054838712 21139.272738760246 154207.003 35007.47 66617.98114743011 2218
340 2.2 137176.6853636363 9121.663389912897 154207.003 35007.47 67211.02588795019 2249
350 1.5 138904.94073333332 10715.903521201737 163444.169 35007.47 67888.80858652575 2271
360 2.5 138176.47355999998 6721.076924537433 163444.169 35007.47 68354.7937055993 2286
367 6.8 137027.67782352943 6090.409224789034 163444.169 35007.47 69110.11261358717 2311
