0 17.1859375 17.1859375
10 8.76015625 25.94609375
20 14.225 40.17109375
30 10.84296875 51.0140625
40 56.69453125 107.70859375
50 51.796875 159.50546875
60 69.16875 228.67421875
70 104.58203125 333.25625
80 99.4890625 432.7453125
90 148.52265625 581.26796875
100 161.50546875 742.7734375
110 150.22578125 892.99921875
120 213.475 1106.47421875
130 188.18828125 1294.6625
140 234.78359375 1529.44609375
150 266.65 1796.09609375
160 271.00234375 2067.0984375
170 328.6828125 2395.78125
180 360.4921875 2756.2734375
190 379.02890625 3135.30234375
200 449.06328125 3584.365625
210 372.325 3956.690625
220 388.2984375 4344.9890625
230 435.62578125 4780.61484375
240 387.34453125 5167.959375
250 402.4171875 5570.3765625
260 421.59609375 5991.97265625
270 381.45 6373.42265625
280 243.08125 6616.50390625
290 188.63828125 6805.1421875
300 236.13359375 7041.27578125
310 245.0234375 7286.29921875
320 143.10625 7429.40546875
330 79.85 7509.25546875
340 50.06328125 7559.31875
350 56.63359375 7615.95234375
360 32.5640625 7648.51640625
367 33.9359375 7682.45234375
