0 17.4359375 17.4359375
10 8.82109375 26.25703125
20 14.2375 40.49453125
30 11.61875 52.11328125
40 57.54453125 109.6578125
50 51.75859375 161.41640625
60 70.8375 232.25390625
70 111.37421875 343.628125
80 102.84140625 446.46953125
90 148.29609375 594.765625
100 148.73046875 743.49609375
110 141.978125 885.47421875
120 211.146875 1096.62109375
130 167.4171875 1264.03828125
140 182.0296875 1446.06796875
150 167.1796875 1613.24765625
160 240.76015625 1854.0078125
170 245.43203125 2099.43984375
180 305.715625 2405.15546875
190 290.19765625 2695.353125
200 341.66953125 3037.02265625
210 344.0609375 3381.08359375
220 402.67734375 3783.7609375
230 458.596875 4242.3578125
240 387.0296875 4629.3875
250 352.12890625 4981.51640625
260 362.2109375 5343.72734375
270 347.42109375 5691.1484375
280 233.2609375 5924.409375
290 203.2984375 6127.7078125
300 247.42734375 6375.13515625
310 227.509375 6602.64453125
320 120.5140625 6723.15859375
330 66.77890625 6789.9375
340 42.5484375 6832.4859375
350 50.49453125 6882.98046875
360 43.76328125 6926.74375
367 69.6515625 6996.3953125
