0 0.5 4.8378 7.243497039414042 19.323 1.034 0 0
10 1 1.1713999999999998 0.09392890928782253 19.323 0.928 4.8378 5
20 1.3 1.1756923076923076 0.0994526440189845 19.323 0.899 2.393533333333333 15
30 2.1 1.2069999999999999 0.1599288532292972 19.323 0.899 1.8281071428571427 28
40 2.7 1.1733333333333336 0.12502681193929452 19.323 0.853 1.5619183673469386 49
50 2.8 1.1562857142857144 0.12253654182174663 19.323 0.853 1.4238684210526316 76
60 3.7 1.547702702702702 2.0821361284892648 19.323 0.849 1.351826923076923 104
70 3.5 1.1688571428571433 0.19290695652969858 19.323 0.849 1.4032269503546098 141
80 4.4 1.3618181818181823 0.8711360470079824 19.323 0.849 1.356619318181818 176
90 5.9 1.4166779661016953 0.7789894026971788 19.323 0.849 1.3576590909090909 220
100 5.3 1.0822452830188678 0.13061738820077357 19.323 0.793 1.3701397849462367 279
110 6.8 1.1262500000000006 0.2746360894304445 19.323 0.793 1.3241807228915663 332
120 5.8 1.2249827586206892 1.1361226635356265 19.323 0.793 1.2905324999999999 400
130 7 1.072571428571428 0.10940626404482005 19.323 0.793 1.2822314410480349 458
140 7.5 1.0558533333333335 0.12867081444091696 19.323 0.793 1.254435606060606 528
150 9.2 1.2300543478260875 0.8493959793023568 19.323 0.793 1.2297363184079602 603
160 5 1.1734199999999992 0.338026217326408 19.323 0.793 1.2297784172661872 695
170 0 0 0 19.323 0.793 1.2259959731543626 745
180 0 0 0 19.323 0.793 1.2259959731543626 745
190 0 0 0 19.323 0.793 1.2259959731543626 745
200 0 0 0 19.323 0.793 1.2259959731543626 745
210 0 0 0 19.323 0.793 1.2259959731543626 745
220 0 0 0 19.323 0.793 1.2259959731543626 745
230 0 0 0 19.323 0.793 1.2259959731543626 745
240 0 0 0 19.323 0.793 1.2259959731543626 745
250 0 0 0 19.323 0.793 1.2259959731543626 745
260 0 0 0 19.323 0.793 1.2259959731543626 745
270 0 0 0 19.323 0.793 1.2259959731543626 745
280 0 0 0 19.323 0.793 1.2259959731543626 745
284 0 0 0 19.323 0.793 1.2259959731543626 745
