0 0.1 0.8899009802681582 0 0.8899009802681582 0.8899009802681582 0 0
10 0.1 0.3003003003003003 0.0 0.8899009802681582 0.3003003003003003 0.8899009802681582 1
20 0.1 0.20020020020020018 0.0 0.8899009802681582 0.20020020020020018 0.5951006402842293 2
30 0.1 0.3996003996003996 0.0 0.8899009802681582 0.20020020020020018 0.46346716025621953 3
40 0.1 0.5988023952095809 0.0 0.8899009802681582 0.20020020020020018 0.44750047009226457 4
50 0.1 1.1964107676969093 0.0 1.1964107676969093 0.20020020020020018 0.47776085511572786 5
60 0.1 0.9940357852882704 0.0 1.1964107676969093 0.20020020020020018 0.5975358405459248 6
70 0.1 1.3972055888223553 0.0 1.3972055888223553 0.20020020020020018 0.6541786897948313 7
80 0.1 1.3958125623130608 0.0 1.3972055888223553 0.20020020020020018 0.7470570521732718 8
90 0.1 3.7661050545094152 0.0 3.7661050545094152 0.20020020020020018 0.8191409977443596 9
100 0.1 2.371541501976284 0.0 3.7661050545094152 0.20020020020020018 1.1138374034208651 10
110 0.1 1.8905472636815919 0.0 3.7661050545094152 0.20020020020020018 1.2281741396531758 11
120 0.1 2.472799208704253 0.0 3.7661050545094152 0.20020020020020018 1.2833718999888772 12
130 0.1 1.4970059880239521 0.0 3.7661050545094152 0.20020020020020018 1.3748663083515984 13
140 0.1 2.4801587301587302 0.0 3.7661050545094152 0.20020020020020018 1.3835905711853382 14
150 0.1 1.8962075848303395 0.0 3.7661050545094152 0.20020020020020018 1.4566951151168976 15
160 0.1 4.274353876739562 0.0 4.274353876739562 0.20020020020020018 1.4841646444739878 16
170 0.1 1.8905472636815919 0.0 4.274353876739562 0.20020020020020018 1.648293422842551 17
180 0.1 0.8991008991008992 0.0 4.274353876739562 0.20020020020020018 1.661751969555831 18
190 0.1 1.1022044088176353 0.0 4.274353876739562 0.20020020020020018 1.621612439531887 19
200 0.1 1.2987012987012987 0.0 4.274353876739562 0.20020020020020018 1.5956420379961744 20
210 0.1 1.1988011988011988 0.0 4.274353876739562 0.20020020020020018 1.5815020027916564 21
220 0.1 0.7984031936127743 0.0 4.274353876739562 0.20020020020020018 1.5641065117011812 22
230 0.1 0.8 0.0 4.274353876739562 0.20020020020020018 1.530815063088642 23
240 0.1 0.5 0.0 4.274353876739562 0.20020020020020018 1.5003644354599484 24
250 0.1 0.3009027081243731 0.0 4.274353876739562 0.20020020020020018 1.4603498580415504 25
260 0.1 0.5994005994005994 0.0 4.274353876739562 0.20020020020020018 1.41575573689089 26
270 0.1 0.10030090270812438 0.0 4.274353876739562 0.10030090270812438 1.3855203614282863 27
280 0.1 0.4995004995004995 0.0 4.274353876739562 0.10030090270812438 1.339619666473995 28
284 0.1 0.5 0.0 4.274353876739562 0.10030090270812438 1.310650040026633 29
