0 0.1 3515.32421875 0 3515.32421875 3515.32421875 0 0
10 0.1 3516.08203125 0.0 3516.08203125 3515.32421875 3515.32421875 1
20 0.1 3515.6171875 0.0 3516.08203125 3515.32421875 3515.703125 2
30 0.1 3515.50390625 0.0 3516.08203125 3515.32421875 3515.6744791666665 3
40 0.1 3515.26953125 0.0 3516.08203125 3515.26953125 3515.6318359375 4
50 0.1 3513.35546875 0.0 3516.08203125 3513.35546875 3515.559375 5
60 0.1 3511.42578125 0.0 3516.08203125 3511.42578125 3515.1920572916665 6
70 0.1 3508.40625 0.0 3516.08203125 3508.40625 3514.6540178571427 7
80 0.1 3507.08984375 0.0 3516.08203125 3507.08984375 3513.873046875 8
90 0.1 3500.921875 0.0 3516.08203125 3500.921875 3513.1193576388887 9
100 0.1 3493.43359375 0.0 3516.08203125 3493.43359375 3511.899609375 10
110 0.1 3491.546875 0.0 3516.08203125 3491.546875 3510.220880681818 11
120 0.1 3482.5 0.0 3516.08203125 3482.5 3508.6647135416665 12
130 0.1 3476.48828125 0.0 3516.08203125 3476.48828125 3506.652043269231 13
140 0.1 3464.890625 0.0 3516.08203125 3464.890625 3504.497488839286 14
150 0.1 3459.4140625 0.0 3516.08203125 3459.4140625 3501.85703125 15
160 0.1 3457.03125 0.0 3516.08203125 3457.03125 3499.204345703125 16
170 0.1 3456.33984375 0.0 3516.08203125 3456.33984375 3496.723575367647 17
180 0.1 3455.86328125 0.0 3516.08203125 3455.86328125 3494.480034722222 18
190 0.1 3455.62890625 0.0 3516.08203125 3455.62890625 3492.447574013158 19
200 0.1 3455.51953125 0.0 3516.08203125 3455.51953125 3490.606640625 20
210 0.1 3455.046875 0.0 3516.08203125 3455.046875 3488.9358258928573 21
220 0.1 3454.5703125 0.0 3516.08203125 3454.5703125 3487.395419034091 22
230 0.1 3454.45703125 0.0 3516.08203125 3454.45703125 3485.9682404891305 23
240 0.1 3454.34765625 0.0 3516.08203125 3454.34765625 3484.6552734375 24
250 0.1 3454.23046875 0.0 3516.08203125 3454.23046875 3483.44296875 25
260 0.1 3454.2421875 0.0 3516.08203125 3454.23046875 3482.3194110576924 26
270 0.1 3454.12890625 0.0 3516.08203125 3454.12890625 3481.2795138888887 27
280 0.1 3454.35546875 0.0 3516.08203125 3454.12890625 3480.3098493303573 28
284 0.1 3463.734375 0.0 3516.08203125 3454.12890625 3479.4148706896553 29
