0 0.5 76.08120000000001 37.71375593811892 119.858 14.509 0 0
10 1 35.299200000000006 23.832067723133047 119.858 14.355 76.08120000000001 5
20 1.3 28.78169230769231 19.068474681383307 119.858 13.952 48.89320000000001 15
30 2.4 77.27541666666666 186.12133074688956 961.408 13.952 39.555714285714295 28
40 4.1 307.83414634146334 585.8094435119108 2265.567 13.952 56.964807692307694 52
50 4.1 297.464512195122 529.876603185884 2265.567 8.243 167.56311827956986 93
60 7 867.7691999999997 1049.4306736623653 4803.155 8.243 207.3090671641791 134
70 6.3 1133.8972698412697 1294.9358529001092 5680.389 8.243 433.937544117647 204
80 5.9 3475.9902203389834 2628.9944681546203 11571.697 8.243 599.0965805243445 267
90 6.3 5138.936634920637 3503.365353025647 14058.699 8.243 1119.7613803680981 326
100 9.7 6918.407298969071 4873.174164678644 18497.72 8.243 1770.6817943444732 389
110 8.5 8069.1093294117545 5614.19814334275 24251.507 8.243 2798.108489711934 486
120 8.6 8824.595697674422 7146.619919726147 25977.372 0.583 3582.7583520140092 571
130 16.2 10080.42002469136 10339.966563819677 37593.531 0.583 4268.904488584474 657
140 17.4 9354.783798850582 12309.511615745276 41400.809 0.575 5418.435034188034 819
150 17.4 7301.1359999999995 12120.025054929922 46200.225 0.575 6108.187989929507 993
160 14.1 9530.64148226951 13544.207280708002 48988.07 0.575 6286.056844901457 1167
170 13.7 15542.007890510955 17006.717826212574 59005.061 0.575 6635.817115443426 1308
180 13.2 13752.030878787878 17464.53234527665 60670.384 0.575 7480.2102892733565 1445
190 16 15464.600681250002 19406.88858286058 66903.018 0.575 8005.181955611922 1577
200 13.1 14312.856022900756 17975.664444166003 66903.018 0.575 8692.290185952792 1737
210 7.2 17312.37044444444 17321.943993921697 68517.945 0.575 9086.451922912205 1868
220 5.3 14151.509962264152 17906.03627801857 68517.945 0.575 9391.743744329895 1940
230 2.1 40882.80376190475 23197.841215408454 70034.466 0.575 9518.320567987956 1993
240 2.8 38648.08621428571 23691.425583784538 73087.169 0.575 9845.358376861965 2014
250 3.5 55304.189228571435 19095.648994171486 75122.75 0.575 10240.302735063662 2042
260 3.9 65887.72341025641 4973.981657834855 75488.187 0.575 10999.68454886856 2077
270 6.1 62222.895868852465 7125.732929357645 75488.187 0.575 12011.326096880906 2116
280 3.5 55207.55102857144 11139.746694424166 75488.187 0.575 13418.264891593937 2177
284 2.3 37304.51169565216 7790.8475254604255 75488.187 0.575 14079.487773508137 2212
