10 0.1 45 0 45 45 0 0
20 0.1 66.0 0.0 66 45 45.0 1
30 0.1 98.0 0.0 98 45 55.5 2
40 0.1 190.0 0.0 190 45 69.66666666666667 3
50 0.1 380.0 0.0 380 45 99.75 4
60 0.1 357.0 0.0 380 45 155.8 5
70 0.1 678.0 0.0 678 45 189.33333333333334 6
80 0.1 629.0 0.0 678 45 259.14285714285717 7
90 0.1 843.0 0.0 843 45 305.375 8
100 0.1 796.0 0.0 843 45 365.1111111111111 9
110 0.1 902.0 0.0 902 45 408.2 10
120 0.1 869.0 0.0 902 45 453.09090909090907 11
130 0.1 810.0 0.0 902 45 487.75 12
140 0.1 1151.0 0.0 1151 45 512.5384615384615 13
150 0.1 1158.0 0.0 1158 45 558.1428571428571 14
160 0.1 1241.0 0.0 1241 45 598.1333333333333 15
170 0.1 885.0 0.0 1241 45 638.3125 16
180 0.1 779.0 0.0 1241 45 652.8235294117648 17
190 0.1 824.0 0.0 1241 45 659.8333333333334 18
200 0.1 955.0 0.0 1241 45 668.4736842105264 19
210 0.1 916.0 0.0 1241 45 682.8 20
220 0.1 499.0 0.0 1241 45 693.9047619047619 21
230 0.1 620.0 0.0 1241 45 685.0454545454545 22
240 0.1 439.0 0.0 1241 45 682.2173913043479 23
250 0.1 374.0 0.0 1241 45 672.0833333333334 24
260 0.1 524.0 0.0 1241 45 660.16 25
270 0.1 401.0 0.0 1241 45 654.9230769230769 26
280 0.1 408.0 0.0 1241 45 645.5185185185185 27
284 0.1 362.0 0.0 1241 45 637.0357142857143 28
