0 5.309375 5.309375
10 7.4203125 12.7296875
20 7.72734375 20.45703125
30 24.35078125 44.8078125
40 56.0859375 100.89375
50 53.478125 154.371875
60 106.48125 260.853125
70 99.19453125 360.04765625
80 98.14375 458.19140625
90 83.503125 541.69453125
100 129.92734375 671.621875
110 119.471875 791.09375
120 116.284375 907.378125
130 177.03984375 1084.41796875
140 171.50859375 1255.9265625
150 180.6921875 1436.61875
160 150.828125 1587.446875
170 173.346875 1760.79375
180 170.68125 1931.475
190 200.09296875 2131.56796875
200 199.6234375 2331.19140625
210 158.521875 2489.71328125
220 144.94921875 2634.6625
230 93.1765625 2727.8390625
240 133.7125 2861.5515625
250 102.61484375 2964.16640625
260 117.5140625 3081.68046875
270 125.3 3206.98046875
280 101.26875 3308.24921875
284 32.0546875 3340.30390625
