0 0.1 1.4300809831640264 0 1.4300809831640264 1.4300809831640264 0 0
10 0.1 0.499001996007984 0.0 1.4300809831640264 0.499001996007984 1.4300809831640264 1
20 0.1 0.2004008016032064 0.0 1.4300809831640264 0.2004008016032064 0.9645414895860052 2
30 0.1 0.29940119760479045 0.0 1.4300809831640264 0.2004008016032064 0.7098279269250721 3
40 0.1 0.5005005005005005 0.0 1.4300809831640264 0.2004008016032064 0.6072212445950017 4
50 0.1 0.40040040040040037 0.0 1.4300809831640264 0.2004008016032064 0.5858770957761015 5
60 0.1 0.10030090270812438 0.0 1.4300809831640264 0.10030090270812438 0.5549643132134846 6
70 0.1 0.4008016032064128 0.0 1.4300809831640264 0.10030090270812438 0.49001239742700464 7
80 0.1 0.4016064257028112 0.0 1.4300809831640264 0.10030090270812438 0.47886104814943065 8
90 0.1 0.4012036108324975 0.0 1.4300809831640264 0.10030090270812438 0.4702772012109173 9
100 0.1 0.7021063189568706 0.0 1.4300809831640264 0.10030090270812438 0.4633698421730753 10
110 0.1 0.6030150753768844 0.0 1.4300809831640264 0.10030090270812438 0.48507315824432945 11
120 0.1 0.7014028056112225 0.0 1.4300809831640264 0.10030090270812438 0.494901651338709 12
130 0.1 0.3021148036253776 0.0 1.4300809831640264 0.10030090270812438 0.5107863555135178 13
140 0.1 0.5035246727089627 0.0 1.4300809831640264 0.10030090270812438 0.49588124466436495 14
150 0.1 0.6018054162487462 0.0 1.4300809831640264 0.10030090270812438 0.4963908065340048 15
160 0.1 1.0030090270812437 0.0 1.4300809831640264 0.10030090270812438 0.5029792196411761 16
170 0.1 0.5025125628140703 0.0 1.4300809831640264 0.10030090270812438 0.532392737725886 17
180 0.1 0.30120481927710846 0.0 1.4300809831640264 0.10030090270812438 0.5307327280085629 18
190 0.1 1.103309929789368 0.0 1.4300809831640264 0.10030090270812438 0.518652311759539 19
200 0.1 2.206619859578736 0.0 2.206619859578736 0.10030090270812438 0.5478851926610304 20
210 0.1 0.1004016064257028 0.0 2.206619859578736 0.10030090270812438 0.6268725577523497 21
220 0.1 0.4 0.0 2.206619859578736 0.10030090270812438 0.6029420599647749 22
230 0.1 0.4012036108324975 0.0 2.206619859578736 0.10030090270812438 0.5941184921402195 23
240 0.1 0.499001996007984 0.0 2.206619859578736 0.10030090270812438 0.5860803720857312 24
250 0.1 2.3046092184368736 0.0 2.3046092184368736 0.10030090270812438 0.5825972370426213 25
253 0.1 0.6993006993006993 0.0 2.3046092184368736 0.10030090270812438 0.6488284670962465 26
