30 0.7 30097.199857142852 49.33382466835702 30203.23 30060.216 0 0
40 0.9 30068.20711111111 11.040416139947599 30203.23 30060.216 30097.199857142852 7
50 0.3 30066.42033333333 2.5597252890801556 30203.23 30060.216 30080.8914375 16
60 0.8 30075.66725 18.10052851265654 30203.23 30060.216 30078.606526315787 19
70 0.4 30063.06325 4.392703175437841 30203.23 30056.387 30077.735629629628 27
80 0.4 30066.364250000002 2.8823338091722035 30203.23 30056.387 30075.842419354838 31
90 1 30064.842599999996 2.758492204085901 30203.23 30056.387 30074.759199999997 35
100 2.1 43407.61123809523 27497.68254166089 100114.28 30056.387 30072.55551111111 45
110 1.7 54780.487117647055 33464.747664837305 100114.28 30055.801 34315.52778787878 66
120 1.6 47572.791750000004 30325.38680231836 100114.28 30055.801 38507.145963855415 83
130 2 44075.40809999999 28005.808608640753 100114.28 30055.801 39972.30083838383 99
140 2 40570.28 25001.23141065694 100114.28 30055.801 40661.89869747899 119
150 1.4 40070.23599999999 24502.004438702414 100114.28 30055.801 40648.71615107913 139
160 3.1 48139.842580645156 30645.142876578553 100146.406 30055.801 40595.78332679738 153
170 3.6 53406.33111111112 33008.78601207012 100146.406 30055.801 41866.7933097826 184
180 4.5 61188.95284444442 34793.399413416555 100146.406 30055.801 43755.08131363636 220
190 3.2 73830.86815624998 33895.720899499545 100146.406 30055.801 46715.550064150935 265
200 1.1 100088.74290909091 5.777627406321393 100146.406 30055.801 49637.06581818181 297
210 1.5 100091.37513333332 11.191048308750249 100146.406 30055.801 51438.91142857142 308
220 1.9 100093.36131578947 9.167108653123536 100146.406 30055.801 53698.31376780185 323
230 1.2 100090.04466666665 4.294588287085352 100146.406 30055.801 56275.81640935671 342
240 2.5 100093.56272000002 9.384684487061776 100146.406 30055.801 57761.04448587568 354
250 2.2 100093.51499999998 8.90053036213084 100146.406 30055.801 60553.4269551451 379
253 1 100097.59059999998 14.413922139378961 100146.406 30055.801 62722.70859351619 401
