0 7.52265625 7.52265625
10 11.13046875 18.653125
20 7.01171875 25.66484375
30 16.96484375 42.6296875
40 21.08828125 63.71796875
50 7.4015625 71.11953125
60 27.946875 99.06640625
70 28.20546875 127.271875
80 35.90234375 163.17421875
90 54.09375 217.26796875
100 54.65859375 271.9265625
110 53.84375 325.7703125
120 58.2328125 384.003125
130 53.90703125 437.91015625
140 75.91875 513.82890625
150 60.6171875 574.44609375
160 67.66015625 642.10625
170 54.9359375 697.0421875
180 70.68515625 767.72734375
190 51.95859375 819.6859375
200 17.38515625 837.07109375
210 23.70703125 860.778125
220 30.02890625 890.80703125
230 18.965625 909.77265625
240 37.928125 947.70078125
250 34.7671875 982.46796875
253 15.62421875 998.0921875
