0 0.1 3520.50390625 0 3520.50390625 3520.50390625 0 0
10 0.1 3521.6328125 0.0 3521.6328125 3520.50390625 3520.50390625 1
20 0.1 3521.69921875 0.0 3521.69921875 3520.50390625 3521.068359375 2
30 0.1 3521.66796875 0.0 3521.69921875 3520.50390625 3521.2786458333335 3
40 0.1 3519.921875 0.0 3521.69921875 3519.921875 3521.3759765625 4
50 0.1 3518.921875 0.0 3521.69921875 3518.921875 3521.08515625 5
60 0.1 3516.35546875 0.0 3521.69921875 3516.35546875 3520.724609375 6
70 0.1 3511.234375 0.0 3521.69921875 3511.234375 3520.1004464285716 7
80 0.1 3507.6953125 0.0 3521.69921875 3507.6953125 3518.9921875 8
90 0.1 3505.6171875 0.0 3521.69921875 3505.6171875 3517.7369791666665 9
100 0.1 3503.45703125 0.0 3521.69921875 3503.45703125 3516.525 10
110 0.1 3492.93359375 0.0 3521.69921875 3492.93359375 3515.337002840909 11
120 0.1 3488.12890625 0.0 3521.69921875 3488.12890625 3513.4700520833335 12
130 0.1 3486.54296875 0.0 3521.69921875 3486.54296875 3511.520733173077 13
140 0.1 3485.90625 0.0 3521.69921875 3485.90625 3509.7366071428573 14
150 0.1 3478.51953125 0.0 3521.69921875 3478.51953125 3508.147916666667 15
160 0.1 3477.03515625 0.0 3521.69921875 3477.03515625 3506.296142578125 16
170 0.1 3475.53125 0.0 3521.69921875 3475.53125 3504.574908088235 17
180 0.1 3474.0390625 0.0 3521.69921875 3474.0390625 3502.961371527778 18
190 0.1 3472.59375 0.0 3521.69921875 3472.59375 3501.439144736842 19
200 0.1 3471.2578125 0.0 3521.69921875 3471.2578125 3499.996875 20
210 0.1 3469.734375 0.0 3521.69921875 3469.734375 3498.628348214286 21
220 0.1 3467.66796875 0.0 3521.69921875 3467.66796875 3497.3149857954545 22
230 0.1 3465.94140625 0.0 3521.69921875 3465.94140625 3496.025985054348 23
240 0.1 3464.76171875 0.0 3521.69921875 3464.76171875 3494.7724609375 24
250 0.1 3464.625 0.0 3521.69921875 3464.625 3493.57203125 25
260 0.1 3464.515625 0.0 3521.69921875 3464.515625 3492.458683894231 26
270 0.1 3464.50390625 0.0 3521.69921875 3464.50390625 3491.423755787037 27
280 0.1 3464.53125 0.0 3521.69921875 3464.50390625 3490.462332589286 28
290 0.1 3464.453125 0.0 3521.69921875 3464.453125 3489.568157327586 29
300 0.1 3464.55078125 0.0 3521.69921875 3464.453125 3488.730989583333 30
310 0.1 3464.90234375 0.0 3521.69921875 3464.453125 3487.9509828629034 31
320 0.1 3464.99609375 0.0 3521.69921875 3464.453125 3487.230712890625 32
330 0.1 3465.1796875 0.0 3521.69921875 3464.453125 3486.5569365530305 33
340 0.1 3465.0390625 0.0 3521.69921875 3464.453125 3485.9281939338234 34
