0 0.1 0.1015625 0 0.1015625 0.1015625 0 0
10 0.1 0.08984375 0.0 0.1015625 0.08984375 0.1015625 1
20 0.1 0.0703125 0.0 0.1015625 0.0703125 0.095703125 2
30 0.1 0.05859375 0.0 0.1015625 0.05859375 0.08723958333333333 3
40 0.1 0.05078125 0.0 0.1015625 0.05078125 0.080078125 4
50 0.1 0.0390625 0.0 0.1015625 0.0390625 0.07421875 5
60 0.1 0.0390625 0.0 0.1015625 0.0390625 0.068359375 6
70 0.1 0.03125 0.0 0.1015625 0.03125 0.06417410714285714 7
80 0.1 0.01953125 0.0 0.1015625 0.01953125 0.06005859374999999 8
90 0.1 0.01953125 0.0 0.1015625 0.01953125 0.05555555555555555 9
100 0.1 0.01953125 0.0 0.1015625 0.01953125 0.051953125 10
110 0.1 0.01171875 0.0 0.1015625 0.01171875 0.049005681818181816 11
120 0.1 0.01171875 0.0 0.1015625 0.01171875 0.0458984375 12
130 0.1 0.01171875 0.0 0.1015625 0.01171875 0.04326923076923077 13
140 0.1 0.01171875 0.0 0.1015625 0.01171875 0.041015625 14
150 0.1 0.01171875 0.0 0.1015625 0.01171875 0.0390625 15
160 0.1 0.0 0.0 0.1015625 0.0 0.037353515625 16
170 0.1 0.0 0.0 0.1015625 0.0 0.03515625 17
180 0.1 0.0 0.0 0.1015625 0.0 0.033203125 18
190 0.1 0.0 0.0 0.1015625 0.0 0.03145559210526316 19
200 0.1 0.0 0.0 0.1015625 0.0 0.0298828125 20
210 0.1 0.0 0.0 0.1015625 0.0 0.028459821428571428 21
220 0.1 0.1484375 0.0 0.1484375 0.0 0.02716619318181818 22
230 0.1 0.12109375 0.0 0.1484375 0.0 0.032438858695652176 23
240 0.1 0.1015625 0.0 0.1484375 0.0 0.0361328125 24
250 0.1 0.08984375 0.0 0.1484375 0.0 0.03875 25
260 0.1 0.0703125 0.0 0.1484375 0.0 0.04071514423076923 26
270 0.1 0.05859375 0.0 0.1484375 0.0 0.041811342592592594 27
280 0.1 0.05078125 0.0 0.1484375 0.0 0.04241071428571429 28
290 0.1 0.0390625 0.0 0.1484375 0.0 0.04269935344827586 29
300 0.1 0.0390625 0.0 0.1484375 0.0 0.042578125 30
310 0.1 0.03125 0.0 0.1484375 0.0 0.042464717741935484 31
320 0.1 0.01953125 0.0 0.1484375 0.0 0.0421142578125 32
330 0.1 0.01953125 0.0 0.1484375 0.0 0.04142992424242424 33
340 0.1 0.01953125 0.0 0.1484375 0.0 0.040785845588235295 34
