10 0.1 94 0 94 94 0 0
20 0.1 67.0 0.0 94 67 94.0 1
30 0.1 107.0 0.0 107 67 80.5 2
40 0.1 211.0 0.0 211 67 89.33333333333333 3
50 0.1 310.0 0.0 310 67 119.75 4
60 0.1 440.0 0.0 440 67 157.8 5
70 0.1 528.0 0.0 528 67 204.83333333333334 6
80 0.1 786.0 0.0 786 67 251.0 7
90 0.1 581.0 0.0 786 67 317.875 8
100 0.1 644.0 0.0 786 67 347.1111111111111 9
110 0.1 790.0 0.0 790 67 376.8 10
120 0.1 925.0 0.0 925 67 414.3636363636364 11
130 0.1 1009.0 0.0 1009 67 456.9166666666667 12
140 0.1 954.0 0.0 1009 67 499.38461538461536 13
150 0.1 1159.0 0.0 1159 67 531.8571428571429 14
160 0.1 1279.0 0.0 1279 67 573.6666666666666 15
170 0.1 1327.0 0.0 1327 67 617.75 16
180 0.1 1654.0 0.0 1654 67 659.4705882352941 17
190 0.1 1894.0 0.0 1894 67 714.7222222222222 18
200 0.1 1996.0 0.0 1996 67 776.7894736842105 19
210 0.1 2336.0 0.0 2336 67 837.75 20
220 0.1 2530.0 0.0 2530 67 909.0952380952381 21
230 0.1 2926.0 0.0 2926 67 982.7727272727273 22
240 0.1 3073.0 0.0 3073 67 1067.2608695652175 23
250 0.1 2398.0 0.0 3073 67 1150.8333333333335 24
260 0.1 1954.0 0.0 3073 67 1200.7200000000003 25
270 0.1 2104.0 0.0 3073 67 1229.692307692308 26
280 0.1 2016.0 0.0 3073 67 1262.0740740740746 27
290 0.1 1664.0 0.0 3073 67 1289.0000000000005 28
300 0.1 1743.0 0.0 3073 67 1301.931034482759 29
310 0.1 1782.0 0.0 3073 67 1316.633333333334 30
320 0.1 1231.0 0.0 3073 67 1331.6451612903231 31
330 0.1 560.0 0.0 3073 67 1328.5000000000005 32
340 0.1 423.0 0.0 3073 67 1305.2121212121217 33
