10 0.1 103 0 103 103 0 0
20 0.1 70.0 0.0 103 70 103.0 1
30 0.1 116.0 0.0 116 70 86.5 2
40 0.1 197.0 0.0 197 70 96.33333333333333 3
50 0.1 275.0 0.0 275 70 121.5 4
60 0.1 486.0 0.0 486 70 152.2 5
70 0.1 425.0 0.0 486 70 207.83333333333334 6
80 0.1 640.0 0.0 640 70 238.85714285714286 7
90 0.1 502.0 0.0 640 70 289.0 8
100 0.1 554.0 0.0 640 70 312.6666666666667 9
110 0.1 679.0 0.0 679 70 336.8 10
120 0.1 846.0 0.0 846 70 367.90909090909093 11
130 0.1 905.0 0.0 905 70 407.75 12
140 0.1 995.0 0.0 995 70 446.0 13
150 0.1 1177.0 0.0 1177 70 485.2142857142857 14
160 0.1 1325.0 0.0 1325 70 531.3333333333334 15
170 0.1 1407.0 0.0 1407 70 580.9375 16
180 0.1 1828.0 0.0 1828 70 629.5294117647059 17
190 0.1 2.0e3 0.0 2000 70 696.1111111111111 18
200 0.1 2303.0 0.0 2303 70 764.7368421052631 19
210 0.1 2662.0 0.0 2662 70 841.65 20
220 0.1 3056.0 0.0 3056 70 928.3333333333334 21
230 0.1 3397.0 0.0 3397 70 1025.0454545454545 22
240 0.1 3580.0 0.0 3580 70 1128.1739130434783 23
250 0.1 2847.0 0.0 3580 70 1230.3333333333333 24
260 0.1 2338.0 0.0 3580 70 1295.0 25
270 0.1 2522.0 0.0 3580 70 1335.1153846153845 26
280 0.1 2286.0 0.0 3580 70 1379.0740740740741 27
290 0.1 1760.0 0.0 3580 70 1411.4642857142858 28
300 0.1 1842.0 0.0 3580 70 1423.4827586206898 29
310 0.1 1979.0 0.0 3580 70 1437.4333333333334 30
320 0.1 1428.0 0.0 3580 70 1454.9032258064517 31
330 0.1 559.0 0.0 3580 70 1454.0625 32
340 0.1 412.0 0.0 3580 70 1426.939393939394 33
