30 0.2 36543.8995 43.80249999999796 36587.702 36500.097 0 0
40 0.5 35968.62240000001 132.51267550781816 36587.702 35824.937 36543.8995 2
50 0.3 35894.42166666667 170.18354993424336 36587.702 35752.732 36132.98728571429 7
60 0.8 38389.59925 1617.0211286087751 40677.32 35752.732 36061.4176 10
70 1.4 41904.625857142855 1440.7682884888604 43864.923 35752.732 37096.165 18
80 0.6 42985.55416666667 1282.8635829570762 43886.236 35752.732 39199.866624999995 32
90 0.6 62123.314333333336 20870.992618101118 91683.159 35752.732 39797.60676315789 38
100 0.8 76359.67787500001 23146.9539248498 101762.642 35752.732 42842.021431818175 44
110 2.2 54341.28622727273 14325.701503348497 103061.39 35752.732 47998.58396153846 52
120 1.7 74134.9915882353 21680.76445284516 111763.309 35752.732 49884.2522027027 74
130 4.5 55889.899311111105 20110.230205285843 111763.309 35752.732 54414.610109890105 91
140 4.1 65286.584146341454 25335.895839209545 123064.971 35011.436 54902.757272058814 136
150 5.1 77798.34088235296 21576.456349960004 132100.36 35011.436 57308.05050282485 177
160 4.7 73139.63089361704 28901.15274509158 134251.456 35011.436 61891.404929824566 228
170 5.5 61333.046 25516.04012914033 134251.456 35011.227 63813.829003636376 275
180 5.7 61225.00168421053 33448.877166423226 138012.666 35011.167 63400.36516969698 330
190 8.7 63706.569563218414 27450.541764285437 138012.666 35011.167 63079.96279586565 387
200 9.1 59677.44607692307 28113.663718002408 138012.666 35011.167 63194.97289873419 474
210 11.2 58411.929098214256 25486.38809404335 138012.666 35011.167 62628.43318053099 565
220 11.6 60303.562258620674 31718.414490683313 139792.024 35011.167 61930.872682422465 677
230 11.8 55790.21588135592 26594.84669853708 139792.024 35011.167 61692.82979571249 793
240 19.1 57146.462041884806 27855.675340722377 153518.448 35010.511 60928.276072447865 911
250 19.4 60368.6195927835 26773.2002616876 153518.448 35010.262 60272.80739745917 1102
260 19.9 58790.0348241206 28273.95529184817 159687.019 35010.262 60287.1496550926 1296
270 19.5 60661.89794871795 27321.98759864127 159687.019 35010.262 60087.86814916389 1495
280 11.4 85574.66072807013 17894.92009590822 167970.437 35010.262 60154.10235680474 1690
290 12 83416.912475 14277.89730195994 167970.437 35010.262 61760.501278270516 1804
300 14.2 88562.33130281698 17123.649280842248 180098.392 35010.262 63111.21299532225 1924
310 13.8 86701.14708695654 18114.591925276578 187574.199 35010.262 64860.51541529527 2066
320 6.3 91963.06804761909 24342.715971770143 187574.199 35010.262 66228.03228039929 2204
330 2.1 116383.92247619048 21377.256098385813 187574.199 35010.262 66943.20971901192 2267
340 1.5 129095.90806666666 20943.793510152453 187574.199 35010.262 67396.99248470282 2288
