0 10.7 10.7
10 9.01796875 19.71796875
20 11.1375 30.85546875
30 26.80390625 57.659375
40 47.425 105.084375
50 40.29375 145.378125
60 84.6109375 229.9890625
70 94.4546875 324.44375
80 116.19375 440.6375
90 101.51328125 542.15078125
100 111.17890625 653.3296875
110 152.084375 805.4140625
120 169.2609375 974.675
130 262.29765625 1236.97265625
140 226.21171875 1463.184375
150 222.17109375 1685.35546875
160 248.68671875 1934.0421875
170 220.41953125 2154.46171875
180 243.36328125 2397.825
190 349.2375 2747.0625
200 310.0546875 3057.1171875
210 337.7203125 3394.8375
220 328.1390625 3722.9765625
230 326.5234375 4049.5
240 376.69453125 4426.19453125
250 295.3078125 4721.50234375
260 320.81953125 5042.321875
270 319.49609375 5361.81796875
280 213.94765625 5575.765625
290 177.1625 5752.928125
300 195.153125 5948.08125
310 165.8359375 6113.9171875
320 81.9765625 6195.89375
330 47.10859375 6243.00234375
340 33.3609375 6276.36328125
