0 0.1 1.644763000387003 0 1.644763000387003 1.644763000387003 0 0
10 0.1 0.6986027944111777 0.0 1.644763000387003 0.6986027944111777 1.644763000387003 1
20 0.1 0.3 0.0 1.644763000387003 0.3 1.1716828973990903 2
30 0.1 0.6 0.0 1.644763000387003 0.3 0.8811219315993934 3
40 0.1 2.3023023023023024 0.0 2.3023023023023024 0.3 0.8108414486995451 4
50 0.1 1.2 0.0 2.3023023023023024 0.3 1.1091336194200967 5
60 0.1 0.501002004008016 0.0 2.3023023023023024 0.3 1.1242780161834138 6
70 0.1 0.6012024048096193 0.0 2.3023023023023024 0.3 1.0352385858726427 7
80 0.1 1.2048192771084338 0.0 2.3023023023023024 0.3 0.9809840632397648 8
90 0.1 1.0090817356205852 0.0 2.3023023023023024 0.3 1.005854642558506 9
100 0.1 1.2012012012012012 0.0 2.3023023023023024 0.3 1.006177351864714 10
110 0.1 1.6112789526686808 0.0 2.3023023023023024 0.3 1.0239067927134855 11
120 0.1 1.2096774193548387 0.0 2.3023023023023024 0.3 1.0728544727097518 12
130 0.1 4.413239719157472 0.0 4.413239719157472 0.3 1.0833793147593738 13
140 0.1 1.5090543259557343 0.0 4.413239719157472 0.3 1.321226486502095 14
150 0.1 2.318548387096774 0.0 4.413239719157472 0.3 1.333748342465671 15
160 0.1 2.721774193548387 0.0 4.413239719157472 0.3 1.395298345255115 16
170 0.1 4.954499494438827 0.0 4.954499494438827 0.3 1.47332633633119 17
180 0.1 2.839756592292089 0.0 4.954499494438827 0.3 1.6667248451149477 18
190 0.1 3.353658536585366 0.0 4.954499494438827 0.3 1.7284633581242708 19
200 0.1 3.2586558044806515 0.0 4.954499494438827 0.3 1.8097231170473254 20
210 0.1 3.6772216547497445 0.0 4.954499494438827 0.3 1.8787199116870077 21
220 0.1 4.766734279918864 0.0 4.954499494438827 0.3 1.9604699909171321 22
230 0.1 4.568527918781726 0.0 4.954499494438827 0.3 2.082481481743294 23
240 0.1 4.620123203285421 0.0 4.954499494438827 0.3 2.1860667499532287 24
250 0.1 4.435483870967742 0.0 4.954499494438827 0.3 2.2834290080865163 25
260 0.1 4.3043043043043046 0.0 4.954499494438827 0.3 2.3662003489665633 26
270 0.1 3.5246727089627394 0.0 4.954499494438827 0.3 2.4379819769420354 27
280 0.1 5.342741935483871 0.0 5.342741935483871 0.3 2.4767923602284894 28
290 0.1 3.006012024048096 0.0 5.342741935483871 0.3 2.5756182076510887 29
300 0.1 2.9116465863453818 0.0 5.342741935483871 0.3 2.589964668197655 30
310 0.1 2.43161094224924 0.0 5.342741935483871 0.3 2.600341504266937 31
320 0.1 4.229607250755287 0.0 5.342741935483871 0.3 2.5950686742038838 32
