0 1 54.31669999999999 54.0942065105867 205.053 14.168 0 0
10 0.8 32.960125 19.94205522531153 205.053 13.261 54.31669999999999 10
20 2 35.66955 17.955593664579848 205.053 13.261 44.824888888888886 18
30 2.6 119.95030769230769 204.11578116292597 676.518 12.622 40.00628947368421 38
40 4.1 67.73131707317076 134.68262187851184 676.518 9.481 72.483546875 64
50 3.8 82.75944736842104 149.5811906050563 676.518 9.481 70.6279142857143 105
60 3.7 154.3826216216216 215.5290253263516 676.518 9.481 73.85167832167832 143
70 8.2 86.07537804878046 165.6676742809223 676.518 8.841 90.4052611111111 180
80 9.2 172.73110869565215 242.9512846549451 783.81 8.841 89.050106870229 262
90 8.1 94.49692592592592 170.77610673409137 783.81 8.841 110.79771186440678 354
100 12.5 207.67160800000002 275.46594218224203 873.028 8.841 107.76239310344826 435
110 14.1 154.8190496453901 241.8142688339098 873.028 8.841 130.06355714285715 560
120 17 271.8533294117647 345.15732530212216 1044.244 8.841 135.04290727532097 701
130 12.8 193.30321874999993 278.73667032848687 1044.244 8.841 161.7452858783008 871
140 16.8 187.53932142857144 287.6215520213713 1068.817 8.841 165.78874474474475 999
150 20.4 291.19754411764706 405.30736432230674 1327.452 8.841 168.91993316195374 1167
160 23.8 246.34007983193283 365.2550195933645 1415.263 8.841 187.11441356673961 1371
170 26 229.82402692307699 339.8990545523819 1645.602 8.841 195.87495338719705 1609
180 29 737.6592586206893 730.0064089416393 2878.637 8.841 200.59767094703054 1869
190 33.7 1973.5535786350147 1490.1769061043674 5701.262 8.841 272.7365595182955 2159
200 39.9 2316.016112781959 2175.7287537514558 8274.399 0.573 502.37411378205127 2496
210 48.3 2683.620590062108 3052.0190256831092 9807.347 0.573 752.3372079447329 2895
220 42.7 2790.895302107725 3273.3964603626173 10606.192 0.57 1028.4798584961516 3378
230 58.7 2643.549143100513 3416.1293701967215 11007.724 0.57 1226.259462812089 3805
240 46.7 2387.4709528907943 2963.5317582177627 11007.724 0.57 1415.6831974043714 4392
250 37.5 2998.5085066666647 4759.980993163455 14653.082 0.57 1509.0820205803664 4859
260 40.7 3167.6742850122855 5376.2435242855445 16693.232 0.57 1615.7948467711117 5234
270 37.7 3511.300986737399 5610.2276513854895 16693.232 0.57 1727.7634571884414 5641
280 25.2 5317.661154761905 6788.311157919243 16900.329 0.57 1839.4938740445327 6018
290 23.9 6060.741447698743 6393.490293845323 16900.329 0.57 1979.2862432216903 6270
300 25.7 5252.468396887161 6031.6162175414 16900.329 0.57 2129.150706867414 6509
310 22.9 5182.045855895193 6141.769285617888 16900.329 0.57 2247.786924179722 6766
320 10.9 9627.707743119267 7039.334347133367 17905.656 0.57 2343.8477240886345 6995
