10 0.1 78 0 78 78 0 0
20 0.1 82.0 0.0 82 78 78.0 1
30 0.1 156.0 0.0 156 78 80.0 2
40 0.1 282.0 0.0 282 78 105.33333333333333 3
50 0.1 493.0 0.0 493 78 149.5 4
60 0.1 316.0 0.0 493 78 218.2 5
70 0.1 345.0 0.0 493 78 234.5 6
80 0.1 753.0 0.0 753 78 250.28571428571428 7
90 0.1 891.0 0.0 891 78 313.125 8
100 0.1 712.0 0.0 891 78 377.3333333333333 9
110 0.1 1372.0 0.0 1372 78 410.8 10
120 0.1 1249.0 0.0 1372 78 498.1818181818182 11
130 0.1 2021.0 0.0 2021 78 560.75 12
140 0.1 1248.0 0.0 2021 78 673.0769230769231 13
150 0.1 1677.0 0.0 2021 78 714.1428571428571 14
160 0.1 2158.0 0.0 2158 78 778.3333333333334 15
170 0.1 2557.0 0.0 2557 78 864.5625 16
180 0.1 2682.0 0.0 2682 78 964.1176470588235 17
190 0.1 3186.0 0.0 3186 78 1059.5555555555557 18
200 0.1 3495.0 0.0 3495 78 1171.4736842105262 19
210 0.1 3941.0 0.0 3941 78 1287.65 20
220 0.1 4109.0 0.0 4109 78 1414.0 21
230 0.1 4234.0 0.0 4234 78 1536.5 22
240 0.1 5249.0 0.0 5249 78 1653.7826086956522 23
250 0.1 3652.0 0.0 5249 78 1803.5833333333333 24
260 0.1 2893.0 0.0 5249 78 1877.52 25
270 0.1 3080.0 0.0 5249 78 1916.576923076923 26
280 0.1 3060.0 0.0 5249 78 1959.6666666666667 27
290 0.1 2583.0 0.0 5249 78 1998.9642857142858 28
300 0.1 2713.0 0.0 5249 78 2019.103448275862 29
310 0.1 2694.0 0.0 5249 78 2042.2333333333333 30
320 0.1 2237.0 0.0 5249 78 2063.2580645161293 31
