0 2.2 24.403227272727268 31.643120422687627 168.552 13.261 0 0
10 1.6 16.4516875 5.23754155972473 168.552 12.158 24.403227272727268 22
20 4.4 16.181545454545457 2.8266918140416806 168.552 10.876 21.055210526315786 38
30 6.4 48.693296874999994 84.71253742191138 334.363 10.876 18.440073170731704 82
40 8.9 33.984505617977554 60.8173607918674 334.363 9.481 31.7017602739726 146
50 8.1 35.94249382716048 60.59724781676155 334.363 9.481 32.56628936170213 235
60 9.2 61.82710869565219 88.04693604283835 334.363 9.481 33.43170886075949 316
70 17.5 47.1609885714286 78.5993174988172 391.274 8.841 39.834593137254906 408
80 22.8 67.08645175438588 99.41761748942685 421.337 8.841 42.03376843910807 583
90 17 44.803358823529436 74.19169444974408 421.337 7.93 49.076939580764474 811
100 32.9 79.05692401215806 113.51057101804328 442.197 6.916 48.33635983690111 981
110 32 66.90873125000003 102.5184488689244 473.061 6.916 56.05167709923663 1310
120 47.4 96.9962869198312 142.53378767866712 606.114 6.675 58.18312331288343 1630
130 32.8 78.81367073170729 118.73171129386466 606.114 6.675 66.92715351711026 2104
140 39.2 77.67796428571424 120.93174724059017 606.114 6.675 68.53026932565788 2432
150 51.1 118.59380626223091 166.68634934587192 676.175 6.675 69.8000626770538 2824
160 57.1 101.17883362521903 149.86267193809772 859.287 6.675 77.27640539730133 3335
170 63.7 108.95400156985872 154.33501765846063 859.287 6.675 80.77059037378393 3906
180 71.1 337.11314908579413 228.06223607179024 1215.856 6.675 84.72234756768657 4543
190 81.4 914.2581265356271 275.4510438618491 1786.091 6.675 118.87725047582788 5254
200 100.7 1145.1662840119145 729.630008258135 2355.798 0.501 225.5746850692156 6068
210 119.1 1078.6083576826215 934.7139986311798 3119.751 0.501 356.4621395053001 7075
220 102.8 1169.816939688712 912.5301064874764 3119.751 0.5 460.5119998790226 8266
230 140 1042.5834664285703 1016.2160628154256 3119.751 0.488 538.9675064557775 9294
240 122.2 999.7645752864149 992.606395244245 3119.751 0.488 604.8981539180844 10694
250 112.9 1245.961315323297 1555.2764082836222 4228.048 0.488 645.3921759818726 11916
260 119.5 1061.7834058577394 1440.8571804123026 4228.048 0.488 697.3693747796087 13045
270 120.4 1167.1562026578085 1533.1968868092256 4228.048 0.488 727.9504679775276 14240
280 76.4 1742.3470994764414 1608.6539668743117 4438.937 0.488 762.1905420875418 15444
290 69.6 1924.1185531609199 1379.8390717060752 4438.937 0.488 808.3923936327737 16208
300 75.1 1821.970663115846 1506.5568843061244 4438.937 0.488 854.3309529697111 16904
310 74.1 1723.4768825910905 1485.299889764629 4438.937 0.488 895.4919511186631 17655
320 54.1 2315.0361072088713 1599.180094662845 4725.451 0.488 928.843594640139 18396
