0 10.725 10.725
10 7.2875 18.0125
20 21.45 39.4625
30 39.5578125 79.0203125
40 48.21796875 127.23828125
50 48.4640625 175.70234375
60 60.65546875 236.3578125
70 112.2328125 348.590625
80 150.7578125 499.3484375
90 112.24375 611.5921875
100 239.5390625 851.13125
110 226 1077.13125
120 336.35703125 1413.48828125
130 223.65625 1637.14453125
140 283.70625 1920.85078125
150 363.70859375 2284.559375
160 389.9984375 2674.5578125
170 425.20390625 3099.76171875
180 485.2640625 3585.02578125
190 555.71640625 4140.7421875
200 568.26640625 4709.00859375
210 600.40390625 5309.4125
220 542.55 5851.9625
230 705.30390625 6557.26640625
240 622.9609375 7180.22734375
250 518.13984375 7698.3671875
260 547.4375 8245.8046875
270 529.5015625 8775.30625
280 390.30625 9165.6125
290 423.66796875 9589.28046875
300 399.3734375 9988.65390625
310 346.6125 10335.26640625
320 235.77578125 10571.0421875
