0 93 93
10 197 104
20 302 105
30 409 107
40 474 65
50 567 93
60 686 119
70 790 104
80 860 70
90 970 110
100 1063 93
110 1157 94
120 1259 102
130 1367 108
140 1437 70
150 1502 65
160 1638 136
170 1725 87
180 1787 62
190 1786 -1
200 1804 18
210 1814 10
220 1906 92
230 1933 27
240 1881 -52
250 1826 -55
260 1806 -20
270 1792 -14
280 1783 -9
290 1808 25
300 1808 0
310 1816 8
320 1822 6
330 1699 -123
340 1509 -190
350 1231 -278
360 918 -313
370 804 -114
380 552 -252
390 291 -261
400 115 -176
407 0 -115
