0 9.3 4.838827956989247 24.025361362403206 212.909 0.808 0 0
10 10.4 5.680807692307695 25.589298243179755 245.627 0.808 4.838827956989247 93
20 10.5 1.1184666666666665 0.25771036036851497 245.627 0.795 5.283324873096448 197
30 12.7 0.9295669291338582 0.13473278252097887 245.627 0.745 3.8352781456953653 302
40 12.3 1.1025365853658529 0.7560362865284245 245.627 0.737 2.975079254079255 429
50 15.1 0.9768211920529803 0.6788683423948003 245.627 0.737 2.557827898550725 552
60 18.7 0.9704278074866315 0.5348693567082154 245.627 0.737 2.2182375533428167 703
70 22.6 0.8925398230088489 0.11976041979152069 245.627 0.737 1.9560573033707866 890
80 23.5 1.0218255319148937 0.3125391131050028 245.627 0.737 1.7406854838709678 1116
90 29.4 1.0362176870748285 0.28244338465877983 245.627 0.676 1.6156432272390822 1351
100 30.3 34.056369636963716 93.72966253560442 478.142 0.676 1.5120863221884495 1645
110 31.7 1.0448548895899046 0.2643440266620903 478.142 0.676 6.574159137577005 1948
120 36.7 1.0513133514986366 1.2646182318719923 478.142 0.655 5.800300662251657 2265
130 37.8 0.8665582010582012 0.10549629773057939 478.142 0.595 5.138112841945291 2632
140 38.3 1.0029033942558747 0.2720518660501654 478.142 0.595 4.601685049833889 3010
150 40.3 0.9857295285359794 0.4082143513178612 478.142 0.595 4.195456528146185 3393
160 47.5 0.9425284210526322 0.2807147807644124 478.142 0.595 3.8546978398314025 3796
170 48.9 0.8737648261758695 0.2355684677020271 478.142 0.595 3.530820416764225 4271
180 50.8 0.8834507874015752 0.49144153970558807 478.142 0.589 3.257858193277312 4760
190 53.2 0.8809248120300756 0.33053063111634245 478.142 0.589 3.0288910402429776 5268
200 54.7 1.0385648994515537 0.6028187088143944 478.142 0.589 2.8318706896551733 5800
210 55.1 1.0013085299455524 0.7493930000417888 478.142 0.589 2.67731920592406 6347
220 60.7 0.9639835255354183 0.5985212417526101 478.142 0.589 2.543442447086113 6898
230 62.8 1.0062707006369433 1.080975136250831 478.142 0.589 2.415696735509661 7505
240 66.6 0.9054009009009003 0.5089262794325776 478.142 0.585 2.3068661010697165 8133
250 82.4 0.9510825242718458 0.7219431458301294 478.142 0.585 2.200788612342312 8799
260 80.7 1.169855018587361 1.8214983959613251 478.142 0.585 2.0937785513873015 9623
270 90.2 1.3152073170731713 2.0752807926465833 478.142 0.585 2.022291850431448 10430
280 89 19.006846067415747 68.99886988434488 478.142 0.585 1.9660096187786797 11332
290 95.7 1.039923719958203 1.0529221652787917 478.142 0.513 3.206914907543775 12222
300 95.1 1.511677181913776 2.0413552486531663 478.142 0.513 3.049557705440475 13179
310 95.3 0.8896274921301146 0.2996772218795379 478.142 0.513 2.9460527954706315 14130
320 103 1.0342922330097089 0.8652202542626216 478.142 0.513 2.816120201551417 15083
330 52.5 7.5201542857142885 37.19612595092596 478.142 0.513 2.7022194501334345 16113
340 39.4 1.3072487309644685 1.0848817049648432 478.142 0.513 2.854245882918622 16638
350 28.5 1.0541649122807015 0.5531315799461861 478.142 0.513 2.8184593118835153 17032
360 28.8 0.9091423611111105 0.5056378094215734 478.142 0.487 2.789422879251604 17317
370 28.4 0.8823169014084509 0.1365400869640312 478.142 0.487 2.758663391082081 17605
380 28.3 0.8624840989399294 0.10904420406301199 478.142 0.487 2.7288751187880838 17889
390 29.1 0.8815085910652916 0.47776989360154876 478.142 0.487 2.6998090468853198 18172
400 11.5 1.2618695652173908 1.6925746712536427 478.142 0.487 2.671150354763583 18463
407 0 0 0 478.142 0.487 2.662426741306924 18578
