0 0.1 2.1124215250477487 0 2.1124215250477487 2.1124215250477487 0 0
10 0.1 1.2108980827447022 0.0 2.1124215250477487 1.2108980827447022 2.1124215250477487 1
20 0.1 1.5045135406218655 0.0 2.1124215250477487 1.2108980827447022 1.6616598038962254 2
30 0.1 1.407035175879397 0.0 2.1124215250477487 1.2108980827447022 1.6092777161381056 3
40 0.1 2.620967741935484 0.0 2.620967741935484 1.2108980827447022 1.5587170810734283 4
50 0.1 5.120481927710843 0.0 5.120481927710843 1.2108980827447022 1.7711672132458396 5
60 0.1 2.507522567703109 0.0 5.120481927710843 1.2108980827447022 2.3293863323233404 6
70 0.1 3.3000000000000003 0.0 5.120481927710843 1.2108980827447022 2.3548343659490216 7
80 0.1 3.420523138832998 0.0 5.120481927710843 1.2108980827447022 2.472980070205394 8
90 0.1 3.8383838383838382 0.0 5.120481927710843 1.2108980827447022 2.578262633386239 9
100 0.1 4.154002026342452 0.0 5.120481927710843 1.2108980827447022 2.704274753885999 10
110 0.1 4.183673469387755 0.0 5.120481927710843 1.2108980827447022 2.836068142291131 11
120 0.1 4.568527918781726 0.0 5.120481927710843 1.2108980827447022 2.9483685862158495 12
130 0.1 5.177664974619289 0.0 5.177664974619289 1.2108980827447022 3.0729962271824554 13
140 0.1 5.650857719475278 0.0 5.650857719475278 1.2108980827447022 3.2233297091422295 14
150 0.1 6.451612903225806 0.0 6.451612903225806 1.2108980827447022 3.385164909831099 15
160 0.1 6.619859578736209 0.0 6.619859578736209 1.2108980827447022 3.5768179094182684 16
170 0.1 8.291708291708291 0.0 8.291708291708291 1.2108980827447022 3.755820360554618 17
180 0.1 8.829365079365079 0.0 8.829365079365079 1.2108980827447022 4.0078141345076 18
190 0.1 9.424603174603174 0.0 9.424603174603174 1.2108980827447022 4.261579973710625 19
200 0.1 9.69030969030969 0.0 9.69030969030969 1.2108980827447022 4.519731133755252 20
210 0.1 7.810894141829394 0.0 9.69030969030969 1.2108980827447022 4.765949160257844 21
220 0.1 9.475806451612904 0.0 9.69030969030969 1.2108980827447022 4.9043557503292785 22
230 0.1 9.758551307847082 0.0 9.758551307847082 1.2108980827447022 5.103114476472045 23
240 0.1 12.974051896207584 0.0 12.974051896207584 1.2108980827447022 5.297091011112671 24
250 0.1 13.201970443349753 0.0 13.201970443349753 1.2108980827447022 5.604169446516468 25
260 0.1 12.612612612612612 0.0 13.201970443349753 1.2108980827447022 5.896392561779286 26
270 0.1 13.925327951564077 0.0 13.925327951564077 1.2108980827447022 6.145141452550892 27
280 0.1 14.329268292682926 0.0 14.329268292682926 1.2108980827447022 6.423005256087076 28
290 0.1 11.926605504587156 0.0 14.329268292682926 1.2108980827447022 6.695635015969692 29
300 0.1 15.731462925851702 0.0 15.731462925851702 1.2108980827447022 6.870000698923606 30
310 0.1 14.328358208955224 0.0 15.731462925851702 1.2108980827447022 7.155854319147093 31
320 0.1 15.202369200394866 0.0 15.731462925851702 1.2108980827447022 7.379995065703597 32
330 0.1 14.955134596211368 0.0 15.731462925851702 1.2108980827447022 7.617036706148787 33
340 0.1 8.559919436052366 0.0 15.731462925851702 1.2108980827447022 7.832863114680039 34
350 0.1 6.781376518218623 0.0 15.731462925851702 1.2108980827447022 7.853636152433535 35
360 0.1 8.02775024777007 0.0 15.731462925851702 1.2108980827447022 7.823851162594232 36
370 0.1 6.355511420059583 0.0 15.731462925851702 1.2108980827447022 7.829361948680066 37
380 0.1 4.3999999999999995 0.0 15.731462925851702 1.2108980827447022 7.790576408453211 38
390 0.1 4.590818363273453 0.0 15.731462925851702 1.2108980827447022 7.703638551826205 39
400 0.1 5.550049554013875 0.0 15.731462925851702 1.2108980827447022 7.625818047112387 40
407 0.1 2.014098690835851 0.0 15.731462925851702 1.2108980827447022 7.575189547280715 41
