0 0 0
10 0 0
20 0 0
30 2.1 21
40 5.9 80
50 5.9 139
60 5.2 191
70 6.6 257
80 11.8 375
90 13.7 512
100 14.4 656
110 16.6 822
120 17.9 1001
130 17.2 1173
140 23.1 1404
150 24.1 1645
160 21.4 1859
170 28 2139
180 27.7 2416
190 30.5 2721
200 34 3061
210 32.1 3382
220 32.1 3703
230 32.8 4031
240 35.1 4382
250 37.5 4757
260 41.3 5170
270 40.2 5572
280 43.6 6008
290 42.6 6434
300 46.8 6902
310 50.1 7403
320 51.2 7915
330 52.5 8440
340 58.1 9021
350 55.6 9577
360 53 10107
370 28.6 10393
380 28.1 10674
390 28.4 10958
400 29.1 11249
407 11.1 11360
