0 0.1 3516.5234375 0 3516.5234375 3516.5234375 0 0
10 0.1 3515.55859375 0.0 3516.5234375 3515.55859375 3516.5234375 1
20 0.1 3512.95703125 0.0 3516.5234375 3512.95703125 3516.041015625 2
30 0.1 3511.2734375 0.0 3516.5234375 3511.2734375 3515.0130208333335 3
40 0.1 3500.69921875 0.0 3516.5234375 3500.69921875 3514.078125 4
50 0.1 3494.5078125 0.0 3516.5234375 3494.5078125 3511.40234375 5
60 0.1 3493.11328125 0.0 3516.5234375 3493.11328125 3508.5865885416665 6
70 0.1 3485.3828125 0.0 3516.5234375 3485.3828125 3506.3761160714284 7
80 0.1 3481.85546875 0.0 3516.5234375 3481.85546875 3503.751953125 8
90 0.1 3472.7890625 0.0 3516.5234375 3472.7890625 3501.3190104166665 9
100 0.1 3470.72265625 0.0 3516.5234375 3470.72265625 3498.466015625 10
110 0.1 3468.8984375 0.0 3516.5234375 3468.8984375 3495.9438920454545 11
120 0.1 3466.984375 0.0 3516.5234375 3466.984375 3493.6901041666665 12
130 0.1 3451.0234375 0.0 3516.5234375 3451.0234375 3491.6358173076924 13
140 0.1 3447.25390625 0.0 3516.5234375 3447.25390625 3488.734933035714 14
150 0.1 3445.86328125 0.0 3516.5234375 3445.86328125 3485.96953125 15
160 0.1 3444.86328125 0.0 3516.5234375 3444.86328125 3483.462890625 16
170 0.1 3443.140625 0.0 3516.5234375 3443.140625 3481.192325367647 17
180 0.1 3442.078125 0.0 3516.5234375 3442.078125 3479.0783420138887 18
190 0.1 3428.7109375 0.0 3516.5234375 3428.7109375 3477.1309621710525 19
200 0.1 3424.62890625 0.0 3516.5234375 3424.62890625 3474.7099609375 20
210 0.1 3414.46484375 0.0 3516.5234375 3414.46484375 3472.325148809524 21
220 0.1 3398.91015625 0.0 3516.5234375 3398.91015625 3469.695134943182 22
230 0.1 3393.6640625 0.0 3516.5234375 3393.6640625 3466.617527173913 23
240 0.1 3391.9765625 0.0 3516.5234375 3391.9765625 3463.5777994791665 24
250 0.1 3374.8828125 0.0 3516.5234375 3374.8828125 3460.71375 25
260 0.1 3360.75390625 0.0 3516.5234375 3360.75390625 3457.412560096154 26
270 0.1 3357.78515625 0.0 3516.5234375 3357.78515625 3453.832609953704 27
280 0.1 3356.328125 0.0 3516.5234375 3356.328125 3450.40234375 28
290 0.1 3355.19921875 0.0 3516.5234375 3355.19921875 3447.158405172414 29
300 0.1 3341.24609375 0.0 3516.5234375 3341.24609375 3444.0930989583335 30
310 0.1 3326.09765625 0.0 3516.5234375 3326.09765625 3440.775453629032 31
320 0.1 3322.19921875 0.0 3516.5234375 3322.19921875 3437.1917724609375 32
330 0.1 3321.4609375 0.0 3516.5234375 3321.4609375 3433.707149621212 33
340 0.1 3320.58984375 0.0 3516.5234375 3320.58984375 3430.4057904411766 34
350 0.1 3319.96484375 0.0 3516.5234375 3319.96484375 3427.2681919642855 35
360 0.1 3327.69140625 0.0 3516.5234375 3319.96484375 3424.287543402778 36
370 0.1 3327.3125 0.0 3516.5234375 3319.96484375 3421.6768369932433 37
380 0.1 3327.59375 0.0 3516.5234375 3319.96484375 3419.1935649671054 38
390 0.1 3328.6875 0.0 3516.5234375 3319.96484375 3416.8448517628203 39
400 0.1 3332.1484375 0.0 3516.5234375 3319.96484375 3414.64091796875 40
407 0.1 3350.76171875 0.0 3516.5234375 3319.96484375 3412.62890625 41
