0 9.3 40.31922580645161 49.038501941749274 287.815 10.116 0 0
10 10.4 37.87754807692306 51.2379645192372 450.129 6.83 40.31922580645161 93
20 10.5 30.005228571428557 18.921155056485443 450.129 6.83 39.03021827411167 197
30 19.8 27.52231313131315 17.81476403433171 450.129 5.512 35.89239072847681 302
40 23.6 26.328487288135598 17.529105103836983 450.129 5.512 32.57784 500
50 26.3 26.834239543726245 17.184673746880534 450.129 5.512 30.573971467391303 736
60 29.9 27.992896321070216 17.702727424708648 450.129 5.512 29.58943743743744 999
70 36.4 26.906640109890105 17.406915631331806 450.129 5.512 29.221667180277347 1298
80 43.9 24.562366742596808 16.676200804468824 450.129 5.512 28.714645607701563 1662
90 52 30.92702115384614 26.43632267357689 450.129 5.512 27.847034745359352 2101
100 54.3 73.66021731123392 114.91621498364104 697.193 5.512 28.458096528042727 2621
110 58.4 30.37807876712328 22.386165663346848 697.193 5.512 36.21560335018964 3164
120 66.4 39.74928614457838 34.08650543363394 697.193 5.512 35.30602107790822 3748
130 67.2 34.96238988095239 25.66361570435099 697.193 5.512 35.974726427923855 4412
140 75 41.492490666666654 31.72507848180328 697.193 5.512 35.84091640440599 5084
150 79.2 40.8576805555556 30.484482611504806 697.193 5.512 36.567464346931786 5834
160 83.7 56.67968458781356 59.24094645482531 697.193 5.512 37.08027014790221 6626
170 92.1 50.339595005428926 38.72171326515469 697.193 5.512 39.278408950824065 7463
180 94.5 63.315410582010614 52.54273752842183 697.193 5.512 40.49350345896947 8384
190 104 97.22988076923066 82.8546551794235 697.193 5.512 42.80529488691179 9329
200 107.6 126.37960966542764 111.14295131630848 697.193 5.512 48.264024688976754 10369
210 104.6 90.58813479923519 75.76086380651533 697.193 5.512 55.60804997815641 11445
220 112.4 215.1359217081854 197.26580456767982 1173.368 5.512 58.537292530622054 12491
230 110.6 283.01011573236946 220.5980234639797 1418.613 5.512 71.46544965112012 13615
240 111.6 686.8383772401439 419.83632627092584 2119.851 5.512 87.35896236668712 14721
250 122.8 1153.8511995113993 741.050338020291 3696.646 0.494 129.60301281808435 15837
260 131 1432.253444274808 1102.1984221492241 21785.531 0.486 203.30806838558456 17065
270 138.6 1369.5602099567109 939.4343406372311 21785.531 0.486 290.92267749659857 18375
280 141.7 1351.0045158786138 1036.8205912931503 21785.531 0.48 366.576319518243 19761
290 145 1302.5757731034478 975.9722208834158 21785.531 0.48 432.44348139578784 21178
300 153.4 1220.0231434159043 949.4612918784217 21785.531 0.476 488.20147251193185 22628
310 157.2 1219.890150127228 939.9907106885966 21785.531 0.473 534.6634559225226 24162
320 163.2 1168.6816819852938 950.2997480073726 21785.531 0.473 576.5215566177039 25734
330 127.7 855.6876851996844 915.7545532072912 21785.531 0.473 611.8356443396913 27366
340 113.3 59.99759399823471 42.119525481435836 21785.531 0.473 622.7073776140763 28643
350 117.9 59.84390076335875 41.398261224210195 21785.531 0.473 601.2958319116062 29776
360 89.1 33.50159595959594 24.618348367098964 21785.531 0.473 580.6732563398477 30955
370 57.1 15.325159369527148 7.368871607270935 21785.531 0.473 565.3642709288446 31846
380 56.7 14.665038800705464 8.299294907169308 21785.531 0.473 555.675763889317 32417
390 57.4 14.326264808362373 6.995891601946328 21785.531 0.473 546.3757068578701 32984
400 40.7 11.991845208845215 5.9273676867125795 21785.531 0.473 537.2751531974488 33558
407 11.5 8.604521739130432 3.3858592136627292 21785.531 0.473 530.9807234506106 33965
