10 0.1 772 0 772 772 0 0
20 0.1 674.0 0.0 772 674 772.0 1
30 0.1 684.0 0.0 772 674 723.0 2
40 0.1 1413.0 0.0 1413 674 710.0 3
50 0.1 1284.0 0.0 1413 674 885.75 4
60 0.1 1482.0 0.0 1482 674 965.4 5
70 0.1 1841.0 0.0 1841 674 1051.5 6
80 0.1 2.2e3 0.0 2200 674 1164.2857142857142 7
90 0.1 2513.0 0.0 2513 674 1293.75 8
100 0.1 3038.0 0.0 3038 674 1429.2222222222222 9
110 0.1 3344.0 0.0 3344 674 1590.1 10
120 0.1 3478.0 0.0 3478 674 1749.5454545454545 11
130 0.1 4179.0 0.0 4179 674 1893.5833333333333 12
140 0.1 3964.0 0.0 4179 674 2069.3846153846152 13
150 0.1 4513.0 0.0 4513 674 2204.714285714286 14
160 0.1 4616.0 0.0 4616 674 2358.6 15
170 0.1 5303.0 0.0 5303 674 2499.6875 16
180 0.1 5634.0 0.0 5634 674 2664.5882352941176 17
190 0.1 6348.0 0.0 6348 674 2829.5555555555557 18
200 0.1 6962.0 0.0 6962 674 3014.7368421052633 19
210 0.1 6896.0 0.0 6962 674 3212.1 20
220 0.1 7032.0 0.0 7032 674 3387.5238095238096 21
230 0.1 7436.0 0.0 7436 674 3553.181818181818 22
240 0.1 7869.0 0.0 7869 674 3722.0 23
250 0.1 8521.0 0.0 8521 674 3894.7916666666665 24
260 0.1 9175.0 0.0 9175 674 4079.84 25
270 0.1 9023.0 0.0 9175 674 4275.807692307692 26
280 0.1 9538.0 0.0 9538 674 4451.62962962963 27
290 0.1 9380.0 0.0 9538 674 4633.285714285715 28
300 0.1 9793.0 0.0 9793 674 4796.9655172413795 29
310 0.1 9916.0 0.0 9916 674 4963.5 30
320 0.1 10111.0 0.0 10111 674 5123.258064516129 31
330 0.1 10313.0 0.0 10313 674 5279.125 32
340 0.1 6495.0 0.0 10313 674 5431.666666666667 33
350 0.1 5762.0 0.0 10313 674 5462.941176470588 34
360 0.1 5639.0 0.0 10313 674 5471.4857142857145 35
370 0.1 4374.0 0.0 10313 674 5476.138888888889 36
380 0.1 2991.0 0.0 10313 674 5446.351351351352 37
390 0.1 3267.0 0.0 10313 674 5381.736842105263 38
400 0.1 3190.0 0.0 10313 674 5327.51282051282 39
407 0.1 1521.0 0.0 10313 674 5274.075 40
