0 17.5 21.385525714285716 28.37716878293275 258.018 9.932 0 0
10 20.4 19.278220588235293 35.86884804675698 450.129 6.83 21.385525714285716 175
20 20.7 15.191270531400962 4.443629218569746 450.129 6.83 20.251250659630607 379
30 32 17.090918749999997 8.069567146439665 450.129 5.512 18.463851535836177 586
40 35 17.658731428571436 7.6267332948469155 450.129 5.512 17.978930463576155 906
50 39.5 17.849010126582286 6.627979761693335 450.129 5.512 17.889703025477704 1256
60 49.3 17.028127789046653 6.022355823530489 450.129 5.512 17.87996729254997 1651
70 54.3 17.98571086556169 7.255924897175732 450.129 5.512 17.684091884328357 2144
80 60.4 17.80924668874169 7.249012542509678 450.129 5.512 17.745044287309266 2687
90 75.8 21.188208443271748 14.504236957219387 450.129 5.512 17.756827408082643 3291
100 79.7 50.16514303638652 86.71575177523633 621.977 5.512 18.399204988886137 4049
110 82.2 21.566400243309 10.549275426007762 621.977 5.512 23.623607098638058 4846
120 96.7 27.288440537745625 17.619379892246826 621.977 5.512 23.32526129146084 5668
130 93.9 24.99337912673056 15.044924321980925 621.977 5.512 23.902864054257734 6635
140 102.8 30.256714007782104 20.514739017808452 621.977 5.512 24.03806258251915 7574
150 109.9 29.463001819836222 17.710487743710097 621.977 5.512 24.78123552662172 8602
160 116.2 40.77876419965563 44.516336090689634 621.977 5.512 25.311620142253382 9701
170 127 36.57040551181102 21.54893499409322 621.977 5.512 26.966119027892837 10863
180 136.1 44.358649522409976 28.871715565789387 621.977 5.512 27.971430478859297 12133
190 143.1 70.25626834381552 47.96746247789335 621.977 5.512 29.624239513857997 13494
200 148.9 91.27247548690409 62.341873938636944 621.977 5.512 33.5200139363484 14925
210 144.8 66.28415883977901 44.623271754526954 621.977 5.512 38.759042524674065 16414
220 155.3 154.84900000000016 103.54038546169802 621.977 5.512 40.990392229313635 17862
230 155.7 206.85151509312797 118.48785353663574 621.977 5.512 50.09790795776463 19415
240 156 496.383785897436 117.9521900813253 850.991 5.512 61.73558516116731 20972
250 170.2 861.3732220916579 288.653032901519 1356.599 0.417 91.8283950825493 22532
260 180.1 1052.9250366463045 608.415583603897 21785.531 0.417 145.8749947181647 24234
270 191.2 987.9213807531394 393.23658959973 21785.531 0.417 208.62118736316486 26035
280 197.5 962.4372881012655 497.283294369413 21785.531 0.417 261.93717726410705 27947
290 204.4 935.8866144814081 475.6903032721551 21785.531 0.401 308.17364938840984 29922
300 210.2 889.2107202664138 474.15385010565996 21785.531 0.401 348.3114614590502 31966
310 213.6 892.1564625468176 502.60751622306555 21785.531 0.401 381.6850155864741 34068
320 221.3 861.7115621328516 511.5185232676971 21785.531 0.401 411.8023233620595 36204
330 144.4 705.984830332411 496.3186409322356 21785.531 0.401 437.7192129005388 38417
340 113.3 59.99759399823471 42.119525481435836 21785.531 0.401 447.4373722937207 39861
350 117.9 59.84390076335875 41.398261224210195 21785.531 0.401 436.72923771771485 40994
360 89.1 33.50159595959594 24.618348367098964 21785.531 0.401 426.19292746544 42173
370 57.1 15.325159369527148 7.368871607270935 21785.531 0.401 418.0680905628832 43064
380 56.7 14.665038800705464 8.299294907169308 21785.531 0.401 412.797866804171 43635
390 57.4 14.326264808362373 6.995891601946328 21785.531 0.401 407.690828356183 44202
400 40.7 11.991845208845215 5.9273676867125795 21785.531 0.401 402.64814344738255 44776
407 11.5 8.604521739130432 3.3858592136627292 21785.531 0.401 399.1291846933582 45183
