10 0.1 812 0 812 812 0 0
20 0.1 720.0 0.0 812 720 812.0 1
30 0.1 716.0 0.0 812 716 766.0 2
40 0.1 1653.0 0.0 1653 716 749.3333333333334 3
50 0.1 1565.0 0.0 1653 716 975.25 4
60 0.1 1706.0 0.0 1706 716 1093.2 5
70 0.1 2072.0 0.0 2072 716 1195.3333333333333 6
80 0.1 2444.0 0.0 2444 716 1320.5714285714287 7
90 0.1 2858.0 0.0 2858 716 1461.0 8
100 0.1 3406.0 0.0 3406 716 1616.2222222222222 9
110 0.1 3595.0 0.0 3595 716 1795.2 10
120 0.1 3899.0 0.0 3899 716 1958.8181818181818 11
130 0.1 4508.0 0.0 4508 716 2120.5 12
140 0.1 4369.0 0.0 4508 716 2304.153846153846 13
150 0.1 4907.0 0.0 4907 716 2451.6428571428573 14
160 0.1 5047.0 0.0 5047 716 2615.3333333333335 15
170 0.1 5582.0 0.0 5582 716 2767.3125 16
180 0.1 5948.0 0.0 5948 716 2932.8823529411766 17
190 0.1 6503.0 0.0 6503 716 3100.3888888888887 18
200 0.1 7017.0 0.0 7017 716 3279.4736842105262 19
210 0.1 6866.0 0.0 7017 716 3466.35 20
220 0.1 7055.0 0.0 7055 716 3628.2380952380954 21
230 0.1 7345.0 0.0 7345 716 3784.0 22
240 0.1 7770.0 0.0 7770 716 3938.8260869565215 23
250 0.1 8347.0 0.0 8347 716 4098.458333333333 24
260 0.1 9068.0 0.0 9068 716 4268.4 25
270 0.1 9073.0 0.0 9073 716 4452.999999999999 26
280 0.1 9609.0 0.0 9609 716 4624.11111111111 27
290 0.1 9446.0 0.0 9609 716 4802.142857142857 28
300 0.1 9921.0 0.0 9921 716 4962.275862068966 29
310 0.1 9979.0 0.0 9979 716 5127.566666666667 30
320 0.1 10384.0 0.0 10384 716 5284.064516129032 31
330 0.1 10621.0 0.0 10621 716 5443.4375 32
340 0.1 7007.0 0.0 10621 716 5600.333333333333 33
350 0.1 6480.0 0.0 10621 716 5641.705882352941 34
360 0.1 6379.0 0.0 10621 716 5665.657142857143 35
370 0.1 4957.0 0.0 10621 716 5685.472222222223 36
380 0.1 3516.0 0.0 10621 716 5665.783783783784 37
390 0.1 3.7e3 0.0 10621 716 5609.21052631579 38
400 0.1 3679.0 0.0 10621 716 5560.256410256411 39
407 0.1 2039.0 0.0 10621 716 5513.225 40
