30 2.1 35060.443999999996 10.659310631688822 35083.017 35045.8 0 0
40 5.9 35075.09469491524 67.64448411357813 35501.735 35045.8 35060.443999999996 21
50 5.9 35056.7593559322 7.586417170409284 35501.735 35044.913 35071.24888749999 80
60 5.2 35057.27578846155 8.768855098798298 35501.735 35044.913 35065.09865467626 139
70 6.6 35059.7434848485 11.537518184420295 35501.735 35044.137 35062.96886910994 191
80 11.8 51090.520788135604 21566.391186514 80315.294 35044.137 35062.14056031128 257
90 13.7 51495.82529927008 21671.778494083603 80315.294 35044.137 40105.73753866667 375
100 14.4 50730.176291666685 21419.262671965447 80315.294 35044.137 43153.47586523438 512
110 16.6 52453.4588313253 21937.855036604997 80679.262 35044.137 44816.65400762196 656
120 17.9 49415.652256983245 20966.185080949344 80679.262 35044.137 46358.879799270086 822
130 17.2 52377.61031395346 21872.010027155757 80679.262 35044.137 46905.495453546464 1001
140 23.1 54021.95706926414 22184.260810701635 80679.262 35044.137 47707.88569735721 1173
150 24.1 51720.771331950236 21715.669575428543 80679.262 35044.137 48746.73932051284 1404
160 21.4 52788.92610280375 21958.407874156066 80679.262 35044.137 49182.44856960488 1645
170 28 54094.03692857144 22226.478555204405 80679.262 35044.137 49597.61058795053 1859
180 27.7 55466.1257148014 22416.285446373895 80767.45 35044.137 50186.2030963067 2139
190 30.5 52595.33602295083 21902.544358215062 80767.45 35044.137 50791.558462748355 2416
200 34 55352.84964117651 22347.75121560191 80767.45 35044.137 50993.74595112092 2721
210 32.1 54137.218834890955 22207.394819308312 80767.45 35044.137 51477.932574648825 3061
220 32.1 54545.808747663585 22196.315154142747 80767.45 35044.137 51730.336740686 3382
230 32.8 56163.165039634165 22394.92865087625 80884.773 35044.137 51974.400071563614 3703
240 35.1 55531.82944444444 22177.333296005574 81379.145 35044.137 52315.23731034485 4031
250 37.5 56245.40538399999 22239.53304339125 81892.17 35044.137 52572.88766157007 4382
260 41.3 57782.04125181603 22378.497077896835 102002.563 35040.772 52862.396626445254 4757
270 40.2 58782.17298009948 22370.42662967594 102002.563 35035.757 53255.39725125727 5170
280 43.6 59228.489598623884 22320.376060552986 102002.563 35035.757 53654.134480796856 5572
290 42.6 58269.72656338027 21978.643881299562 102002.563 35007.667 54058.664912117194 6008
300 46.8 59198.63548076925 22179.002167862243 102002.563 35007.667 54337.48248492386 6434
310 50.1 56154.28844311379 21941.561104710243 102002.563 35005.441 54667.09992944076 6902
320 51.2 58654.77950195315 22632.847233062053 102002.563 35005.441 54767.745808861284 7403
330 52.5 57874.45140952386 22946.963308523445 102002.563 35005.441 55019.18753354392 7915
340 58.1 57513.946979345914 23661.44189753906 102002.563 35005.441 55196.7957722749 8440
350 55.6 58708.11967985615 23431.437425188415 102002.563 35005.441 55346.032536636754 9021
360 53 61456.894401886835 23347.533425737995 102002.563 35005.441 55541.22105617627 9577
370 28.6 82748.53998601394 1268.4497851079325 102002.563 35005.441 55851.43248125064 10107
380 28.1 82647.49840925264 1254.9884112087036 102002.563 35005.441 56591.601128066985 10393
390 28.4 82544.39671830994 1300.4609164492235 102002.563 35005.441 57277.539589376065 10674
400 29.1 82527.40340206187 1352.1776335416182 102002.563 35005.441 57932.38421655413 10958
407 11.1 83258.73722522521 694.9830661909933 102002.563 35005.441 58568.63193483866 11249
