0 75.8484375 75.8484375
10 90.9859375 166.834375
20 92.7171875 259.5515625
30 165.75 425.3015625
40 193.5703125 618.871875
50 212.0796875 830.9515625
60 262.39921875 1093.35078125
70 305.26875 1398.61953125
80 352.67734375 1751.296875
90 438.509375 2189.80625
100 467.29765625 2657.10390625
110 477.04296875 3134.146875
120 564.51171875 3698.65859375
130 554.92734375 4253.5859375
140 620.5796875 4874.165625
150 658.1390625 5532.3046875
160 681.83671875 6214.14140625
170 765.81484375 6979.95625
180 822.32109375 7802.27734375
190 869.06875 8671.34609375
200 905.2015625 9576.54765625
210 876.8046875 10453.35234375
220 919.6109375 11372.96328125
230 977.871875 12350.83515625
240 961.3796875 13312.21484375
250 1074.48515625 14386.7
260 1075.0546875 15461.7546875
270 1107.89296875 16569.64765625
280 1114.30546875 17683.953125
290 1149.1578125 18833.1109375
300 1178.27421875 20011.38515625
310 1176.30859375 21187.69375
320 1186.81875 22374.5125
330 834.97734375 23209.48984375
340 792.25234375 24001.7421875
350 792.23203125 24793.97421875
360 616.265625 25410.23984375
370 395.35234375 25805.5921875
380 385.62109375 26191.21328125
390 389.6109375 26580.82421875
400 285.2484375 26866.07265625
407 88.846875 26954.91953125
