0 75.83125 75.83125
10 91.50625 167.3375
20 93.225 260.5625
30 174.796875 435.359375
40 197.609375 632.96875
50 213.91953125 846.88828125
60 271.54765625 1118.4359375
70 337.68125 1456.1171875
80 365.440625 1821.5578125
90 443.45546875 2265.01328125
100 482.49765625 2747.5109375
110 480.64609375 3228.15703125
120 579.503125 3807.66015625
130 584.47421875 4392.134375
140 621.1984375 5013.3328125
150 660.95078125 5674.28359375
160 718.425 6392.70859375
170 775.70546875 7168.4140625
180 821.53203125 7989.94609375
190 916.53359375 8906.4796875
200 902.89609375 9809.37578125
210 883.51640625 10692.8921875
220 953.6765625 11646.56875
230 954.59453125 12601.16328125
240 974.82265625 13575.9859375
250 1036.16328125 14612.14921875
260 1036.36875 15648.51796875
270 1064.88671875 16713.4046875
280 1028.94375 17742.3484375
290 1102.3625 18844.7109375
300 1120.1765625 19964.8875
310 1123.4046875 21088.2921875
320 1122.38828125 22210.68046875
330 1096.66953125 23307.35
340 934.37265625 24241.72265625
350 1004.92265625 25246.6453125
360 663.25625 25909.9015625
370 324.403125 26234.3046875
380 245.9109375 26480.215625
390 302.2171875 26782.4328125
400 105.4953125 26887.928125
407 11.859375 26899.7875
