0 95 95
10 199 199
20 302 302
30 415 415
40 480 480
50 573 573
60 704 708
70 823 823
80 891 892
90 998 998
100 1095 1096
110 1191 1192
120 1306 1313
130 1420 1423
140 1482 1490
150 1559 1561
160 1698 1701
170 1782 1785
180 1898 1901
190 1972 1974
200 2041 2049
210 2133 2138
220 2263 2265
230 2398 2398
240 2503 2509
250 2629 2631
260 2696 2703
270 2837 2845
280 2964 2965
290 3115 3115
300 3198 3200
310 3271 3272
320 3375 3377
330 2920 3389
340 2339 3389
350 1783 3389
360 1253 3389
370 967 3389
380 686 3389
390 402 3389
400 111 3389
407 0 3389
