0 9.5 95
10 10.4 199
20 10.3 302
30 13.4 436
40 12.4 560
50 15.2 712
60 18.3 895
70 18.5 1080
80 18.6 1266
90 24.4 1510
100 24.1 1751
110 26.2 2013
120 29.4 2307
130 28.6 2593
140 29.3 2886
150 31.8 3204
160 35.3 3557
170 36.4 3921
180 39.3 4314
190 37.9 4693
200 40.9 5102
210 41.3 5515
220 45.1 5966
230 46.3 6429
240 45.6 6885
250 50.1 7386
260 48 7866
270 54.3 8409
280 56.3 8972
290 57.7 9549
300 55.1 10100
310 57.4 10674
320 61.6 11290
330 7 11360
340 0 11360
350 0 11360
360 0 11360
370 0 11360
380 0 11360
390 0 11360
400 0 11360
407 0 11360
