0 8.3 83
10 8.7 170
20 9.6 266
30 14.2 408
40 15.5 563
50 15.4 717
60 16 877
70 18.8 1065
80 26.5 1330
90 28 1610
100 27.4 1884
110 33 2214
120 36.9 2583
130 37 2953
140 36.3 3316
150 43.8 3754
160 45.4 4208
170 47 4678
180 47.7 5155
190 51.2 5667
200 57.7 6244
210 58.9 6833
220 58.5 7418
230 61.4 8032
240 64.4 8676
250 66.7 9343
260 70.4 10047
270 69.8 10745
280 74.7 11492
290 73.8 12230
300 78.6 13016
310 71.5 13731
320 76.5 14496
330 46.6 14962
340 30.8 15270
350 27.7 15547
360 27.9 15826
370 25.7 16083
380 26.2 16345
390 23.5 16580
400 25.2 16832
