0 0.1 2.2165022165022163 0 2.2165022165022163 2.2165022165022163 0 0
10 0.1 1.3091641490433032 0.0 2.2165022165022163 1.3091641490433032 2.2165022165022163 1
20 0.1 1.5105740181268883 0.0 2.2165022165022163 1.3091641490433032 1.7628331827727597 2
30 0.1 0.8072653884964682 0.0 2.2165022165022163 0.8072653884964682 1.6787467945574692 3
40 0.1 1.4198782961460445 0.0 2.2165022165022163 0.8072653884964682 1.460876443042219 4
50 0.1 1.5166835187057632 0.0 2.2165022165022163 0.8072653884964682 1.452676813662984 5
60 0.1 1.820020222446916 0.0 2.2165022165022163 0.8072653884964682 1.4633445978367805 6
70 0.1 2.2222222222222223 0.0 2.2222222222222223 0.8072653884964682 1.5142982584953713 7
80 0.1 2.3397761953204474 0.0 2.3397761953204474 0.8072653884964682 1.6027887539612276 8
90 0.1 2.6530612244897958 0.0 2.6530612244897958 0.8072653884964682 1.6846762474455852 9
100 0.1 3.546099290780142 0.0 3.546099290780142 0.8072653884964682 1.7815147451500064 10
110 0.1 3.3776867963152504 0.0 3.546099290780142 0.8072653884964682 1.9419315220254731 11
120 0.1 3.5897435897435894 0.0 3.5897435897435894 0.8072653884964682 2.0615777948829543 12
130 0.1 4.601226993865031 0.0 4.601226993865031 0.8072653884964682 2.1791290098722342 13
140 0.1 4.11522633744856 0.0 4.601226993865031 0.8072653884964682 2.3521360087288627 14
150 0.1 6.646216768916155 0.0 6.646216768916155 0.8072653884964682 2.4696753639768425 15
160 0.1 4.9079754601226995 0.0 6.646216768916155 0.8072653884964682 2.7307092017855497 16
170 0.1 5.7026476578411405 0.0 6.646216768916155 0.8072653884964682 2.858783687570088 17
180 0.1 4.717948717948718 0.0 6.646216768916155 0.8072653884964682 3.016776130362924 18
190 0.1 5.8702368692070035 0.0 6.646216768916155 0.8072653884964682 3.106311529709545 19
200 0.1 7.987551867219916 0.0 7.987551867219916 0.8072653884964682 3.244507796684418 20
210 0.1 9.304703476482617 0.0 9.304703476482617 0.8072653884964682 3.4703670381384897 21
220 0.1 7.312049433573635 0.0 9.304703476482617 0.8072653884964682 3.7355641489723137 22
230 0.1 6.7357512953367875 0.0 9.304703476482617 0.8072653884964682 3.891063509172371 23
240 0.1 7.1502590673575135 0.0 9.304703476482617 0.8072653884964682 4.009592166929221 24
250 0.1 9.375 0.0 9.375 0.8072653884964682 4.135218842946353 25
260 0.1 8.506224066390041 0.0 9.375 0.8072653884964682 4.336748887448416 26
270 0.1 8.650875386199793 0.0 9.375 0.8072653884964682 4.491173894075884 27
280 0.1 8.324661810613945 0.0 9.375 0.8072653884964682 4.639734661651738 28
290 0.1 9.834368530020704 0.0 9.834368530020704 0.8072653884964682 4.7668011150642275 29
300 0.1 10.348360655737705 0.0 10.348360655737705 0.8072653884964682 4.93572002889611 30
310 0.1 11.838006230529595 0.0 11.838006230529595 0.8072653884964682 5.110321339439388 31
320 0.1 11.582213029989658 0.0 11.838006230529595 0.8072653884964682 5.3205614922859565 32
330 0.1 12.344398340248963 0.0 12.344398340248963 0.8072653884964682 5.510308508580008 33
340 0.1 10.526315789473683 0.0 12.344398340248963 0.8072653884964682 5.711311150687918 34
350 0.1 6.116207951070336 0.0 12.344398340248963 0.8072653884964682 5.848882711796083 35
360 0.1 4.545454545454546 0.0 12.344398340248963 0.8072653884964682 5.856308412887035 36
370 0.1 6.3072227873855535 0.0 12.344398340248963 0.8072653884964682 5.8208799299834535 37
380 0.1 2.540650406504065 0.0 12.344398340248963 0.8072653884964682 5.833678426230877 38
390 0.1 5.172413793103448 0.0 12.344398340248963 0.8072653884964682 5.749241810340446 39
400 0.1 2.344546381243629 0.0 12.344398340248963 0.8072653884964682 5.734821109909521 40
