0 0 0
10 0 0
20 0 0
30 1.7 17
40 5.9 76
50 4.8 124
60 6 184
70 6.5 249
80 11.9 368
90 10.6 474
100 13.2 606
110 17.9 785
120 18 965
130 21.7 1182
140 21.4 1396
150 23.6 1632
160 23.5 1867
170 26 2127
180 25 2377
190 30 2677
200 32 2997
210 33.9 3336
220 35.5 3691
230 35.9 4050
240 38.4 4434
250 39 4824
260 42.4 5248
270 43.4 5682
280 44.8 6130
290 45.9 6589
300 43.7 7026
310 39.7 7423
320 42.6 7849
330 53.9 8388
340 67.7 9065
350 57.2 9637
360 51 10147
370 25.5 10402
380 26.4 10666
390 23.3 10899
400 25.4 11153
