0 0.1 0.0 0 0.0 0.0 0 0
10 0.1 0.0 0.0 0.0 0.0 0.0 1
20 0.1 0.0 0.0 0.0 0.0 0.0 2
30 0.1 0.0 0.0 0.0 0.0 0.0 3
40 0.1 0.0 0.0 0.0 0.0 0.0 4
50 0.1 0.0 0.0 0.0 0.0 0.0 5
60 0.1 0.0 0.0 0.0 0.0 0.0 6
70 0.1 0.0 0.0 0.0 0.0 0.0 7
80 0.1 0.0 0.0 0.0 0.0 0.0 8
90 0.1 0.0 0.0 0.0 0.0 0.0 9
100 0.1 0.0 0.0 0.0 0.0 0.0 10
110 0.1 0.0 0.0 0.0 0.0 0.0 11
120 0.1 0.0 0.0 0.0 0.0 0.0 12
130 0.1 0.078125 0.0 0.078125 0.0 0.0 13
140 0.1 0.0703125 0.0 0.078125 0.0 0.005580357142857143 14
150 0.1 0.05859375 0.0 0.078125 0.0 0.009895833333333333 15
160 0.1 0.05078125 0.0 0.078125 0.0 0.012939453125 16
170 0.1 0.0390625 0.0 0.078125 0.0 0.015165441176470588 17
180 0.1 0.03125 0.0 0.078125 0.0 0.016493055555555556 18
190 0.1 0.03125 0.0 0.078125 0.0 0.017269736842105265 19
200 0.1 0.01953125 0.0 0.078125 0.0 0.017968750000000002 20
210 0.1 0.01953125 0.0 0.078125 0.0 0.018043154761904764 21
220 0.1 0.01953125 0.0 0.078125 0.0 0.018110795454545456 22
230 0.1 0.08984375 0.0 0.08984375 0.0 0.018172554347826088 23
240 0.1 0.0703125 0.0 0.08984375 0.0 0.021158854166666668 24
250 0.1 0.05859375 0.0 0.08984375 0.0 0.023125 25
260 0.1 0.05078125 0.0 0.08984375 0.0 0.024489182692307692 26
270 0.1 0.0390625 0.0 0.08984375 0.0 0.02546296296296296 27
280 0.1 0.0390625 0.0 0.08984375 0.0 0.025948660714285716 28
290 0.1 0.03125 0.0 0.08984375 0.0 0.026400862068965518 29
300 0.1 0.109375 0.0 0.109375 0.0 0.0265625 30
310 0.1 0.08984375 0.0 0.109375 0.0 0.029233870967741934 31
320 0.1 0.0703125 0.0 0.109375 0.0 0.0311279296875 32
330 0.1 0.05859375 0.0 0.109375 0.0 0.03231534090909091 33
340 0.1 0.12890625 0.0 0.12890625 0.0 0.03308823529411765 34
350 0.1 0.109375 0.0 0.12890625 0.0 0.035825892857142855 35
360 0.1 0.08984375 0.0 0.12890625 0.0 0.03786892361111111 36
370 0.1 0.078125 0.0 0.12890625 0.0 0.03927364864864865 37
380 0.1 0.0703125 0.0 0.12890625 0.0 0.04029605263157895 38
390 0.1 0.05859375 0.0 0.12890625 0.0 0.04106570512820513 39
400 0.1 0.05078125 0.0 0.12890625 0.0 0.04150390625 40
