0 8.3 46.10839759036145 41.050617475343564 245.141 10.24 0 0
10 8.7 38.371712643678165 41.07064541889161 284.153 8.477 46.10839759036145 83
20 9.6 32.2465625 21.583120622574338 284.153 8.477 42.14903529411765 170
30 20.4 30.357156862745114 17.184618272498014 284.153 7.81 38.57521052631579 266
40 26.2 27.475488549618316 15.765181072778788 284.153 7.81 35.0082255319149 470
50 25.1 27.424418326693235 15.921064705067026 284.153 6.979 32.31208196721312 732
60 29 29.710613793103448 17.029885546899582 284.153 6.979 31.06406205493388 983
70 36.8 29.15680163043477 17.076390539575566 284.153 6.979 30.75573527101336 1273
80 45.8 26.204203056768584 16.479477146104667 284.153 6.979 30.397168799512492 1641
90 46.1 26.151934924078077 16.683943984975883 284.153 6.764 29.482267270128638 2099
100 52.9 24.91212854442346 15.398945328900142 284.153 6.764 28.882547265625 2560
110 62.3 25.824394863563366 17.428091203288744 284.153 6.714 28.202601812884428 3089
120 66.4 27.035082831325315 17.679579369895993 284.153 6.714 27.803457704741376 3712
130 72.3 44.976875518672145 71.48745586231466 564.18 6.714 27.68686700182815 4376
140 72.2 27.754839335180023 17.62198320403918 564.18 6.714 30.138460678564414 5099
150 82.5 26.531602424242447 16.934918304500766 564.18 6.665 29.842811372616374 5821
160 83.9 27.4701060786651 18.207820986906984 564.18 6.665 29.431775052663244 6646
170 83.2 26.683737980769266 17.85772174122766 564.18 6.665 29.211889913159645 7485
180 92.4 32.260322510822434 32.30327536811927 564.18 6.665 28.958983527714317 8317
190 100.2 40.796301397205546 61.26048253794133 656.245 6.665 29.28908170111459 9241
200 108.9 33.667566574839434 22.965274749918226 656.245 6.665 30.41475134238015 10243
210 110.5 138.71911312217188 3617.1872160625057 120323.552 6.665 30.727345393575717 11332
220 112.6 34.35979218472473 24.539922340778684 120323.552 6.665 40.322175605049445 12437
230 119.1 37.4885079764904 31.112093184680123 120323.552 5.908 39.82717864779178 13563
240 123.3 136.17662611516639 3423.576288596619 120323.552 5.908 39.63839209705843 14754
250 131.5 62.96806007604569 59.507333384027206 120323.552 5.908 47.08391924688811 15987
260 138.8 63.77766354466854 55.4254962983963 120323.552 5.908 48.2911580164143 17302
270 138.1 71.88573714699497 75.29590428592886 120323.552 5.908 49.441252701979685 18690
280 142.4 319.02932022471845 341.98325156188326 120323.552 5.908 50.98556205470581 20071
290 147.7 162.69521056194984 137.85356920471943 120323.552 5.908 68.74291546871363 21495
300 143.5 314.10124529616735 223.31832370867545 120323.552 5.908 74.78364069301756 22972
310 130.5 1235.769674329501 1054.4260839767826 120323.552 5.908 88.85422546810338 24407
320 144.5 2144.1349854671303 1838.5305871167923 120323.552 5.908 147.065358820784 25712
330 146.9 2789.4463022464324 2375.704053750209 120323.552 5.908 253.3276709503996 27157
340 125.9 321.6762533756948 2487.851110234606 120323.552 5.908 383.4736315936565 28626
350 113.3 38.68469373345101 32.69983497113113 120323.552 5.908 380.8702218838886 29885
360 87.7 95.02290079817548 2043.1902548532755 120323.552 5.908 368.37115026758687 31018
370 52.1 144.2586007677541 2677.7622605685992 120323.552 5.908 360.8550375607465 31895
380 49.8 22.04944779116467 36.59244225139902 120323.552 5.908 357.3738324901287 32416
390 48.6 23.00956172839508 46.209957921360676 120323.552 5.908 352.3002606489643 32914
400 45.5 14.43042637362637 6.7124124516824955 120323.552 5.908 347.50878520958116 33400
