0 15.9 24.042194968553474 19.997382263742395 126.643 10.24 0 0
10 16.3 20.45328220858895 28.950464198257553 284.153 8.477 24.042194968553474 159
20 18.4 16.794701086956525 5.294810233163809 284.153 8.477 22.225447204968948 322
30 35 17.67128285714283 6.737434857569447 284.153 7.81 20.25063043478261 506
40 42.4 16.95747405660378 4.374558811639953 284.153 7.81 19.1959906542056 856
50 40.2 17.139104477611948 4.700058920349412 284.153 6.979 18.454482031249995 1280
60 47.1 18.31280679405519 5.767423691106382 284.153 6.979 18.140105231866823 1682
70 56.6 18.877856890459334 6.203087591417589 284.153 6.767 18.177886205294932 2153
80 68.6 17.475628279883363 5.093863705409453 284.153 6.015 18.323595439499805 2719
90 70.7 17.11552899575671 5.237067927059827 284.153 6.015 18.15275682819382 3405
100 74 17.729645945945958 5.630871595107783 284.153 6.015 17.97442023346302 4112
110 86.7 18.53915455593999 8.188641679069868 284.153 6.015 17.937088623248137 4852
120 96.7 18.560972078593586 7.038292218639392 284.153 6.015 18.028361776534346 5719
130 103.9 31.306100096246357 53.28707059978466 496.66 6.015 18.1053935088244 6686
140 101.5 19.711112315270903 6.875346681967203 496.66 6.015 19.88086718446601 7725
150 116 70.67545431034478 1763.718808847813 60114.441 6.015 19.861153089244837 8740
160 118.8 19.372821548821516 6.997539954341071 60114.441 6.015 25.815152020202003 9900
170 116.4 19.056883161512037 7.543233597055766 60114.441 6.015 25.124902326839806 11088
180 129.5 69.49937220077224 1672.166656794013 60215.66 6.015 24.54841079007507 12252
190 139 29.43162446043167 41.61164911160127 60215.66 6.015 28.845413449472193 13547
200 153.9 23.76871345029242 11.55215756271904 60215.66 6.015 28.89996478543214 14937
210 151 61.739366887417276 1548.0575860632537 60215.66 6.015 28.4206618111192 16476
220 155.3 24.85631423052156 12.339981567649383 60215.66 6.015 31.21790659401757 17986
230 161.1 27.682093730602144 17.459753573744813 60215.66 5.854 30.71227411842981 19539
240 172.2 62.53613646922185 1446.5193242958076 60215.66 5.854 30.481464633569743 21150
250 181.7 45.91368959823892 41.84728759286535 60215.66 5.854 32.894814795383006 22872
260 191.4 45.89096551724136 34.56048976597432 60215.66 5.854 33.8529457653206 24689
270 188.5 52.67628275862069 49.76076532816504 60215.66 5.854 34.7190424388227 26603
280 198.3 229.69296268280397 234.98848476432238 60215.66 5.854 35.907240908452685 28488
290 199.5 119.98104260651624 100.15530501989284 60215.66 5.854 48.51848065373635 30471
300 197.7 231.39534344967154 162.1699424858233 60215.66 5.854 52.90977650465103 32466
310 186.6 971.1553135048244 749.6553822982621 60215.66 3.081 63.15470191330607 34443
320 196.5 1627.293628498726 1051.6961117899841 60215.66 3.081 109.81886620397155 36309
330 174.5 2172.8986057306643 1228.389987331565 60215.66 3.081 187.7265295762136 38274
340 126 321.26688968253967 2482.57045032654 61739.133 3.081 274.28854444139057 40019
350 113.3 38.68469373345101 32.69983497113113 61739.133 3.081 275.7225112284699 41279
360 87.7 95.02290079817548 2043.1902548532755 61739.133 3.081 269.3902503772519 42412
370 52.1 144.2586007677541 2677.7622605685992 61739.133 3.081 265.85770941809716 43289
380 49.8 22.04944779116467 36.59244225139902 61739.133 3.081 264.4116209541203 43810
390 48.6 23.00956172839508 46.209957921360676 61739.133 3.081 261.6875900288889 44308
400 45.5 14.43042637362637 6.7124124516824955 61739.133 3.081 259.0980128142164 44794
