10 0.1 660 0 660 660 0 0
20 0.1 705.0 0.0 705 660 660.0 1
30 0.1 634.0 0.0 705 634 682.5 2
40 0.1 1426.0 0.0 1426 634 666.3333333333334 3
50 0.1 1419.0 0.0 1426 634 856.25 4
60 0.1 1477.0 0.0 1477 634 968.8 5
70 0.1 1839.0 0.0 1839 634 1053.5 6
80 0.1 2235.0 0.0 2235 634 1165.7142857142858 7
90 0.1 2615.0 0.0 2615 634 1299.375 8
100 0.1 2906.0 0.0 2906 634 1445.5555555555557 9
110 0.1 3103.0 0.0 3103 634 1591.6 10
120 0.1 3516.0 0.0 3516 634 1729.0 11
130 0.1 3999.0 0.0 3999 634 1877.9166666666667 12
140 0.1 4162.0 0.0 4162 634 2041.076923076923 13
150 0.1 4428.0 0.0 4428 634 2192.5714285714284 14
160 0.1 4637.0 0.0 4637 634 2341.6 15
170 0.1 4992.0 0.0 4992 634 2485.0625 16
180 0.1 4747.0 0.0 4992 634 2632.529411764706 17
190 0.1 5447.0 0.0 5447 634 2750.0 18
200 0.1 5926.0 0.0 5926 634 2891.9473684210525 19
210 0.1 6441.0 0.0 6441 634 3043.65 20
220 0.1 6368.0 0.0 6441 634 3205.4285714285716 21
230 0.1 6636.0 0.0 6636 634 3349.181818181818 22
240 0.1 6723.0 0.0 6723 634 3492.086956521739 23
250 0.1 7383.0 0.0 7383 634 3626.7083333333335 24
260 0.1 7570.0 0.0 7570 634 3776.96 25
270 0.1 7748.0 0.0 7748 634 3922.846153846154 26
280 0.1 8013.0 0.0 8013 634 4064.5185185185187 27
290 0.1 8230.0 0.0 8230 634 4205.535714285715 28
300 0.1 8299.0 0.0 8299 634 4344.310344827587 29
310 0.1 8666.0 0.0 8666 634 4476.133333333334 30
320 0.1 8577.0 0.0 8666 634 4611.290322580646 31
330 0.1 8762.0 0.0 8762 634 4735.218750000001 32
340 0.1 6579.0 0.0 8762 634 4857.242424242425 33
350 0.1 5693.0 0.0 8762 634 4907.8823529411775 34
360 0.1 5397.0 0.0 8762 634 4930.314285714287 35
370 0.1 4306.0 0.0 8762 634 4943.277777777778 36
380 0.1 2965.0 0.0 8762 634 4926.054054054055 37
390 0.1 2999.0 0.0 8762 634 4874.447368421053 38
400 0.1 2663.0 0.0 8762 634 4826.3589743589755 39
