30 1.7 35076.66994117648 34.59614472650996 35186.755 35052.07 0 0
40 5.9 35072.06844067798 51.51302559622297 35339.862 35048.983 35076.66994117648 17
50 4.8 35057.89418750002 5.483919829282092 35339.862 35048.294 35073.097723684215 76
60 6 35062.14071666668 13.001119057079958 35339.862 35046.961 35067.21248387098 124
70 6.5 35061.4613076923 9.102287102149159 35339.862 35046.961 35065.55864673914 184
80 11.9 49825.01242016806 21145.692164269043 80291.468 35046.961 35064.489060240965 249
90 10.6 51200.993905660405 21591.857020707554 80291.468 35046.961 39837.59308152174 368
100 13.2 49728.50767424243 21101.178639828588 80291.468 35046.961 42378.775544303804 474
110 17.9 53676.11173743016 22170.03339058969 80291.468 35046.961 43979.70729537954 606
120 18 55072.6166611111 22370.437951638887 80291.468 35046.961 46190.73455031847 785
130 21.7 51464.04515668202 21658.217226899338 80328.703 35046.961 47847.4586746114 965
140 21.4 54231.62806542055 22248.258795936054 80331.824 35046.961 48511.41744500846 1182
150 23.6 53952.435300847465 22216.83977884586 80331.824 35046.961 49388.29786962751 1396
160 23.5 56140.79711063827 22464.26525142681 80331.824 35046.961 50048.30793933824 1632
170 26 56719.61985384617 22485.418397197784 80331.824 35046.961 50815.17186823782 1867
180 25 53620.595787999984 22158.845910619173 80331.824 35046.961 51536.91915373766 2127
190 30 53689.610510000006 22163.177069978832 80331.824 35046.961 51756.068989061845 2377
200 32 56048.93973437499 22459.250935347456 80575.759 35046.961 51972.75276055287 2677
210 33.9 56338.31171976398 22486.533993352798 80606.575 35046.961 52407.98126626627 2997
220 35.5 53603.68417746475 22144.64750500375 80606.575 35046.961 52807.37635731415 3336
230 35.9 55902.04949860723 22441.255047386407 80606.575 35046.961 52883.965161473854 3691
240 38.4 55492.92930468749 22404.91295343682 80606.575 35046.961 53151.49411876543 4050
250 39 54283.212879487175 22236.02252276432 80606.575 35046.961 53354.2706436626 4434
260 42.4 54789.44360377356 22303.390391556615 80606.575 35046.961 53429.37169506633 4824
270 43.4 55177.002453917026 22358.84836879763 80709.59 35046.961 53539.2555535442 5248
280 44.8 57795.75514508926 22358.96215106643 80990.584 35046.961 53664.34920978528 5682
290 45.9 55495.82895424841 22223.202500015672 81179.193 35046.961 53966.28556525285 6130
300 43.7 57801.91155148743 22236.43349032226 81179.193 35046.961 54072.83593944453 6589
310 39.7 56727.16515617125 22034.675337625176 82911.869 35046.961 54304.77531354967 7026
320 42.6 59588.45004460095 21754.6498884418 85371.802 35046.961 54434.3305833221 7423
330 53.9 60573.59942300558 22110.006179826378 85948.724 35046.961 54714.06747853229 7849
340 67.7 57362.06076514031 22453.38583347651 85948.724 35046.961 55090.59200381496 8388
350 57.2 58083.925111888166 23529.02829405387 262079.543 35046.961 55260.23175576392 9065
360 51 61047.93402352934 21720.013823669 262079.543 35046.961 55427.83086333921 9637
370 25.5 80352.69468627452 148.62261482758495 262079.543 35046.961 55710.303772740706 10147
380 26.4 81324.41274621207 11112.465777130023 262079.543 35046.961 56314.4000698904 10402
390 23.3 82181.4349742489 1616.417963722549 262079.543 35046.961 56933.436573410836 10666
400 25.4 84449.69070078741 2932.9221546228346 262079.543 35046.961 57473.1910121112 10899
