0 69.91015625 69.91015625
10 70.42421875 140.334375
20 80.7953125 221.1296875
30 178.33515625 399.46484375
40 231.24609375 630.7109375
50 214.26171875 844.97265625
60 263.8171875 1108.78984375
70 318.6234375 1427.41328125
80 391.0484375 1818.46171875
90 397.959375 2216.42109375
100 433.44921875 2649.8703125
110 514.584375 3164.4546875
120 569.4265625 3733.88125
130 629.43828125 4363.31953125
140 618.5703125 4981.88984375
150 692.91796875 5674.8078125
160 710.9625 6385.7703125
170 691.94375 7077.7140625
180 774.54609375 7852.26015625
190 842.23828125 8694.4984375
200 934.35859375 9628.85703125
210 910.0515625 10538.90859375
220 931.840625 11470.74921875
230 976.38984375 12447.1390625
240 1051.16796875 13498.30703125
250 1109.696875 14608.00390625
260 1161.54140625 15769.5453125
270 1160.634375 16930.1796875
280 1224.2234375 18154.403125
290 1223.9984375 19378.4015625
300 1221.3328125 20599.734375
310 1263.50078125 21863.23515625
320 1254.9515625 23118.18671875
330 1065.61171875 24183.7984375
340 904.1671875 25087.965625
350 906.6546875 25994.6203125
360 707.82734375 26702.44765625
370 420.44296875 27122.890625
380 399.38125 27522.271875
390 387.71953125 27909.99140625
400 364.67890625 28274.6703125
