0 235.55390625 235.55390625
10 240.90390625 476.4578125
20 272.63671875 749.09453125
30 557.38125 1306.47578125
40 683.159375 1989.63515625
50 645.43203125 2635.0671875
60 771.6109375 3406.678125
70 955.51875 4362.196875
80 1122.9921875 5485.1890625
90 1153.78203125 6638.97109375
100 1240.84296875 7879.8140625
110 1450.71640625 9330.53046875
120 1603.07265625 10933.603125
130 1738.61640625 12672.21953125
140 1709.83125 14382.05078125
150 1932.103125 16314.15390625
160 1983.4328125 18297.58671875
170 1897.5453125 20195.13203125
180 2172.2765625 22367.40859375
190 2325.9328125 24693.34140625
200 2572.30703125 27265.6484375
210 2485.21484375 29750.86328125
220 2577.51171875 32328.375
230 2667.41484375 34995.78984375
240 2862.93203125 37858.721875
250 3037.68671875 40896.40859375
260 3195.49765625 44091.90625
270 3167.265625 47259.171875
280 3300.20625 50559.378125
290 3337.22109375 53896.59921875
300 3251.25234375 57147.8515625
310 3034.56171875 60182.41328125
320 3176.69296875 63359.10625
330 2855.74453125 66214.85078125
340 2100.53671875 68315.3875
350 1883.14375 70198.53125
360 1380.63125 71579.1625
370 746.9953125 72326.1578125
380 708.8765625 73035.034375
390 681.2796875 73716.3140625
400 628.62265625 74344.93671875
