0 89 89
10 175 175
20 268 268
30 395 395
40 489 489
50 596 598
60 700 700
70 825 826
80 929 929
90 1064 1065
100 1162 1163
110 1241 1250
120 1350 1351
130 1425 1427
140 1483 1492
150 1588 1589
160 1691 1692
170 1778 1783
180 1902 1902
190 1987 1997
200 2096 2097
210 2184 2196
220 2293 2299
230 2384 2384
240 2472 2473
250 2589 2593
260 2668 2668
270 2756 2756
280 2824 2842
290 2895 2900
300 3037 3042
310 3256 3258
320 3411 3416
330 2965 3441
340 2288 3441
350 1716 3441
360 1206 3441
370 951 3441
380 687 3441
390 454 3441
400 200 3441
