0 8.9 89
10 8.6 175
20 9.3 268
30 14.4 412
40 15.3 565
50 15.5 720
60 16.4 884
70 19 1074
80 22.3 1297
90 24.1 1538
100 23 1768
110 25.8 2026
120 28.9 2315
130 29.2 2607
140 27.2 2879
150 34.1 3220
160 33.8 3558
170 34.7 3905
180 37.4 4279
190 38.5 4664
200 42.9 5093
210 42.7 5520
220 46.4 5984
230 45 6434
240 47.2 6906
250 50.7 7413
260 50.3 7916
270 52.2 8438
280 51.6 8954
290 53 9484
300 57.9 10063
310 61.6 10679
320 58.1 11260
330 9.3 11353
340 0 11353
350 0 11353
360 0 11353
370 0 11353
380 0 11353
390 0 11353
400 0 11353
