0 1.1 2.4494545454545458 2.623963704143249 10.742 1.371 0 0
10 1 1.6631 0.07388024093084693 10.742 1.371 2.4494545454545458 11
20 1.4 1.6143571428571426 0.13097851903644195 10.742 1.355 2.075 21
30 2 1.6547 0.1636062651612095 10.742 1.242 1.8907428571428573 35
40 2.7 1.5581851851851853 0.15429962123691227 10.742 1.23 1.804909090909091 55
50 2.9 1.6657931034482758 0.15497638959450538 10.742 1.23 1.7236707317073172 82
60 3.1 1.8607419354838708 1.018484071731339 10.742 1.23 1.7085495495495495 111
70 5.2 1.6324423076923078 0.4369470753667973 10.742 1.187 1.741774647887324 142
80 5.6 1.6434285714285715 0.3468277082121228 10.742 1.187 1.7124690721649485 194
90 5.8 16.795706896551728 60.39262300520299 359.607 1.187 1.697004 250
100 6.2 1.83458064516129 1.3908339752544747 359.607 1.187 4.540266233766234 308
110 7.8 1.7146794871794868 0.9801280069929869 359.607 1.163 4.086881081081081 370
120 7 1.8461999999999996 1.2739929535575483 359.607 1.163 3.6738638392857146 448
130 6.7 1.5178955223880588 0.252210947856664 359.607 1.163 3.4268822393822393 518
140 10.7 1.4045887850467296 0.17074585985982668 359.607 1.141 3.2082461538461535 585
150 11.2 1.7178749999999996 1.3201610299843296 359.607 1.141 2.9293569364161844 692
160 14.8 1.4796351351351356 0.21490255958660331 359.607 1.141 2.7605932835820886 804
170 17.7 1.44280790960452 0.335191483085293 359.607 1.141 2.561452731092436 952
180 19.9 1.5861055276381906 1.7038707083795899 359.607 1.141 2.3860761736049594 1129
190 20.4 1.4258088235294126 0.5992371766201706 359.607 1.141 2.2662010542168667 1328
200 23.2 1.301849137931034 0.12361410545816508 359.607 1.141 2.15429503916449 1532
210 27.4 1.4147153284671543 0.42517972067647714 359.607 1.14 2.042181972789115 1764
220 31 1.3735516129032268 0.5516517329193145 359.607 1.14 1.957821884200196 2038
230 32.3 1.340594427244583 0.513586032326156 359.607 1.14 1.880682282793867 2348
240 19.8 1.561722222222222 2.023034431671492 359.607 1.114 1.815370273305878 2671
250 7.9 1.4710506329113926 0.20926241165096787 359.607 1.114 1.7978651097943534 2869
260 8.8 1.3966250000000004 0.13844307268693512 359.607 1.114 1.7891071913161465 2948
270 10.1 8.83930693069307 37.07955157876146 359.607 1.114 1.7777308959156786 3036
280 12.4 1.6272741935483865 0.7618200229703489 359.607 1.114 2.0050879821485497 3137
290 13.8 1.4425 0.5473804316529061 359.607 1.114 1.9907215578043547 3261
300 14.1 1.7794113475177304 1.4789543558952685 359.607 1.114 1.9684636657840542 3399
310 7.1 1.5169154929577464 0.23407418749816478 359.607 1.114 1.960933615819209 3540
320 1.2 1.8095833333333333 0.2132422168698205 359.607 1.114 1.9522032677928551 3611
330 0.8 1.715875 0.22223660673930387 359.607 1.114 1.9517308860060723 3623
340 0.8 1.691875 0.16887897848755476 359.607 1.114 1.9512112365739465 3631
