0 0.1 1.6309611608213894 0 1.6309611608213894 1.6309611608213894 0 0
10 0.1 0.4008016032064128 0.0 1.6309611608213894 0.4008016032064128 1.6309611608213894 1
20 0.1 0.3003003003003003 0.0 1.6309611608213894 0.3003003003003003 1.0158813820139012 2
30 0.1 0.4 0.0 1.6309611608213894 0.3003003003003003 0.7773543547760342 3
40 0.1 0.3009027081243731 0.0 1.6309611608213894 0.3003003003003003 0.6830157660820256 4
50 0.1 0.6012024048096193 0.0 1.6309611608213894 0.3003003003003003 0.6065931544904951 5
60 0.1 2.7027027027027026 0.0 2.7027027027027026 0.3003003003003003 0.6056946962103492 6
70 0.1 0.9027081243731194 0.0 2.7027027027027026 0.3003003003003003 0.9052672685663997 7
80 0.1 1.2024048096192386 0.0 2.7027027027027026 0.3003003003003003 0.9049473755422397 8
90 0.1 1.2987012987012987 0.0 2.7027027027027026 0.3003003003003003 0.9379982015507952 9
100 0.1 1.402805611222445 0.0 2.7027027027027026 0.3003003003003003 0.9740685112658454 10
110 0.1 1.3039117352056169 0.0 2.7027027027027026 0.3003003003003003 1.0130446112618998 11
120 0.1 1.7999999999999998 0.0 2.7027027027027026 0.3003003003003003 1.0372835382572096 12
130 0.1 1.0080645161290323 0.0 2.7027027027027026 0.3003003003003003 1.0959540353143473 13
140 0.1 1.6016016016016015 0.0 2.7027027027027026 0.3003003003003003 1.0896762125153963 14
150 0.1 1.2121212121212122 0.0 2.7027027027027026 0.3003003003003003 1.12380457178781 15
160 0.1 1.9133937562940584 0.0 2.7027027027027026 0.3003003003003003 1.1293243618086475 16
170 0.1 2.2155085599194364 0.0 2.7027027027027026 0.3003003003003003 1.1754460908960247 17
180 0.1 2.5150905432595576 0.0 2.7027027027027026 0.3003003003003003 1.233227339175103 18
190 0.1 2.327935222672065 0.0 2.7027027027027026 0.3003003003003003 1.3006938236006007 19
200 0.1 1.5321756894790604 0.0 2.7027027027027026 0.3003003003003003 1.352055893554174 20
210 0.1 2.1450459652706844 0.0 2.7027027027027026 0.3003003003003003 1.3606330266934543 21
220 0.1 5.369807497467072 0.0 5.369807497467072 0.3003003003003003 1.3962881602651465 22
230 0.1 2.169421487603306 0.0 5.369807497467072 0.3003003003003003 1.5690498705782736 23
240 0.1 2.4640657084188913 0.0 5.369807497467072 0.3003003003003003 1.5940653546209835 24
250 0.1 2.738336713995943 0.0 5.369807497467072 0.3003003003003003 1.6288653687728998 25
260 0.1 3.006012024048096 0.0 5.369807497467072 0.3003003003003003 1.6715373435891707 26
270 0.1 3.306613226452906 0.0 5.369807497467072 0.3003003003003003 1.7209623317543161 27
280 0.1 2.5303643724696356 0.0 5.369807497467072 0.3003003003003003 1.7775927208506943 28
290 0.1 2.1212121212121215 0.0 5.369807497467072 0.3003003003003003 1.803550364009968 29
300 0.1 2.2155085599194364 0.0 5.369807497467072 0.3003003003003003 1.81413908925004 30
310 0.1 2.320887991927346 0.0 5.369807497467072 0.3003003003003003 1.8270864915296978 31
320 0.1 1.6112789526686808 0.0 5.369807497467072 0.3003003003003003 1.8425177884171242 32
330 0.1 0.6036217303822937 0.0 5.369807497467072 0.3003003003003003 1.8355105509702019 33
340 0.1 2.6 0.0 5.369807497467072 0.3003003003003003 1.7992785268352633 34
