0 1.1 53.321 68.88001511851803 263.769 10.21 0 0
10 1 28.243899999999996 18.15430188935945 263.769 10.21 53.321 11
20 1.4 23.269928571428572 14.780085890260226 263.769 6.595 41.3795238095238 21
30 2.7 235.92940740740738 443.2774009147352 1555.668 6.595 34.13568571428571 35
40 3.7 249.34083783783785 319.92917974768693 1555.668 6.595 122.01359677419353 62
50 4 142.01974999999996 238.24622792593692 1555.668 6.595 169.60054545454543 99
60 4.6 1229.921086956522 1469.179940817545 5643.47 6.595 161.66362589928053 139
70 7.7 3002.9565064935045 2234.7891596347636 8670.023 6.595 427.2844 185
80 5.9 2416.7365254237293 2185.799779653479 8670.023 6.595 1184.2567366412209 262
90 4.7 6116.997361702128 3221.1934716255723 12203.283 6.595 1410.7872897196257 321
100 7.7 7921.316038961036 4997.446227502035 21460.83 6.595 2011.852163043478 368
110 11.2 7332.497866071434 7514.913215975142 24058.363 0.96 3034.3886089887633 445
120 11.7 8155.440820512821 8738.984125312874 30245.288 0.869 3898.6403806104136 557
130 13.8 1504.4221666666667 4873.1529696020225 30245.288 0.861 4637.580516320475 674
140 17.6 7867.332903409095 12616.408252651368 38821.088 0.861 4105.097939655173 812
150 18.5 7101.626821621624 12606.932721464816 46526.389 0.861 4775.293641700406 988
160 21.7 7562.764732718896 13650.564952236557 48111.247 0.861 5142.191884057972 1173
170 27.8 5685.193830935249 12169.28932928342 49934.078 0.857 5520.07987553957 1390
180 31.2 4294.644955128205 9707.36895014214 49934.078 0.857 5547.598868105517 1668
190 36.1 3143.2614819944574 8287.927750984058 49934.078 0.857 5350.163706060607 1980
200 40.7 3230.753402948399 8329.36397858393 49934.078 0.843 5009.8426027338755 2341
210 47.9 1708.2216033402915 6315.437109248067 49934.078 0.843 4746.345767103348 2748
220 53.1 2956.1627156308855 8685.786434035163 49934.078 0.843 4295.381566780292 3227
230 54.5 1280.4360183486235 5839.826805269057 49934.078 0.843 4106.151867482704 3758
240 50.2 1654.1691912350611 7623.7087147948305 52141.209 0.837 3748.25850522891 4303
250 42.4 3305.8695023584937 11128.806805694516 54427.475 0.837 3529.4795592091573 4805
260 40.7 2833.498594594596 9946.033895200051 58939.968 0.837 3511.3478582903044 5229
270 38.7 2889.69160981912 10564.507931564714 61794.42 0.837 3462.3974235273245 5636
280 23.6 4465.431961864407 14635.390057574938 65139.605 0.837 3425.598959322597 6023
290 26 2545.8588 10675.123167709571 70250.445 0.837 3464.8065945039148 6259
300 28.1 4639.884064056943 15735.787739607953 73631.776 0.837 3428.15581576929 6519
310 21.1 3415.6689004739355 13094.39235391964 75677.414 0.837 3478.228703676471 6800
320 8.9 13548.204853932584 25763.21529816069 77909.007 0.837 3476.345931108259 7011
330 2.8 32318.232642857143 34405.77964192055 81889.624 0.837 3602.5988105633805 7100
340 2.1 63520.11114285715 28841.541042276178 85597.713 0.837 3715.398718995511 7128
