0 2.3 25.472086956521736 51.06912874927307 263.769 10.21 0 0
10 2 14.09265 4.394207315034191 263.769 10.21 25.472086956521736 23
20 2.6 12.504423076923077 2.483699972173601 263.769 6.595 20.17932558139535 43
30 5.1 124.86619607843139 173.0924714906627 678.163 6.595 17.287333333333333 69
40 8.3 111.11487951807224 143.13072601876988 678.163 6.595 63.00835 120
50 7.6 74.71506578947371 120.84439021770012 678.163 6.595 82.67752216748767 203
60 12 724.9747000000002 648.5082130913172 2584.608 6.595 80.5085376344086 279
70 16.4 1248.8086402439021 770.4172152499726 2952.607 6.595 274.3329473684211 399
80 14.9 1483.0032953020134 1112.6785399908372 4024.251 6.595 558.1944280639432 563
90 13 3541.25873076923 1301.6240631405342 5722.29 6.595 751.728867977528 712
100 16 4926.62313125 1617.3850109975913 8098.208 6.595 1182.4163764845603 842
110 24.8 3412.145290322581 2584.228494393322 8191.876 0.804 1780.2937025948102 1002
120 28.6 4902.58187062937 4386.1042074685765 10829.269 0.804 2104.0530575999996 1250
130 42.8 1302.5988948598135 3044.864450486623 12246.349 0.792 2625.1332923177083 1536
140 40.1 4044.519591022444 5327.7191716122325 13260.228 0.791 2336.9231486761714 1964
150 44.7 2820.7719440715887 4957.6047635027135 13992.397 0.791 2626.4564143763214 2365
160 53.3 2539.974091932455 4036.4660481895107 14092.358 0.791 2657.3451205547653 2812
170 63.9 2219.0929061032853 3954.253397410401 14092.358 0.791 2638.6429506726454 3345
180 73 1857.3603164383562 3241.167758637458 14092.358 0.791 2571.3506618975894 3984
190 89.4 1349.8363937360182 3138.190041388441 14092.358 0.789 2460.7836376750097 4714
200 97.8 1455.780980572598 3358.576143781052 14092.358 0.789 2283.681848074179 5608
210 117.5 712.3429165957454 2262.9368145514622 14092.358 0.788 2160.7412090798657 6586
220 127.9 1347.394050039093 3596.0784008002397 14092.358 0.78 1941.4565816260788 7761
230 133.5 726.7437992509361 2631.5143031264383 14092.358 0.776 1857.4072477876102 9040
240 137.4 932.9320567685587 3544.2964656411064 15808.5 0.776 1711.9194691084333 10375
250 120.5 1078.9658141078828 3453.5143590456614 15808.5 0.775 1620.8199113116007 11749
260 121 1044.169303305787 3466.4362252622063 15808.5 0.775 1570.4158517832325 12954
270 122.1 940.2629926289927 3462.309980368432 15808.5 0.775 1525.4597430810502 14164
280 67.5 1691.513748148148 4934.62868788147 17433.038 0.775 1479.0167640558982 15385
290 77.7 1743.3888880308853 5182.3620898245445 18463.152 0.775 1487.9479884806972 16060
300 84.1 1520.7124565992867 4691.273132201544 18463.152 0.775 1499.7361680228066 16837
310 77.2 1628.574343264249 5157.862542031032 19503.496 0.775 1500.7340783459663 17678
320 36.9 3823.66774525745 7459.03254720839 19978.342 0.775 1506.0832753387529 18450
330 11.6 10247.57847413794 8643.027877504983 19978.342 0.775 1551.5261080822565 18819
340 7 18124.678185714285 574.0333948351843 19978.342 0.775 1604.8000491682062 18935
