0 10.72109375 10.72109375
10 9.01953125 19.740625
20 11.028125 30.76875
30 27.6484375 58.4171875
40 48.2953125 106.7125
50 41.85234375 148.56484375
60 75.5390625 224.10390625
70 106.55234375 330.65625
80 91.546875 422.203125
90 78.9875 501.190625
100 104.2921875 605.4828125
110 124.5640625 730.046875
120 140.53984375 870.58671875
130 133.046875 1003.63359375
140 163.88125 1167.51484375
150 155.915625 1323.43046875
160 199.61171875 1523.0421875
170 210.6671875 1733.709375
180 255.0609375 1988.7703125
190 264.8078125 2253.578125
200 303.01015625 2556.58828125
210 325.38671875 2881.975
220 383.65546875 3265.63046875
230 365.44609375 3631.0765625
240 369.2453125 4000.321875
250 333.85546875 4334.17734375
260 343.315625 4677.49296875
270 336.2984375 5013.79140625
280 193.6515625 5207.44296875
290 221.73984375 5429.1828125
300 227.60390625 5656.78671875
310 211.071875 5867.85859375
320 114.93671875 5982.7953125
330 42.565625 6025.3609375
340 30.6359375 6055.996875
