0 0.4 4.736000000000001 6.160065137642621 15.405 1.078 0 0
10 1 1.3132 0.06640903552981327 15.405 1.078 4.736000000000001 4
20 0.9 1.3691111111111107 0.0856121025250836 15.405 1.078 2.2911428571428574 14
30 2.1 1.363952380952381 0.1949633607069302 15.405 0.968 1.9303478260869564 23
40 2.1 1.2883809523809522 0.19091820142979601 15.405 0.932 1.6600227272727273 44
50 3.4 1.2738823529411765 0.17166755915155288 15.405 0.894 1.539953846153846 65
60 3 2.0875999999999997 4.027638519033206 23.718 0.894 1.4485757575757574 99
70 3.9 1.7885897435897435 1.5439294476698038 23.718 0.894 1.5971860465116277 129
80 4.4 1.5049090909090912 0.7234457577889374 23.718 0.894 1.6416190476190475 168
90 6.7 17.080402985074624 61.14868654208919 385.994 0.894 1.613245283018868 212
100 5.2 1.6099230769230768 1.1454632224924728 385.994 0.894 5.327580645161289 279
110 6.7 1.252985074626866 0.1807807687349443 385.994 0.894 4.743537764350452 331
120 6.9 1.3834202898550723 0.8616998772362112 385.994 0.889 4.155932160804019 398
130 8.3 1.1743614457831324 0.21077799537155076 385.994 0.884 3.7462890792291206 467
140 11.1 1.2952702702702705 0.44147645292304366 385.994 0.884 3.358161818181817 550
150 10.6 1.342537735849056 1.143542024493876 385.994 0.861 3.011745839636913 661
160 14 1.1744857142857146 0.33370135248911004 385.994 0.859 2.7810599739243798 767
170 19.4 1.1590927835051543 0.38722141518892245 385.994 0.859 2.533077177508268 907
180 16.9 1.2532781065088745 0.7954097821081518 385.994 0.81 2.29097638510445 1101
190 21.8 1.1057339449541288 0.6040304710431894 385.994 0.81 2.1528889763779517 1270
200 23 1.1268043478260865 0.3408218978705052 385.994 0.81 1.9994751344086013 1488
210 26.8 1.0929141791044774 0.25880893247779585 385.994 0.81 1.8826449359720598 1718
220 29 1.063872413793104 0.49417351510588325 385.994 0.81 1.776075025176233 1986
230 31.9 1.01176802507837 0.23369106441144658 385.994 0.718 1.6853286467486812 2276
240 32.8 1.2103993902439028 1.3330726343355281 385.994 0.718 1.6025287090558762 2595
250 7.2 1.1818333333333333 0.5162888941496051 385.994 0.718 1.5585265138556277 2923
260 8.9 1.2529775280898885 0.25427570534062816 385.994 0.718 1.549470784641068 2995
270 10.3 1.3178446601941751 1.0518555749849055 385.994 0.718 1.5409143968871593 3084
280 10.7 1.3963738317757013 1.7244937359400678 385.994 0.718 1.533705051772827 3187
290 14.3 12.732999999999986 55.52749245584179 385.994 0.718 1.5292440801457194 3294
300 11.8 1.4005338983050843 2.0825954418164447 385.994 0.718 1.9953881291824258 3437
310 9.9 1.2115353535353532 0.514519454396185 385.994 0.718 1.9756433192686351 3555
320 2 1.7691999999999997 0.7104042229604213 385.994 0.718 1.9549408866995066 3654
330 0 0 0 385.994 0.718 1.9539297768100157 3674
340 0 0 0 385.994 0.718 1.9539297768100157 3674
347 0 0 0 385.994 0.718 1.9539297768100157 3674
