0 0.1 0.05078125 0 0.05078125 0.05078125 0 0
10 0.1 0.0390625 0.0 0.05078125 0.0390625 0.05078125 1
20 0.1 0.0390625 0.0 0.05078125 0.0390625 0.044921875 2
30 0.1 0.03125 0.0 0.05078125 0.03125 0.04296875 3
40 0.1 0.01953125 0.0 0.05078125 0.01953125 0.0400390625 4
50 0.1 0.01953125 0.0 0.05078125 0.01953125 0.0359375 5
60 0.1 0.01953125 0.0 0.05078125 0.01953125 0.033203125 6
70 0.1 0.01171875 0.0 0.05078125 0.01171875 0.03125 7
80 0.1 0.01171875 0.0 0.05078125 0.01171875 0.02880859375 8
90 0.1 0.078125 0.0 0.078125 0.01171875 0.026909722222222224 9
100 0.1 0.0703125 0.0 0.078125 0.01171875 0.03203125 10
110 0.1 0.05859375 0.0 0.078125 0.01171875 0.03551136363636364 11
120 0.1 0.05078125 0.0 0.078125 0.01171875 0.037434895833333336 12
130 0.1 0.0390625 0.0 0.078125 0.01171875 0.038461538461538464 13
140 0.1 0.03125 0.0 0.078125 0.01171875 0.03850446428571429 14
150 0.1 0.03125 0.0 0.078125 0.01171875 0.03802083333333333 15
160 0.1 0.01953125 0.0 0.078125 0.01171875 0.03759765625 16
170 0.1 0.01953125 0.0 0.078125 0.01171875 0.03653492647058824 17
180 0.1 0.01953125 0.0 0.078125 0.01171875 0.035590277777777776 18
190 0.1 0.01171875 0.0 0.078125 0.01171875 0.034745065789473686 19
200 0.1 0.01171875 0.0 0.078125 0.01171875 0.03359375 20
210 0.1 0.01171875 0.0 0.078125 0.01171875 0.032552083333333336 21
220 0.1 0.01171875 0.0 0.078125 0.01171875 0.03160511363636364 22
230 0.1 0.01171875 0.0 0.078125 0.01171875 0.030740489130434787 23
240 0.1 0.0 0.0 0.078125 0.0 0.02994791666666667 24
250 0.1 0.0 0.0 0.078125 0.0 0.028750000000000005 25
260 0.1 0.0 0.0 0.078125 0.0 0.027644230769230775 26
270 0.1 0.0 0.0 0.078125 0.0 0.026620370370370374 27
280 0.1 0.0 0.0 0.078125 0.0 0.02566964285714286 28
290 0.1 0.0 0.0 0.078125 0.0 0.024784482758620694 29
300 0.1 0.0 0.0 0.078125 0.0 0.02395833333333334 30
310 0.1 0.0 0.0 0.078125 0.0 0.023185483870967746 31
320 0.1 0.0 0.0 0.078125 0.0 0.022460937500000003 32
330 0.1 0.0 0.0 0.078125 0.0 0.021780303030303035 33
340 0.1 0.0 0.0 0.078125 0.0 0.021139705882352946 34
347 0.1 0.0 0.0 0.078125 0.0 0.02053571428571429 35
