30 0.1 35837.744 0 35837.744 35837.744 0 0
40 0.3 35850.53333333333 74.71996383980662 35948.081 35766.575 35837.744 1
50 0.4 35822.3475 17.64272158001989 35948.081 35766.575 35847.336 4
60 0.5 35836.8052 37.70536223085307 35948.081 35766.575 35834.84175000001 8
70 0.5 35799.533800000005 67.64763856454988 35948.081 35745.682 35835.596923076926 13
80 1.6 44344.8976875 17587.689934088314 80989.416 35745.682 35825.57938888889 18
90 2 44970.64485 18050.355306353853 81128.845 35745.682 39834.670352941175 34
100 1.8 48433.65505555555 20182.08056497766 81128.845 35745.682 41736.88312962963 54
110 2.9 57944.59344827585 22583.90580211366 81910.023 35745.682 43411.076111111106 72
120 3.7 49921.17359459462 20483.72100772384 82206.669 35745.682 47584.06623762376 101
130 4.5 56371.90417777779 22166.97744995756 83426.827 35745.682 48210.681978260865 138
140 3.2 64532.68178124999 21938.383947281945 83426.827 35745.682 50217.539896174865 183
150 3.4 52944.24385294118 21589.32534076927 83692.71 35745.682 52348.165665116285 215
160 4.5 59096.57997777779 22383.616010426926 84105.368 35745.682 52429.557867469885 249
170 3.8 61225.02178947368 22999.855891904157 86596.282 35745.682 53450.02043537416 294
180 4.2 65182.83554761905 22240.301618880865 90643.932 35745.682 54339.93022891567 332
190 6.2 61662.90708064514 21157.111798907747 93131.266 35237.01 55557.58269786097 374
200 11 55932.57561818182 21353.744965849375 100191.529 35020.254 56425.77102752294 436
210 10.2 61803.55791176469 22494.796099259405 100191.529 35020.254 56326.40931501832 546
220 12.4 57897.790354838726 21198.42663156169 100191.529 35008.02 57188.55307561728 648
230 12.1 55160.68593388429 21756.542452947848 100761.577 35007.838 57302.472016839376 772
240 13.6 56042.84466911765 21457.953804056444 100761.577 35007.838 57012.26360022396 893
250 15.5 58187.873141935495 22862.020453476845 100761.577 35007.838 56884.138260447035 1029
260 20.1 57784.09062189053 23983.75896853104 106353.041 35007.757 57054.813012668914 1184
270 22.8 61443.312122806965 23265.372464423206 108391.472 35007.757 57160.65041299639 1385
280 12.3 71169.58773983741 21358.29322962253 111021.926 35007.757 57766.01115065095 1613
290 10.6 82137.7682735849 15446.463866203654 114302.699 35007.757 58715.68852419354 1736
300 14.1 85109.37416312056 16411.533651307465 117547.023 35007.757 60063.53893322474 1842
310 11 92836.55460909092 12273.33785082167 120082.553 35007.757 61844.40770146242 1983
320 9.8 96271.1618571429 11801.021973773004 120082.553 35007.757 63473.235298136635 2093
330 4.1 109240.85460975612 5272.1546008935975 120558.425 35007.757 64940.235208124126 2191
340 7.1 110025.11914084511 4948.46753429942 121235.227 35007.757 65754.00106630822 2232
347 5 110238.50825999999 2658.1903257681834 121235.227 35007.757 67118.85099392095 2303
