0 5.11328125 5.11328125
10 7.54375 12.65703125
20 10.43359375 23.090625
30 29.0453125 52.1359375
40 43.89375 96.0296875
50 46.16171875 142.19140625
60 57.00859375 199.2
70 63.471875 262.671875
80 115.24765625 377.91953125
90 149.58203125 527.5015625
100 139.5046875 667.00625
110 205.1859375 872.1921875
120 265.29765625 1137.48984375
130 237.934375 1375.42421875
140 241.3875 1616.81171875
150 271.78671875 1888.5984375
160 321.45 2210.0484375
170 395.62109375 2605.66953125
180 394.0359375 2999.70546875
190 490.428125 3490.13359375
200 566.9203125 4057.05390625
210 617.4046875 4674.45859375
220 619.1921875 5293.65078125
230 526.325 5819.97578125
240 617.709375 6437.68515625
250 652.81484375 7090.5
260 699.47578125 7789.97578125
270 517.07578125 8307.0515625
280 349.553125 8656.6046875
290 379.89921875 9036.50390625
300 276.62578125 9313.1296875
310 309.6921875 9622.821875
320 222.34921875 9845.17109375
330 140.1875 9985.35859375
340 113.56015625 10098.91875
347 33.83984375 10132.75859375
