0 5.21015625 5.21015625
10 7.428125 12.63828125
20 10.5234375 23.16171875
30 29.503125 52.66484375
40 45.509375 98.17421875
50 46.31796875 144.4921875
60 58.5625 203.0546875
70 66.47265625 269.52734375
80 119.5265625 389.05390625
90 156.384375 545.43828125
100 146.01953125 691.4578125
110 217.8 909.2578125
120 260.4328125 1169.690625
130 264.09765625 1433.78828125
140 252.67109375 1686.459375
150 261.92734375 1948.38671875
160 337.3359375 2285.72265625
170 365.33203125 2651.0546875
180 398.64609375 3049.70078125
190 384.434375 3434.13515625
200 419.6515625 3853.78671875
210 480.37109375 4334.1578125
220 499.71875 4833.8765625
230 501.2265625 5335.103125
240 476.97421875 5812.07734375
250 438.88671875 6250.9640625
260 448.921875 6699.8859375
270 465.97890625 7165.86484375
280 316.99296875 7482.8578125
290 282.23984375 7765.09765625
300 293.6390625 8058.73671875
310 273.67109375 8332.4078125
320 188.57265625 8520.98046875
330 112.9234375 8633.90390625
340 131.22421875 8765.128125
347 84.2015625 8849.3296875
