0 0.1 1.2470593507046357 0 1.2470593507046357 1.2470593507046357 0 0
10 0.1 1.2987012987012987 0.0 1.2987012987012987 1.2470593507046357 1.2470593507046357 1
20 0.1 0.3 0.0 1.2987012987012987 0.3 1.2728803247029672 2
30 0.1 0.2004008016032064 0.0 1.2987012987012987 0.2004008016032064 0.9485868831353114 3
40 0.1 0.4995004995004995 0.0 1.2987012987012987 0.2004008016032064 0.7615403627522852 4
50 0.1 0.4995004995004995 0.0 1.2987012987012987 0.2004008016032064 0.7091323901019281 5
60 0.1 0.4008016032064128 0.0 1.2987012987012987 0.2004008016032064 0.6741937416683567 6
70 0.1 0.3003003003003003 0.0 1.2987012987012987 0.2004008016032064 0.635137721888079 7
80 0.1 1.7999999999999998 0.0 1.7999999999999998 0.2004008016032064 0.5932830441896066 8
90 0.1 1.9019019019019021 0.0 1.9019019019019021 0.2004008016032064 0.727362705946317 9
100 0.1 0.30060120240480964 0.0 1.9019019019019021 0.2004008016032064 0.8448166255418755 10
110 0.1 3.5999999999999996 0.0 3.5999999999999996 0.2004008016032064 0.7953424961657786 11
120 0.1 0.2 0.0 3.5999999999999996 0.2 1.0290639548186304 12
130 0.1 1.9019019019019021 0.0 3.5999999999999996 0.2 0.9652898044479665 13
140 0.1 0.20020020020020018 0.0 3.5999999999999996 0.2 1.032190668551819 14
