0 0.6 27.13466666666667 6.850614587190134 38.64 20.537 0 0
10 0.9 25.26422222222222 4.096597498135299 38.64 19.985 27.13466666666667 6
20 0.9 27.240111111111105 4.357884793858506 38.64 19.985 26.012400000000003 15
30 2 24.20825 4.889441224465226 38.64 16.47 26.472791666666666 24
40 1.5 25.396933333333337 13.031059335125272 69.689 16.319 25.443454545454543 44
50 2.1 23.024333333333338 5.266693770273839 69.689 15.479 25.431627118644066 59
60 2.6 25.11015384615384 17.912498156513532 110.638 15.479 24.7997125 80
70 1.8 23.876666666666672 5.904813930646381 110.638 15.479 24.87585849056603 106
80 2.1 22.734523809523814 6.123867060382893 110.638 15.479 24.73081451612903 124
90 1.9 22.670263157894734 10.535168216587742 110.638 15.479 24.441696551724135 145
100 1.1 21.57645454545455 6.94164344391725 110.638 15.264 24.236469512195118 164
110 0.6 16.756833333333333 0.6194140824646752 110.638 15.264 24.06926857142857 175
120 1.4 25.536142857142863 8.692605263400965 110.638 15.264 23.826867403314914 181
130 0.3 16.872 0.1686198881112967 110.638 15.264 23.949584615384616 195
140 0 0 0 110.638 15.264 23.842348484848483 198
