0 1.5 10.6984 2.8358203939365882 19.99 7.322 0 0
10 2.2 10.302954545454545 1.50966219813551 19.99 7.267 10.6984 15
20 2.3 10.627086956521739 3.073730744240741 19.99 6.933 10.46327027027027 37
30 4.8 10.049666666666669 1.7709599366508044 19.99 6.906 10.526066666666667 60
40 3.5 10.853399999999997 6.812694722564423 49.252 6.906 10.314333333333334 108
50 4.9 9.838061224489794 1.706696348160091 49.252 6.619 10.446272727272728 143
60 5.8 11.227258620689655 11.891105175516039 99.823 6.619 10.291052083333332 192
70 4.3 9.962720930232555 2.025855344196233 99.823 6.619 10.508251999999999 250
80 4.7 10.121808510638298 2.5399301099305522 99.823 6.619 10.428191126279861 293
90 4.2 10.223809523809521 4.2652861972757705 99.823 6.619 10.385838235294115 340
100 2.4 9.859416666666666 2.5282327806306832 99.823 6.619 10.368023560209421 382
110 1.2 8.34925 1.234008854979034 99.823 6.6 10.337958128078814 406
120 3.4 10.484235294117648 4.295840594717745 99.823 6.6 10.28086602870813 418
130 0.6 8.404833333333334 1.064784863507909 99.823 6.6 10.296163716814155 452
140 0 0 0 99.823 6.6 10.271386462882091 458
