0 0.3 36.50333333333333 7.207726610304311 45.651 28.035 0 0
10 0.4 31.609499999999997 0.24330484993111012 45.651 28.035 36.50333333333333 3
20 0.6 32.046 2.5670816764048108 45.651 28.035 33.70685714285714 7
30 1 9033.998 13752.009928902366 30041.506 28.035 32.94030769230769 13
40 1 15040.6591 15000.473269934868 30042.796 28.035 3946.443652173913 23
50 1.2 12535.733333333335 14794.976987214797 30046.394 28.035 7308.327121212122 33
60 1.4 17180.54435714286 14851.057690249818 30048.873 28.035 8702.302111111112 45
70 1.2 12536.881999999998 14793.8765285267 30048.873 28.035 10714.088406779661 59
80 1.6 20664.196625 13909.494086775463 30051.896 28.035 11022.1661971831 71
90 1.4 21475.940642857142 13556.276049107859 30129.597 28.035 12795.413172413793 87
100 0.8 22538.8555 12993.112891129189 30129.597 28.035 13998.654603960396 101
110 0.6 30042.371 3.063483909973365 30129.597 28.035 14625.458339449542 109
120 1 12038.295600000003 14700.722681310544 30129.597 28.035 15429.819000000001 115
130 0.3 30046.827333333335 8.570120198819211 30129.597 28.035 15158.497128 125
140 0 0 0 30129.597 28.035 15507.442367187501 128
