0 1.1 3.774818181818182 2.94776882707095 11.205 1.414 0 0
10 1.5 1.5438 0.1226752895519985 11.205 1.404 3.774818181818182 11
20 0.7 1.433714285714286 0.14561270969420828 11.205 1.187 2.487692307692308 26
30 1.2 1.9115833333333327 1.4756980528060457 11.205 1.166 2.2641212121212124 33
40 0.7 1.651857142857143 0.7305734398542066 11.205 1.094 2.1701111111111113 45
50 0.6 1.7113333333333334 0.5902586062246126 11.205 1.094 2.100346153846154 52
60 1.8 3.5132777777777773 8.122295931608086 36.997 1.094 2.0601034482758624 58
70 2.9 1.4385862068965518 0.44661203693349794 36.997 0.935 2.404276315789474 76
80 2.9 1.5095862068965518 0.3996109761049406 36.997 0.935 2.1375619047619048 105
90 3.3 1.5404545454545457 0.44409138364169304 36.997 0.935 2.0016567164179104 134
100 3.2 1.4340624999999998 0.24601752192425233 36.997 0.921 1.9105209580838325 167
110 3.8 1.3576578947368418 0.1545002599752181 36.997 0.898 1.8339045226130652 199
120 3.5 1.9468571428571437 1.806437680596137 36.997 0.898 1.7575443037974685 237
130 3.9 1.3455384615384618 0.16042329362064198 36.997 0.898 1.781904411764706 272
140 5.1 1.2551960784313725 0.19297170569880856 36.997 0.864 1.7271832797427655 311
150 5 1.25166 0.18632451368512945 36.997 0.861 1.6606878453038676 362
160 3 1.3276666666666666 0.5948206639166314 36.997 0.854 1.6110485436893205 412
170 1.2 1.3675833333333332 0.11944556524021968 36.997 0.854 1.5918144796380094 442
180 1.9 1.7808947368421055 1.588904750042979 36.997 0.854 1.585887665198238 454
190 2.1 1.3604761904761904 0.17928339339546281 36.997 0.854 1.5937209302325581 473
200 1.1 1.459909090909091 0.08305469670420874 36.997 0.854 1.5838056680161945 494
210 1.5 1.6709333333333336 1.1893881041200227 36.997 0.854 1.5811069306930694 505
220 1.9 1.4463684210526317 0.1904587841934687 36.997 0.854 1.583698076923077 520
230 1.2 1.7056666666666667 0.2828769854351692 36.997 0.854 1.578857142857143 539
240 2.4 1.9143333333333337 2.1190668281633362 36.997 0.854 1.5816188747731397 551
250 2.2 1.380409090909091 0.21685010723599946 36.997 0.854 1.5955060869565216 575
253 1.1 1.453818181818182 0.0830123957685819 36.997 0.854 1.5875795644891122 597
