0 1.1 47.874909090909085 37.434621152215726 145.656 13.236 0 0
10 1.5 34.45659999999999 21.273642129170078 145.656 13.236 47.874909090909085 11
20 0.7 43.296 21.93551751970176 145.656 13.236 40.133576923076916 26
30 1.8 39.23022222222223 22.79087801574119 145.656 13.236 40.804393939393925 33
40 1.7 41.58194117647059 16.66574763318497 145.656 10.725 40.24880392156862 51
50 0.8 32.65525 16.172221413198002 145.656 10.725 40.582088235294115 68
60 2.7 44.30418518518518 26.065136928737864 145.656 10.725 39.747684210526316 76
70 3.3 34.07054545454544 18.025432442323883 145.656 10.725 40.942106796116505 103
80 3.2 40.044343749999996 18.200654228642055 145.656 9.246 39.27474264705882 136
90 4.4 42.102909090909066 16.181221443414785 145.656 9.246 39.42133333333333 168
100 4.8 40.3404375 18.21984636656121 145.656 9.246 39.97788679245282 212
110 5 37.06037999999999 17.90092531562545 145.656 9.246 40.04481923076923 260
120 4.7 43.00774468085106 18.06222682068981 145.656 9.246 39.56345806451613 310
130 5.5 35.84490909090909 17.785089172749306 145.656 9.246 40.01690756302521 357
140 6.8 40.516897058823545 18.2646265594742 145.656 8.866 39.45996601941747 412
150 6.1 37.87375409836065 20.538341777571024 145.656 8.648 39.60969791666666 480
160 5.4 41.771222222222235 17.773737964955874 145.656 8.648 39.413963031423286 541
170 3.5 40.21234285714285 8.274983708030083 145.656 8.648 39.62789915966386 595
180 4.5 42.16164444444445 10.409566828762337 145.656 8.648 39.66036825396825 630
190 3.3 35.64512121212122 9.116109426516157 145.656 8.648 39.82712 675
200 1.1 32.17336363636363 4.425839525347956 145.656 8.648 39.632196327683616 708
210 1.5 31.694199999999988 6.660999016163665 145.656 8.648 39.51808344923505 719
220 1.9 30.51610526315789 4.216960690189544 145.656 8.648 39.35819482288829 734
230 1.2 30.90133333333334 2.6371753302012797 145.656 8.648 39.135087649402394 753
240 2.4 33.36066666666667 8.155063379411725 145.656 8.648 39.00593071895425 765
250 2.2 30.62481818181818 3.389114910420279 145.656 8.648 38.83421166032953 789
253 1.1 31.64900000000001 4.447487217008561 145.656 8.648 38.61151541307028 811
