10 0.1 70 0 70 70 0 0
20 0.1 108.0 0.0 108 70 70.0 1
30 0.1 44.0 0.0 108 44 89.0 2
40 0.1 136.0 0.0 136 44 74.0 3
50 0.1 101.0 0.0 136 44 89.5 4
60 0.1 58.0 0.0 136 44 91.8 5
70 0.1 212.0 0.0 212 44 86.16666666666667 6
80 0.1 236.0 0.0 236 44 104.14285714285714 7
90 0.1 309.0 0.0 309 44 120.625 8
100 0.1 318.0 0.0 318 44 141.55555555555554 9
110 0.1 370.0 0.0 370 44 159.2 10
120 0.1 371.0 0.0 371 44 178.36363636363637 11
130 0.1 361.0 0.0 371 44 194.41666666666666 12
140 0.1 439.0 0.0 439 44 207.23076923076923 13
150 0.1 508.0 0.0 508 44 223.78571428571428 14
160 0.1 496.0 0.0 508 44 242.73333333333332 15
170 0.1 456.0 0.0 508 44 258.5625 16
180 0.1 318.0 0.0 508 44 270.1764705882353 17
190 0.1 535.0 0.0 535 44 272.8333333333333 18
200 0.1 376.0 0.0 535 44 286.63157894736844 19
210 0.1 168.0 0.0 535 44 291.1 20
220 0.1 198.0 0.0 535 44 285.23809523809524 21
230 0.1 251.0 0.0 535 44 281.27272727272725 22
240 0.1 160.0 0.0 535 44 279.95652173913044 23
250 0.1 371.0 0.0 535 44 274.9583333333333 24
253 0.1 266.0 0.0 535 44 278.8 25
