10 0.1 79 0 79 79 0 0
20 0.1 117.0 0.0 117 79 79.0 1
30 0.1 47.0 0.0 117 47 98.0 2
40 0.1 144.0 0.0 144 47 81.0 3
50 0.1 109.0 0.0 144 47 96.75 4
60 0.1 65.0 0.0 144 47 99.2 5
70 0.1 225.0 0.0 225 47 93.5 6
80 0.1 250.0 0.0 250 47 112.28571428571429 7
90 0.1 320.0 0.0 320 47 129.5 8
100 0.1 336.0 0.0 336 47 150.66666666666666 9
110 0.1 398.0 0.0 398 47 169.2 10
120 0.1 404.0 0.0 404 47 190.0 11
130 0.1 380.0 0.0 404 47 207.83333333333334 12
140 0.1 470.0 0.0 470 47 221.07692307692307 13
150 0.1 536.0 0.0 536 47 238.85714285714286 14
160 0.1 512.0 0.0 536 47 258.6666666666667 15
170 0.1 477.0 0.0 536 47 274.5 16
180 0.1 345.0 0.0 536 47 286.4117647058824 17
190 0.1 586.0 0.0 586 47 289.6666666666667 18
200 0.1 385.0 0.0 586 47 305.2631578947368 19
210 0.1 159.0 0.0 586 47 309.25 20
220 0.1 184.0 0.0 586 47 302.0952380952381 21
230 0.1 243.0 0.0 586 47 296.72727272727275 22
240 0.1 166.0 0.0 586 47 294.39130434782606 23
250 0.1 443.0 0.0 586 47 289.04166666666663 24
253 0.1 285.0 0.0 586 47 295.2 25
