0 7.6625 7.6625
10 11.2234375 18.8859375
20 7.09375 25.9796875
30 17.98828125 43.96796875
40 20.6296875 64.59765625
50 8.67734375 73.275
60 27.3453125 100.6203125
70 28.4265625 129.046875
80 36.29609375 165.34296875
90 53.734375 219.07734375
100 55.72265625 274.8
110 54.39375 329.19375
120 58.80390625 387.99765625
130 55.14375 443.14140625
140 76.59765625 519.7390625
150 62.59375 582.3328125
160 67.83671875 650.16953125
170 55.50703125 705.6765625
180 71.84296875 777.51953125
190 52.72890625 830.2484375
200 17.89453125 848.14296875
210 24.35546875 872.4984375
220 30.92890625 903.42734375
230 19.4390625 922.86640625
240 39.0203125 961.88671875
250 35.6765625 997.56328125
253 17.84296875 1015.40625
