0 8.1 81
10 10.4 185
20 11.7 302
30 13.4 436
40 14.4 580
50 14.4 724
60 19.8 922
70 19.9 1121
80 19.9 1320
90 20.1 1521
100 17.4 1695
110 20.7 1902
120 21 2112
130 21.8 2330
140 23.1 2561
150 21 2771
160 19.6 2967
170 21.3 3180
180 24.3 3423
190 23.1 3654
200 22.9 3883
210 26.3 4146
220 23.1 4377
230 24.6 4623
240 20.9 4832
250 21.5 5047
260 23.1 5278
270 22.5 5503
280 21.8 5721
290 23.1 5952
300 20.9 6161
310 23.6 6397
320 24.5 6642
330 15.9 6801
340 12.7 6928
350 11 7038
360 17.4 7212
370 27.1 7483
380 35.6 7839
390 29.5 8134
400 30.8 8442
410 11.1 8553
412 0.5 8558
