0 0.1 1.9295074925641669 0 1.9295074925641669 1.9295074925641669 0 0
10 0.1 1.3013013013013013 0.0 1.9295074925641669 1.3013013013013013 1.9295074925641669 1
20 0.1 1.0050251256281406 0.0 1.9295074925641669 1.0050251256281406 1.615404396932734 2
30 0.1 0.9036144578313252 0.0 1.9295074925641669 0.9036144578313252 1.411944639831203 3
40 0.1 1.8163471241170535 0.0 1.9295074925641669 0.9036144578313252 1.2848620943312334 4
50 0.1 2.1105527638190953 0.0 2.1105527638190953 0.9036144578313252 1.3911591002883974 5
60 0.1 1.6161616161616161 0.0 2.1105527638190953 0.9036144578313252 1.5110580442101804 6
70 0.1 2.318548387096774 0.0 2.318548387096774 0.9036144578313252 1.5260728402032426 7
80 0.1 2.5201612903225805 0.0 2.5201612903225805 0.9036144578313252 1.625132283564934 8
90 0.1 2.9145728643216082 0.0 2.9145728643216082 0.9036144578313252 1.7245799509824502 9
100 0.1 4.016064257028113 0.0 4.016064257028113 0.9036144578313252 1.8435792423163662 10
110 0.1 4.618473895582329 0.0 4.618473895582329 0.9036144578313252 2.041077880017434 11
120 0.1 4.124748490945674 0.0 4.618473895582329 0.9036144578313252 2.2558608813145087 12
130 0.1 7.385229540918163 0.0 7.385229540918163 0.9036144578313252 2.399621466670752 13
140 0.1 4.646464646464646 0.0 7.385229540918163 0.9036144578313252 2.7557363291169956 14
150 0.1 3.951367781155015 0.0 7.385229540918163 0.9036144578313252 2.881784883606839 15
160 0.1 5.511022044088176 0.0 7.385229540918163 0.9036144578313252 2.9486338147035998 16
170 0.1 5.454545454545454 0.0 7.385229540918163 0.9036144578313252 3.0993625340791633 17
180 0.1 5.182926829268292 0.0 7.385229540918163 0.9036144578313252 3.2302060296606236 18
190 0.1 8.756218905472638 0.0 8.756218905472638 0.9036144578313252 3.332980808587343 19
200 0.1 7.164179104477612 0.0 8.756218905472638 0.9036144578313252 3.604142713431608 20
210 0.1 7.199999999999999 0.0 8.756218905472638 0.9036144578313252 3.77366825586237 21
220 0.1 7.653575025176234 0.0 8.756218905472638 0.9036144578313252 3.929410607868626 22
230 0.1 7.669021190716448 0.0 8.756218905472638 0.9036144578313252 4.091330799925479 23
240 0.1 7.777777777777778 0.0 8.756218905472638 0.9036144578313252 4.240401232875103 24
250 0.1 9.59040959040959 0.0 9.59040959040959 0.9036144578313252 4.3818962946712094 25
260 0.1 9.760956175298805 0.0 9.760956175298805 0.9036144578313252 4.582223729122686 26
270 0.1 10.059760956175298 0.0 10.059760956175298 0.9036144578313252 4.774028634536616 27
280 0.1 10.615079365079366 0.0 10.615079365079366 0.9036144578313252 4.962804788880854 28
290 0.1 9.770687936191425 0.0 10.615079365079366 0.9036144578313252 5.157710808749768 29
300 0.1 8.56269113149847 0.0 10.615079365079366 0.9036144578313252 5.311476712997824 30
310 0.1 8.597748208802457 0.0 10.615079365079366 0.9036144578313252 5.4163545974655865 31
320 0.1 9.7165991902834 0.0 10.615079365079366 0.9036144578313252 5.515773147819864 32
330 0.1 8.539094650205762 0.0 10.615079365079366 0.9036144578313252 5.643070906682396 33
340 0.1 5.516549648946841 0.0 10.615079365079366 0.9036144578313252 5.728248075609553 34
350 0.1 4.814443329989969 0.0 10.615079365079366 0.9036144578313252 5.722199549133475 35
360 0.1 4.819277108433735 0.0 10.615079365079366 0.9036144578313252 5.696984098601711 36
370 0.1 3.406813627254509 0.0 10.615079365079366 0.9036144578313252 5.673262288056631 37
380 0.1 2.8084252758274824 0.0 10.615079365079366 0.9036144578313252 5.613618902246049 38
390 0.1 3.1124497991967868 0.0 10.615079365079366 0.9036144578313252 5.541690860543009 39
400 0.1 3.4170854271356785 0.0 10.615079365079366 0.9036144578313252 5.4809598340093535 40
410 0.1 1.507537688442211 0.0 10.615079365079366 0.9036144578313252 5.430621433841703 41
412 0.1 0.2008032128514056 0.0 10.615079365079366 0.2008032128514056 5.337214677998858 42
