0 0 0
10 0 0
20 0 0
30 1.9 19
40 5.5 74
50 4.7 121
60 6.1 182
70 7.6 258
80 8.4 342
90 10.9 451
100 16.8 619
110 16.9 788
120 17 958
130 19 1148
140 21.1 1359
150 19.8 1557
160 24 1797
170 26.4 2061
180 29.9 2360
190 27 2630
200 27.7 2907
210 34.6 3253
220 34.7 3600
230 32.4 3924
240 36 4284
250 40.4 4688
260 43.2 5120
270 42.5 5545
280 43 5975
290 46.1 6436
300 47.6 6912
310 52.3 7435
320 50.3 7938
330 48.1 8419
340 52.8 8947
350 52.7 9474
360 48.1 9955
370 31.7 10272
380 35.4 10626
390 29.6 10922
400 31 11232
410 10.4 11336
412 0.5 11341
