0 8.1 39.87956790123456 32.77446418088562 227.986 11.877 0 0
10 10.4 183.5802596153846 203.41548468164643 980.956 11.877 39.87956790123456 81
20 11.7 188.0193247863249 366.7843430740146 1873.968 9.823 120.66265945945945 185
30 19.8 83.70037373737377 77.82577145098617 1873.968 9.823 146.7577913907285 302
40 25.5 65.24116078431372 54.331907489618125 1873.968 8.64 121.78705400000003 500
50 25.4 138.48508267716537 156.00972839143319 1873.968 8.64 102.68877218543048 755
60 30.7 531.7783843648208 454.38858258405304 1925.344 8.64 111.69993458870171 1009
70 35.7 1204.8690112044821 693.7223534552979 3225.251 8.64 209.69695896656532 1316
80 35.2 2634.839772727273 1391.53989792558 6358.834 8.64 422.05584877465634 1673
90 48.7 2724.246180698149 2330.8862869150717 9146.733 0.619 806.6977950617285 2025
100 62.6 2596.5573354632593 2837.2566512715143 10304.599 0.574 1178.4518013535028 2512
110 59.5 2825.946136134454 2943.867737733225 10308.783 0.574 1461.3498460803055 3138
120 58.8 2591.95775510204 2706.703099339183 10308.783 0.574 1678.8517996249664 3733
130 72.9 2287.03482441701 2564.0857065539562 10308.783 0.563 1803.1069030317055 4321
140 73.6 2114.5673342391274 2443.3163198115253 10308.783 0.563 1872.965012871287 5050
150 69.6 2391.5398821839094 2569.380588145394 10308.783 0.563 1903.697696681645 5786
160 85.2 1894.4228122065726 2467.4975846499447 10308.783 0.563 1956.0793938599197 6482
170 92.1 1738.2701053203043 2255.3422543590204 10308.783 0.563 1948.9166712571582 7334
180 94.9 1690.9839747102228 2287.617162390734 10308.783 0.554 1925.4150980012114 8255
190 92.9 1786.856331539289 2449.3826360683597 10308.783 0.554 1901.2435273794006 9204
200 97.5 1650.4587210256407 2093.401676186293 10308.783 0.554 1890.7564352116847 10133
210 113.5 1441.2001074889897 2049.697116900932 10308.783 0.554 1869.6644050234065 11108
220 109.8 1347.0402850637508 2085.830545247399 10308.783 0.541 1829.9431783876505 12243
230 113.6 1426.5177500000004 2165.0625326354884 10308.783 0.541 1790.1989780376286 13341
240 122 1383.6315901639355 2171.2750231828586 10308.783 0.541 1761.6611680596811 14477
250 131.2 1192.1602416158569 1991.9076823911983 10308.783 0.541 1732.280007007709 15697
260 138.5 1187.627628880867 1957.7205449213059 10308.783 0.541 1690.6175264271862 17009
270 135.2 1167.4393491124256 2000.1900020262437 10308.783 0.541 1652.7442520930742 18394
280 138.5 1193.4566606498151 1966.213402247169 10308.783 0.541 1619.5156372429865 19746
290 148.5 1110.3712451178478 1881.8914027355813 10308.783 0.541 1591.590234631584 21131
300 158.9 985.2111510383897 1787.6301493051749 10308.783 0.541 1559.9926842500886 22616
310 160 1040.8478481250017 1923.7530150315326 10308.783 0.541 1522.259659822351 24205
320 163.6 954.0800372860656 1738.0463195855582 10308.783 0.541 1492.4104484789773 25805
330 117.1 1457.791829205806 2154.0961643131036 10308.783 0.541 1460.315825370796 27441
340 107 1570.5316962616812 1665.014910509749 10308.783 0.541 1460.2125260729767 28612
350 106.9 1475.6257072029953 1528.0439923763447 10308.783 0.541 1464.1893979853114 29682
360 80.7 2026.110130111526 1332.855000562095 10308.783 0.541 1464.5869595135123 30751
370 67.1 1641.2222622950824 925.3995088721437 10308.783 0.541 1478.9462091070416 31558
380 65.1 87.98706912442388 96.75407977658121 10308.783 0.541 1482.3247573613833 32229
390 60.3 117.42755721393027 111.90913864030598 10308.783 0.541 1454.7178888990275 32880
400 41.9 20.628704057279244 17.573112322930367 10308.783 0.541 1430.6344414777654 33483
410 11.6 11.19608620689654 4.530586710443166 10308.783 0.541 1413.2079650463106 33902
412 0.5 9.882200000000001 0.2323337254898651 10308.783 0.541 1408.427161414546 34018
