0 66.396875 66.396875
10 80.43046875 146.82734375
20 104.6359375 251.46328125
30 165.74296875 417.20625
40 222.08046875 639.28671875
50 211.18046875 850.4671875
60 267.55703125 1118.02421875
70 306.36171875 1424.3859375
80 329.33984375 1753.72578125
90 383.07890625 2136.8046875
100 444.80234375 2581.60703125
110 413.32890625 2994.9359375
120 418.4796875 3413.415625
130 436.06640625 3849.48203125
140 441.65078125 4291.1328125
150 422.665625 4713.7984375
160 481.39140625 5195.18984375
170 482.18671875 5677.3765625
180 504.13671875 6181.51328125
190 478.13203125 6659.6453125
200 461.08125 7120.7265625
210 509.5046875 7630.23125
220 486.7046875 8116.9359375
230 507.090625 8624.0265625
240 509.07421875 9133.10078125
250 547.01796875 9680.11875
260 570.13515625 10250.25390625
270 526.35859375 10776.6125
280 534.68828125 11311.30078125
290 555.16640625 11866.4671875
300 594.50390625 12460.97109375
310 593.271875 13054.24296875
320 607.90859375 13662.1515625
330 425.09765625 14087.24921875
340 333.70390625 14420.953125
350 333.91796875 14754.87109375
360 275.3484375 15030.21953125
370 153.1625 15183.38203125
380 191.45859375 15374.840625
390 182.15078125 15556.99140625
400 141.29296875 15698.284375
410 54.53125 15752.815625
412 4.04375 15756.859375
