0 8.8 88
10 10 188
20 11.4 302
30 13.6 438
40 15.3 591
50 14.1 732
60 21.3 945
70 20.9 1154
80 19.6 1350
90 23.4 1584
100 26.1 1845
110 25.7 2102
120 24.9 2351
130 31.8 2669
140 32 2989
150 29.5 3284
160 33.6 3620
170 35.2 3972
180 37.8 4350
190 36.3 4713
200 37.7 5090
210 44.4 5534
220 47.9 6013
230 46.9 6482
240 44.5 6927
250 48.6 7413
260 50.9 7922
270 52 8442
280 51 8952
290 53.6 9488
300 58.9 10077
310 59.1 10668
320 60.1 11269
330 7.2 11341
340 0 11341
350 0 11341
360 0 11341
370 0 11341
380 0 11341
390 0 11341
400 0 11341
410 0 11341
412 0 11341
