0 88 88
10 188 188
20 302 302
30 419 419
40 517 518
50 611 611
60 763 763
70 896 896
80 1008 1009
90 1133 1133
100 1226 1226
110 1314 1320
120 1393 1401
130 1521 1522
140 1630 1633
150 1727 1727
160 1823 1829
170 1911 1919
180 1990 1995
190 2083 2085
200 2183 2183
210 2281 2286
220 2413 2414
230 2558 2563
240 2643 2643
250 2725 2725
260 2802 2803
270 2897 2907
280 2977 2994
290 3052 3057
300 3165 3165
310 3233 3235
320 3331 3331
330 2922 3343
340 2394 3343
350 1867 3343
360 1386 3343
370 1069 3343
380 715 3343
390 419 3343
400 109 3343
410 5 3343
412 0 3343
