0 0.1 3521.56640625 0 3521.56640625 3521.56640625 0 0
10 0.1 3522.78125 0.0 3522.78125 3521.56640625 3521.56640625 1
20 0.1 3522.42578125 0.0 3522.78125 3521.56640625 3522.173828125 2
30 0.1 3521.70703125 0.0 3522.78125 3521.56640625 3522.2578125 3
40 0.1 3519.77734375 0.0 3522.78125 3519.77734375 3522.1201171875 4
50 0.1 3518.94921875 0.0 3522.78125 3518.94921875 3521.6515625 5
60 0.1 3516.05078125 0.0 3522.78125 3516.05078125 3521.201171875 6
70 0.1 3514.47265625 0.0 3522.78125 3514.47265625 3520.465401785714 7
80 0.1 3513.39453125 0.0 3522.78125 3513.39453125 3519.71630859375 8
90 0.1 3509.984375 0.0 3522.78125 3509.984375 3519.0138888888887 9
100 0.1 3509.63671875 0.0 3522.78125 3509.63671875 3518.1109375 10
110 0.1 3506.90625 0.0 3522.78125 3506.90625 3517.3405539772725 11
120 0.1 3503.69921875 0.0 3522.78125 3503.69921875 3516.4710286458335 12
130 0.1 3504.06640625 0.0 3522.78125 3503.69921875 3515.488581730769 13
140 0.1 3501.80859375 0.0 3522.78125 3501.80859375 3514.6727120535716 14
150 0.1 3495.89453125 0.0 3522.78125 3495.89453125 3513.8151041666665 15
160 0.1 3494.43359375 0.0 3522.78125 3494.43359375 3512.695068359375 16
170 0.1 3486.5 0.0 3522.78125 3486.5 3511.6208639705883 17
180 0.1 3476.54296875 0.0 3522.78125 3476.54296875 3510.2252604166665 18
190 0.1 3460.65625 0.0 3522.78125 3460.65625 3508.452508223684 19
200 0.1 3445.08984375 0.0 3522.78125 3445.08984375 3506.0626953125 20
210 0.1 3439.21484375 0.0 3522.78125 3439.21484375 3503.159226190476 21
220 0.1 3437.703125 0.0 3522.78125 3437.703125 3500.2526633522725 22
230 0.1 3436.60546875 0.0 3522.78125 3436.60546875 3497.5331182065215 23
240 0.1 3435.46484375 0.0 3522.78125 3435.46484375 3494.9944661458335 24
250 0.1 3435.21875 0.0 3522.78125 3435.21875 3492.61328125 25
260 0.1 3435.20703125 0.0 3522.78125 3435.20703125 3490.405799278846 26
270 0.1 3435.0703125 0.0 3522.78125 3435.0703125 3488.361400462963 27
280 0.1 3434.9453125 0.0 3522.78125 3434.9453125 3486.4581473214284 28
290 0.1 3441.4375 0.0 3522.78125 3434.9453125 3484.681842672414 29
300 0.1 3441.484375 0.0 3522.78125 3434.9453125 3483.2403645833333 30
310 0.1 3450.421875 0.0 3522.78125 3434.9453125 3481.8933971774195 31
320 0.1 3451.57421875 0.0 3522.78125 3434.9453125 3480.909912109375 32
323 0.1 3451.7734375 0.0 3522.78125 3434.9453125 3480.0209517045455 33
