0 1 65.5386 50.800770486676676 151.333 10.865 0 0
10 1 76.004 103.10190175355643 367.524 10.641 65.5386 10
20 2.1 45.41114285714285 36.193888818925416 367.524 10.42 70.7713 20
30 2.5 33.01468 34.92946466319804 367.524 10.13 57.78195121951218 41
40 4.3 162.31106976744192 278.18138046408154 809.918 10.13 48.400409090909086 66
50 5 131.60658 255.25867234608035 833.927 10.026 93.3376422018349 109
60 4 212.256075 309.08839916611134 833.927 10.026 105.37189937106922 159
70 6.3 198.46212698412702 326.76311573251644 1074.831 10.026 126.8561557788945 199
80 9.1 296.56674725274723 415.45345254311115 1371.994 10.026 144.07438549618323 262
90 8.4 127.65942857142848 254.97587989573063 1371.994 10.026 183.385447592068 353
100 11.1 214.80101801801803 342.19677371589466 1371.994 10.026 172.67381006864989 437
110 13.4 237.39167164179102 380.4287924952379 1371.994 10.026 181.20687591240878 548
120 13.4 282.8800447761194 453.68391848684695 1537.714 9.833 192.2461173020528 682
130 16.1 399.55645962732933 541.5312920668596 1600.041 9.833 207.1296299019608 816
140 16.4 264.5639878048782 432.69869871304576 1600.041 9.833 238.8396806550666 977
150 19.4 681.6904020618555 826.7934676672714 3022.539 9.833 242.53712708150752 1141
160 25.7 737.059373540856 793.6602266686715 3284.585 9.833 306.3541573033708 1335
170 23 1979.7972000000004 1599.55128306331 6456.163 9.833 375.88383103015076 1592
180 27.8 2553.872377697838 1899.022671703142 7535.753 9.833 578.3536855104281 1822
190 32.8 3211.8466615853654 3224.834245516698 11252.789 0.915 839.874731428571 2100
200 41.4 2178.4746594202898 3409.1719069253772 12090.306 0.913 1160.3058653212515 2428
210 49.2 3387.017310975608 4480.8104662924425 14774.555 0.911 1308.6246129486274 2842
220 49.3 2759.3365456389442 4077.1592084941353 14774.555 0.885 1615.3340332933406 3334
230 52.6 2693.214399239545 3484.737221047444 14774.555 0.882 1762.7061886595236 3827
240 45 2294.517753333331 3355.8496550964123 14774.555 0.882 1875.1452694693307 4353
250 35.9 2881.979331476325 5091.25804027036 17858.282 0.882 1914.4368825733907 4803
260 39.8 2773.857497487435 6095.276514108497 21553.049 0.882 1981.7262547462215 5162
270 37.2 4400.405766129035 7543.2236032465935 22391.896 0.882 2038.4291746402869 5560
280 23.8 3938.126554621849 7070.877408691097 22391.896 0.882 2186.550430883344 5932
290 26.8 6905.45354477612 9012.93516427807 23583.705 0.882 2254.1152797406803 6170
300 39.9 3518.598483709277 5857.688793633194 23583.705 0.882 2447.740420316868 6438
310 24.6 24.93622357723578 12.96054208923227 23583.705 0.882 2510.2345503875963 6837
320 8.5 27.769270588235297 5.98524901322505 23583.705 0.882 2423.91753946068 7083
323 0.5 29.7794 1.509826956972222 23583.705 0.882 2395.5033928571424 7168
