0 10.61875 10.61875
10 7.4203125 18.0390625
20 16.5421875 34.58125
30 22.134375 56.715625
40 66.20234375 122.91796875
50 71.5609375 194.47890625
60 64.26796875 258.746875
70 96.284375 355.03125
80 159.825 514.85625
90 116.39296875 631.24921875
100 184.26328125 815.5125
110 217.4375 1032.95
120 232.19765625 1265.14765625
130 287.91875 1553.06640625
140 281.19921875 1834.265625
150 341.13359375 2175.39921875
160 403.0203125 2578.41953125
170 368.8546875 2947.27421875
180 422.26484375 3369.5390625
190 423.253125 3792.7921875
200 481.73125 4274.5234375
210 545.20390625 4819.72734375
220 552.82265625 5372.55
230 567.16484375 5939.71484375
240 522.50859375 6462.2234375
250 431.19140625 6893.41484375
260 414.9046875 7308.31953125
270 464.371875 7772.69140625
280 321.87890625 8094.5703125
290 329.52265625 8424.09296875
300 525.0078125 8949.10078125
310 376.70390625 9325.8046875
320 130.746875 9456.5515625
323 7.76171875 9464.31328125
