0 10.578125 10.578125
10 7.521875 18.1
20 16.69765625 34.79765625
30 20.95625 55.75390625
40 65.5171875 121.27109375
50 68.640625 189.91171875
60 62.8921875 252.80390625
70 92.27109375 345.075
80 155.50546875 500.58046875
90 108.4265625 609.00703125
100 179.00234375 788.009375
110 206.05390625 994.06328125
120 225.36171875 1219.425
130 278.2109375 1497.6359375
140 265.7328125 1763.36875
150 323.91796875 2087.28671875
160 404.5984375 2491.88515625
170 390.86953125 2882.7546875
180 425.1234375 3307.878125
190 482.6734375 3790.5515625
200 643.125 4433.6765625
210 679.771875 5113.4484375
220 728.071875 5841.5203125
230 625.08828125 6466.60859375
240 693.63125 7160.23984375
250 623.87890625 7784.11875
260 668.80546875 8452.92421875
270 640.21171875 9093.1359375
280 408.6734375 9501.809375
290 358.09765625 9859.90703125
300 536.43984375 10396.346875
310 561.45625 10957.803125
320 249.6390625 11207.4421875
323 20.0203125 11227.4625
