0 0.1 0.641399416909621 0 0.641399416909621 0.641399416909621 0 0
10 0.1 0.7976071784646062 0.0 0.7976071784646062 0.641399416909621 0.641399416909621 1
20 0.1 0.1998001998001998 0.0 0.7976071784646062 0.1998001998001998 0.7195032976871136 2
30 0.1 0.2997002997002997 0.0 0.7976071784646062 0.1998001998001998 0.546268931724809 3
40 0.1 0.4985044865403789 0.0 0.7976071784646062 0.1998001998001998 0.4846267737186817 4
50 0.1 0.4 0.0 0.7976071784646062 0.1998001998001998 0.4874023162830211 5
60 0.1 0.19940179461615154 0.0 0.7976071784646062 0.19940179461615154 0.4728352635691842 6
70 0.1 0.1 0.0 0.7976071784646062 0.1 0.4337733394330367 7
80 0.1 2.0874751491053676 0.0 2.0874751491053676 0.1 0.3920516720039071 8
90 0.1 3.306613226452906 0.0 3.306613226452906 0.1 0.5804320583485139 9
100 0.1 0.5970149253731344 0.0 3.306613226452906 0.1 0.853050175158953 10
110 0.1 2.1868787276341948 0.0 3.306613226452906 0.1 0.8297742433602422 11
120 0.1 0.1998001998001998 0.0 3.306613226452906 0.1 0.9428662837164049 12
130 0.1 1.1964107676969093 0.0 3.306613226452906 0.1 0.8857073541843891 13
140 0.1 0.1998001998001998 0.0 3.306613226452906 0.1 0.9079004551495691 14
150 0.1 0.1 0.0 3.306613226452906 0.1 0.860693771459611 15
160 0.1 0.3996003996003996 0.0 3.306613226452906 0.1 0.8131504107433853 16
170 0.1 0.3980099502487562 0.0 3.306613226452906 0.1 0.7888239394996803 17
180 0.1 0.1998001998001998 0.0 3.306613226452906 0.1 0.7671120512079623 18
190 0.1 1.7982017982017984 0.0 3.306613226452906 0.1 0.7372535327128169 19
200 0.1 2.091633466135458 0.0 3.306613226452906 0.1 0.790300945987266 20
210 0.1 0.2997002997002997 0.0 3.306613226452906 0.1 0.852269161232418 21
220 0.1 1.4000000000000001 0.0 3.306613226452906 0.1 0.8271523947991398 22
227 0.1 2.579365079365079 0.0 3.306613226452906 0.1 0.8520588124165684 23
