0 0.1 0.0 0 0.0 0.0 0 0
10 0.1 0.078125 0.0 0.078125 0.0 0.0 1
20 0.1 0.0703125 0.0 0.078125 0.0 0.0390625 2
30 0.1 0.05859375 0.0 0.078125 0.0 0.049479166666666664 3
40 0.1 0.05078125 0.0 0.078125 0.0 0.0517578125 4
50 0.1 0.0390625 0.0 0.078125 0.0 0.0515625 5
60 0.1 0.03125 0.0 0.078125 0.0 0.049479166666666664 6
70 0.1 0.03125 0.0 0.078125 0.0 0.046875 7
80 0.1 0.1015625 0.0 0.1015625 0.0 0.044921875 8
90 0.1 0.08984375 0.0 0.1015625 0.0 0.051215277777777776 9
100 0.1 0.0703125 0.0 0.1015625 0.0 0.055078125 10
110 0.1 0.05859375 0.0 0.1015625 0.0 0.056463068181818184 11
120 0.1 0.05078125 0.0 0.1015625 0.0 0.056640625 12
130 0.1 0.0390625 0.0 0.1015625 0.0 0.05618990384615385 13
140 0.1 0.0390625 0.0 0.1015625 0.0 0.054966517857142856 14
150 0.1 0.03125 0.0 0.1015625 0.0 0.05390625 15
160 0.1 0.01953125 0.0 0.1015625 0.0 0.052490234375 16
170 0.1 0.01953125 0.0 0.1015625 0.0 0.050551470588235295 17
180 0.1 0.01953125 0.0 0.1015625 0.0 0.048828125 18
190 0.1 0.01171875 0.0 0.1015625 0.0 0.047286184210526314 19
200 0.1 0.01171875 0.0 0.1015625 0.0 0.0455078125 20
210 0.1 0.01171875 0.0 0.1015625 0.0 0.04389880952380952 21
220 0.1 0.01171875 0.0 0.1015625 0.0 0.04243607954545454 22
227 0.1 0.01171875 0.0 0.1015625 0.0 0.04110054347826086 23
