0 1.6 41.004124999999995 25.364996160740397 104.786 12.724 0 0
10 0.7 28.805857142857143 13.50034398957059 104.786 12.724 41.004124999999995 16
20 0.8 37.0865 16.898118038704784 104.786 12.724 37.291608695652165 23
30 1.4 39.33157142857143 15.18424541007782 104.786 12.724 37.238677419354836 31
40 1.5 30.386533333333333 12.763366488335105 104.786 12.383 37.8898 45
50 1.4 36.237857142857145 16.432135166266402 104.786 12.383 36.013983333333336 60
60 0.8 61.470375 59.53074832163942 215.857 12.383 36.05633783783784 74
70 1.8 27.634333333333334 12.988788041144478 215.857 7.95 38.53575609756097 82
80 1.4 37.58878571428573 17.895274077566526 215.857 7.95 36.573499999999996 100
90 1.2 37.589999999999996 14.333296934062313 215.857 7.95 36.698184210526314 114
100 2.7 37.507851851851854 12.118344813343494 215.857 7.95 36.783119047619046 126
110 1.2 37.29141666666666 13.893607597610814 215.857 7.95 36.911013071895425 153
120 8.7 33.74317241379311 20.564738070051213 215.857 7.95 36.93867878787879 165
130 2 33.37545 17.983862439629036 215.857 7.95 35.83546825396826 252
140 0.7 27.497857142857146 5.735513513653866 215.857 7.95 35.65458455882353 272
150 4.7 38.34910638297872 8.968822805730836 215.857 7.95 35.44993548387097 279
160 1.1 39.30554545454546 10.92275492524779 215.857 7.95 35.867914110429446 326
170 0.5 30.880000000000003 6.304023445387873 215.857 7.95 35.980121661721064 337
180 0.6 31.0235 5.804027990686008 215.857 7.95 35.90555847953216 342
190 0.8 29.339125 3.8933910167584003 215.857 7.95 35.82138505747126 348
200 0.8 26.500249999999994 2.286879956950081 215.857 7.95 35.67571629213483 356
210 0.4 34.653000000000006 7.740116148999315 215.857 7.95 35.47405769230769 364
220 3.6 24.25252777777777 7.446694432528475 215.857 7.95 35.465133152173905 368
227 1 21.856099999999998 2.6231024169864203 215.857 7.95 34.4659900990099 404
