0 3.4 19.22302941176471 12.961314520038862 81.38 12.276 0 0
10 1.1 18.310181818181817 3.7431503216646953 81.38 12.276 19.22302941176471 34
20 1.8 16.448055555555555 4.825468848518731 81.38 12.276 18.99988888888889 45
30 2.9 18.95389655172414 7.484710444471069 81.38 12.276 18.27079365079365 63
40 3 15.166699999999999 2.939142042047872 81.38 12.276 18.48611956521739 92
50 3.1 16.33235483870968 4.552671768195923 81.38 12.15 17.669868852459018 122
60 1.9 25.850789473684216 38.026790934784174 185.936 12.15 17.39886928104575 153
70 3.3 15.049575757575756 3.3844610513192728 185.936 7.95 18.332511627906978 172
80 3 17.511266666666664 5.707612991629882 185.936 7.95 17.804039024390246 205
90 2.9 15.520689655172417 3.9717845993565764 185.936 7.95 17.766663829787234 235
100 6 16.847500000000007 6.1577162879864265 185.936 6.822 17.51994696969697 264
110 2.6 17.185000000000002 5.421454651517574 185.936 6.822 17.395419753086422 324
120 17.3 16.942815028901737 8.679724475556009 185.936 6.551 17.379788571428573 350
130 4 16.662124999999993 5.3096815120471215 185.936 6.551 17.235244741873807 523
140 1.4 13.724142857142857 5.617224414463871 185.936 6.551 17.19452575488455 563
150 9.4 19.145819148936155 6.152679566682439 185.936 6.551 17.110322357019065 577
160 2.2 19.62722727272728 7.5092406826632825 185.936 6.551 17.3954739195231 671
170 1 15.413499999999999 8.933150085496157 185.936 6.551 17.466323232323234 693
180 1.2 15.484500000000002 8.321896433506007 185.936 6.551 17.437122332859175 703
190 1.6 14.642125 7.932557728083357 185.936 6.551 17.40435104895105 715
200 1.6 13.225687499999998 5.549332772040596 185.936 6.551 17.34389192886457 731
210 0.8 17.30275 9.105440636646863 185.936 6.551 17.25568406961178 747
220 7.2 12.103458333333329 5.633225901188364 185.936 6.551 17.256182781456957 755
227 2 10.905450000000002 3.32704423587965 185.936 6.551 16.807577992744864 827
