10 0.1 140 0 140 140 0 0
20 0.1 48.0 0.0 140 48 140.0 1
30 0.1 76.0 0.0 140 48 94.0 2
40 0.1 115.0 0.0 140 48 88.0 3
50 0.1 134.0 0.0 140 48 94.75 4
60 0.1 148.0 0.0 148 48 102.6 5
70 0.1 63.0 0.0 148 48 110.16666666666667 6
80 0.1 301.0 0.0 301 48 103.42857142857143 7
90 0.1 456.0 0.0 456 48 128.125 8
100 0.1 226.0 0.0 456 48 164.55555555555554 9
110 0.1 441.0 0.0 456 48 170.7 10
120 0.1 96.0 0.0 456 48 195.27272727272728 11
130 0.1 774.0 0.0 774 48 187.0 12
140 0.1 115.0 0.0 774 48 232.15384615384616 13
150 0.1 93.0 0.0 774 48 223.78571428571428 14
160 0.1 436.0 0.0 774 48 215.06666666666666 15
170 0.1 65.0 0.0 774 48 228.875 16
180 0.1 65.0 0.0 774 48 219.23529411764707 17
190 0.1 249.0 0.0 774 48 210.66666666666666 18
200 0.1 323.0 0.0 774 48 212.68421052631578 19
210 0.1 94.0 0.0 774 48 218.2 20
220 0.1 153.0 0.0 774 48 212.28571428571428 21
227 0.1 821.0 0.0 821 48 209.5909090909091 22
