0 15.81015625 15.81015625
10 4.084375 19.89453125
20 8.74921875 28.64375
30 18.13671875 46.78046875
40 16.9140625 63.69453125
50 16.934375 80.62890625
60 11.58203125 92.2109375
70 17.384375 109.5953125
80 16.928125 126.5234375
90 15.29765625 141.82109375
100 40.53515625 182.35625
110 16.4671875 198.8234375
120 83.56484375 282.38828125
130 22.25859375 304.646875
140 11.24296875 315.88984375
150 74.67421875 390.5640625
160 17.56796875 408.13203125
170 8.10390625 416.2359375
180 9.715625 425.9515625
190 12.996875 438.9484375
200 12.9296875 451.878125
210 6.5015625 458.3796875
220 58.425 516.8046875
227 16.2375 533.0421875
