0 1.4 3.069642857142857 4.399390730660373 14.52 0.865 0 0
10 0.8 1.298875 0.22506023499276806 14.52 0.865 3.069642857142857 14
20 1.4 1.2752857142857141 0.13763431287884803 14.52 0.865 2.4257272727272725 22
30 1.3 1.7047692307692306 1.1197214044880266 14.52 0.865 1.9783333333333333 36
40 2.5 1.3224800000000005 0.12088610176525659 14.52 0.865 1.9057551020408163 49
50 2.8 1.2394999999999998 0.18609607733641245 14.52 0.861 1.7087027027027029 74
60 4.6 1.4919782608695653 1.450510697008507 14.52 0.861 1.5799019607843139 102
70 5.4 1.2307222222222225 0.2965875934985884 14.52 0.852 1.5525743243243244 148
80 3.3 1.2602424242424242 0.19681864137861296 14.52 0.852 1.4665346534653465 202
90 6.7 1.1991492537313442 0.22034540414156287 14.52 0.851 1.4375659574468085 235
100 5 1.40138 0.973612487389105 14.52 0.851 1.3846721854304638 302
110 6.8 1.2019117647058815 0.2128535629801774 14.52 0.832 1.3870454545454547 352
120 9 1.5408444444444442 3.5941343353089787 35.249 0.832 1.3570714285714287 420
130 9.5 1.1762315789473692 0.19368180376079017 35.249 0.832 1.3895019607843135 510
140 11.1 1.257792792792792 0.9490357849044142 35.249 0.832 1.356013223140496 605
150 12.7 1.60840157480315 2.4685986309933825 35.249 0.832 1.340786312849162 716
160 14.4 1.1428819444444447 0.24836639870829996 35.249 0.832 1.381103202846975 843
170 14.1 1.2740141843971624 0.5675314092700268 35.249 0.832 1.3463475177304964 987
180 18.3 1.2283333333333326 0.757034892709444 35.249 0.832 1.3373058510638298 1128
190 22.8 1.1156885964912282 0.3840897355536585 35.249 0.737 1.322094584286804 1311
200 27 1.1686925925925924 1.0677474064680301 35.249 0.692 1.2915159194282 1539
210 25.4 1.140881889763779 0.4956596751895673 35.249 0.692 1.2731840796019898 1809
220 29.9 1.1146856187290959 0.7622708777927774 35.249 0.692 1.2568948133785744 2063
230 32.5 1.1474276923076918 1.3338598975567335 35.249 0.692 1.2388928873835727 2362
240 14.5 1.127558620689655 0.868784064087211 35.249 0.692 1.2278299218459243 2687
250 7.6 1.1906973684210527 0.3325910251240626 35.249 0.692 1.2226959745762707 2832
260 7.9 1.2392278481012662 0.8751990869260142 35.249 0.692 1.2218596973865194 2908
270 11.8 1.1230254237288146 0.2464425694388044 35.249 0.692 1.222319049213257 2987
280 10.8 1.1114074074074076 0.2791314252063407 35.249 0.692 1.2185455716586149 3105
290 12.9 1.3074806201550395 1.2121745921576166 35.249 0.692 1.2149442888266415 3213
300 14.9 1.4489463087248315 0.9258143144109696 35.249 0.692 1.2185161579892276 3342
310 6.5 1.1731076923076924 0.18096273505694457 35.249 0.692 1.2283511887711251 3491
320 1.6 1.3448749999999996 0.24539505776400636 35.249 0.692 1.2273413948256464 3556
330 0.5 1.2932000000000001 0.19039894957693437 35.249 0.692 1.227867861142217 3572
340 0 0 0 35.249 0.692 1.2279591836734691 3577
350 0 0 0 35.249 0.692 1.2279591836734691 3577
360 0 0 0 35.249 0.692 1.2279591836734691 3577
367 0 0 0 35.249 0.692 1.2279591836734691 3577
