0 0.1 3523.81640625 0 3523.81640625 3523.81640625 0 0
10 0.1 3522.97265625 0.0 3523.81640625 3522.97265625 3523.81640625 1
20 0.1 3523.53515625 0.0 3523.81640625 3522.97265625 3523.39453125 2
30 0.1 3523.4453125 0.0 3523.81640625 3522.97265625 3523.44140625 3
40 0.1 3521.52734375 0.0 3523.81640625 3521.52734375 3523.4423828125 4
50 0.1 3520.328125 0.0 3523.81640625 3520.328125 3523.059375 5
60 0.1 3519.1328125 0.0 3523.81640625 3519.1328125 3522.6041666666665 6
70 0.1 3515.29296875 0.0 3523.81640625 3515.29296875 3522.1082589285716 7
80 0.1 3513.60546875 0.0 3523.81640625 3513.60546875 3521.25634765625 8
90 0.1 3510.5546875 0.0 3523.81640625 3510.5546875 3520.40625 9
100 0.1 3505.90625 0.0 3523.81640625 3505.90625 3519.42109375 10
110 0.1 3500.74609375 0.0 3523.81640625 3500.74609375 3518.192471590909 11
120 0.1 3496.52734375 0.0 3523.81640625 3496.52734375 3516.7386067708335 12
130 0.1 3487.77734375 0.0 3523.81640625 3487.77734375 3515.183894230769 13
140 0.1 3480.015625 0.0 3523.81640625 3480.015625 3513.2262834821427 14
150 0.1 3478.0 0.0 3523.81640625 3478.0 3511.012239583333 15
160 0.1 3476.60546875 0.0 3523.81640625 3476.60546875 3508.948974609375 16
170 0.1 3475.28515625 0.0 3523.81640625 3475.28515625 3507.0464154411766 17
180 0.1 3473.9375 0.0 3523.81640625 3473.9375 3505.2819010416665 18
190 0.1 3473.24609375 0.0 3523.81640625 3473.24609375 3503.632195723684 19
200 0.1 3471.39453125 0.0 3523.81640625 3471.39453125 3502.112890625 20
210 0.1 3469.3984375 0.0 3523.81640625 3469.3984375 3500.6501116071427 21
220 0.1 3467.67578125 0.0 3523.81640625 3467.67578125 3499.229580965909 22
230 0.1 3465.38671875 0.0 3523.81640625 3465.38671875 3497.857676630435 23
240 0.1 3463.76171875 0.0 3523.81640625 3463.76171875 3496.5047200520835 24
250 0.1 3463.48046875 0.0 3523.81640625 3463.48046875 3495.195 25
260 0.1 3463.33984375 0.0 3523.81640625 3463.33984375 3493.9752103365386 26
270 0.1 3463.33203125 0.0 3523.81640625 3463.33203125 3492.8405671296296 27
280 0.1 3463.31640625 0.0 3523.81640625 3463.31640625 3491.786690848214 28
290 0.1 3463.1484375 0.0 3523.81640625 3463.1484375 3490.8049568965516 29
300 0.1 3463.234375 0.0 3523.81640625 3463.1484375 3489.8830729166666 30
310 0.1 3464.01171875 0.0 3523.81640625 3463.1484375 3489.0234375 31
320 0.1 3464.64453125 0.0 3523.81640625 3463.1484375 3488.2418212890625 32
330 0.1 3465.1015625 0.0 3523.81640625 3463.1484375 3487.5267518939395 33
340 0.1 3465.046875 0.0 3523.81640625 3463.1484375 3486.8671875 34
350 0.1 3465.16015625 0.0 3523.81640625 3463.1484375 3486.24375 35
360 0.1 3465.234375 0.0 3523.81640625 3463.1484375 3485.6580946180557 36
367 0.1 3465.35546875 0.0 3523.81640625 3463.1484375 3485.106102195946 37
