0 0.1 0.0 0 0.0 0.0 0 0
10 0.1 0.0 0.0 0.0 0.0 0.0 1
20 0.1 0.0 0.0 0.0 0.0 0.0 2
30 0.1 0.0 0.0 0.0 0.0 0.0 3
40 0.1 0.0 0.0 0.0 0.0 0.0 4
50 0.1 0.0 0.0 0.0 0.0 0.0 5
60 0.1 0.0 0.0 0.0 0.0 0.0 6
70 0.1 0.0 0.0 0.0 0.0 0.0 7
80 0.1 0.0 0.0 0.0 0.0 0.0 8
90 0.1 0.0 0.0 0.0 0.0 0.0 9
100 0.1 0.0 0.0 0.0 0.0 0.0 10
110 0.1 0.16015625 0.0 0.16015625 0.0 0.0 11
120 0.1 0.12890625 0.0 0.16015625 0.0 0.013346354166666666 12
130 0.1 0.109375 0.0 0.16015625 0.0 0.022235576923076924 13
140 0.1 0.1015625 0.0 0.16015625 0.0 0.028459821428571428 14
150 0.1 0.078125 0.0 0.16015625 0.0 0.03333333333333333 15
160 0.1 0.0703125 0.0 0.16015625 0.0 0.0361328125 16
170 0.1 0.05859375 0.0 0.16015625 0.0 0.03814338235294118 17
180 0.1 0.05078125 0.0 0.16015625 0.0 0.03927951388888889 18
190 0.1 0.0390625 0.0 0.16015625 0.0 0.039884868421052634 19
200 0.1 0.03125 0.0 0.16015625 0.0 0.03984375 20
210 0.1 0.03125 0.0 0.16015625 0.0 0.03943452380952381 21
220 0.1 0.01953125 0.0 0.16015625 0.0 0.0390625 22
230 0.1 0.08984375 0.0 0.16015625 0.0 0.038213315217391304 23
240 0.1 0.23046875 0.0 0.23046875 0.0 0.040364583333333336 24
250 0.1 0.19140625 0.0 0.23046875 0.0 0.04796875 25
260 0.1 0.16015625 0.0 0.23046875 0.0 0.05348557692307692 26
270 0.1 0.140625 0.0 0.23046875 0.0 0.057436342592592594 27
280 0.1 0.109375 0.0 0.23046875 0.0 0.06040736607142857 28
290 0.1 0.1015625 0.0 0.23046875 0.0 0.06209590517241379 29
300 0.1 0.078125 0.0 0.23046875 0.0 0.06341145833333334 30
310 0.1 0.0703125 0.0 0.23046875 0.0 0.06388608870967742 31
320 0.1 0.05859375 0.0 0.23046875 0.0 0.0640869140625 32
330 0.1 0.05078125 0.0 0.23046875 0.0 0.06392045454545454 33
340 0.1 0.0390625 0.0 0.23046875 0.0 0.06353400735294118 34
350 0.1 0.03125 0.0 0.23046875 0.0 0.06283482142857143 35
360 0.1 0.03125 0.0 0.23046875 0.0 0.061957465277777776 36
367 0.1 0.01953125 0.0 0.23046875 0.0 0.061127533783783786 37
