10 0.1 183 0 183 183 0 0
20 0.1 35.0 0.0 183 35 183.0 1
30 0.1 153.0 0.0 183 35 109.0 2
40 0.1 115.0 0.0 183 35 123.66666666666667 3
50 0.1 381.0 0.0 381 35 121.5 4
60 0.1 352.0 0.0 381 35 173.4 5
70 0.1 623.0 0.0 623 35 203.16666666666666 6
80 0.1 717.0 0.0 717 35 263.14285714285717 7
90 0.1 665.0 0.0 717 35 319.875 8
100 0.1 1011.0 0.0 1011 35 358.22222222222223 9
110 0.1 945.0 0.0 1011 35 423.5 10
120 0.1 971.0 0.0 1011 35 470.90909090909093 11
130 0.1 1467.0 0.0 1467 35 512.5833333333334 12
140 0.1 1135.0 0.0 1467 35 586.0 13
150 0.1 1338.0 0.0 1467 35 625.2142857142857 14
160 0.1 1492.0 0.0 1492 35 672.7333333333333 15
170 0.1 1661.0 0.0 1661 35 723.9375 16
180 0.1 1730.0 0.0 1730 35 779.0588235294117 17
190 0.1 2222.0 0.0 2222 35 831.8888888888889 18
200 0.1 2136.0 0.0 2222 35 905.0526315789474 19
210 0.1 2576.0 0.0 2576 35 966.6 20
220 0.1 2496.0 0.0 2576 35 1043.2380952380952 21
230 0.1 3121.0 0.0 3121 35 1109.2727272727273 22
240 0.1 3614.0 0.0 3614 35 1196.7391304347825 23
250 0.1 2148.0 0.0 3614 35 1297.4583333333333 24
260 0.1 2107.0 0.0 3614 35 1331.48 25
270 0.1 2205.0 0.0 3614 35 1361.3076923076924 26
280 0.1 2221.0 0.0 3614 35 1392.5555555555557 27
290 0.1 1661.0 0.0 3614 35 1422.142857142857 28
300 0.1 1782.0 0.0 3614 35 1430.3793103448277 29
310 0.1 1893.0 0.0 3614 35 1442.1 30
320 0.1 1320.0 0.0 3614 35 1456.6451612903227 31
330 0.1 762.0 0.0 3614 35 1452.375 32
340 0.1 369.0 0.0 3614 35 1431.4545454545455 33
350 0.1 341.0 0.0 3614 35 1400.2058823529412 34
360 0.1 356.0 0.0 3614 35 1369.942857142857 35
367 0.1 276.0 0.0 3614 35 1341.7777777777778 36
