0 3.4 21.791588235294117 23.167770434145645 117.854 10.996 0 0
10 1.8 14.78111111111111 3.5483530591104886 117.854 7.417 21.791588235294117 34
20 3 15.3356 4.46451985921592 117.854 7.417 19.364884615384614 52
30 2.5 25.138560000000002 32.77713121318582 175.404 7.417 17.890756097560974 82
40 9.3 91.67560215053767 137.254270226235 478.569 7.417 19.584168224299063 107
50 8.8 80.35221590909089 136.96804893971114 544.444 7.417 53.10668500000001 200
60 12.6 47.4111507936508 99.13046656982037 544.444 6.721 61.43170833333334 288
70 16.8 118.09129761904755 147.73799474510366 544.444 6.721 57.16458212560387 414
80 15.1 330.34574834437075 273.6430686007014 1089.174 6.721 74.75167525773195 582
90 22.5 301.56027555555545 265.7952293628472 1089.174 6.721 127.40475170532056 733
100 22 1001.4245181818185 474.73632104062364 2130.345 6.721 168.3076670146137 958
110 21.2 2244.0717971698123 503.66668635494017 3286.208 6.721 323.8982504244482 1178
120 30.9 2236.9048284789646 722.1611427034884 4025.677 6.721 616.7592517985612 1390
130 26.5 3580.5144679245254 1779.8331902404702 6460.49 0.496 911.4178646262508 1699
140 43.8 3031.9128036529664 3844.6244301364713 10318.069 0.483 1271.555644602851 1964
150 44.7 1884.281581655482 2898.9222663125083 10318.069 0.477 1592.5533280599495 2402
160 48.5 3222.448068041235 2814.1954798702404 10318.069 0.477 1638.3246616356614 2849
170 61.3 2098.2345530179405 2677.568453522171 10318.069 0.472 1868.7685284943007 3334
180 81.5 1484.8500098159527 2358.1958253082385 10318.069 0.472 1904.4063985305286 3947
190 83.7 1513.4248315412167 2407.0912851091985 10318.069 0.472 1832.6007587148251 4762
200 108.2 1146.0100665434397 2462.453993572106 10318.069 0.471 1784.8868363993563 5599
210 102.9 1350.1687706511177 2597.0943306805893 10318.069 0.471 1681.4195912288576 6681
220 130.1 950.5356940814771 2243.316707254682 10318.069 0.464 1637.2098513618673 7710
230 146.4 894.4843831967222 1939.8245293119494 10318.069 0.464 1538.0684598823657 9011
240 117.8 1093.2021689303922 2222.841253791168 10318.069 0.464 1448.1202891646776 10475
250 114.9 1006.9644081810294 2604.8920318240725 10318.069 0.464 1412.2416702994935 11653
260 119.2 1067.0300159395983 2877.5447396339155 10445.796 0.464 1375.8673870488988 12802
270 116 1002.315202586206 2844.397672924139 10598.01 0.464 1349.5608166357013 13994
280 72 2000.3583083333308 4121.4535552487605 11909.139 0.464 1322.9800516695263 15154
290 66.2 1826.6104879154082 3907.237808186619 11909.139 0.464 1353.7040245054807 15874
300 82.2 1605.4244817518218 3640.99868255362 11909.139 0.464 1372.6362982583453 16536
310 75 1566.5857280000014 3933.721509292046 12805.443 0.464 1383.6601424127202 17358
320 34.8 4332.805448275861 4687.415089591231 12995.995 0.464 1391.2365831676605 18108
330 18.6 5706.607854838705 5609.280939711549 13629.381 0.464 1446.7017958387514 18456
340 9.9 13791.69332323232 803.9365384377501 15426.387 0.464 1489.2048817186997 18642
350 11.5 9760.429739130434 1376.849098537337 15426.387 0.464 1554.1932150899097 18741
360 7.9 11755.34648101266 1394.7456081840621 15426.387 0.464 1604.2418574459055 18856
367 11.4 5875.088412280704 3403.752389700079 15426.387 0.464 1646.5939707420118 18935
