10 0.1 185 0 185 185 0 0
20 0.1 33.0 0.0 185 33 185.0 1
30 0.1 155.0 0.0 185 33 109.0 2
40 0.1 118.0 0.0 185 33 124.33333333333333 3
50 0.1 324.0 0.0 324 33 122.75 4
60 0.1 326.0 0.0 326 33 163.0 5
70 0.1 624.0 0.0 624 33 190.16666666666666 6
80 0.1 607.0 0.0 624 33 252.14285714285714 7
90 0.1 518.0 0.0 624 33 296.5 8
100 0.1 821.0 0.0 821 33 321.1111111111111 9
110 0.1 722.0 0.0 821 33 371.1 10
120 0.1 801.0 0.0 821 33 403.0 11
130 0.1 1174.0 0.0 1174 33 436.1666666666667 12
140 0.1 973.0 0.0 1174 33 492.9230769230769 13
150 0.1 1248.0 0.0 1248 33 527.2142857142857 14
160 0.1 1515.0 0.0 1515 33 575.2666666666667 15
170 0.1 1577.0 0.0 1577 33 634.0 16
180 0.1 1648.0 0.0 1648 33 689.4705882352941 17
190 0.1 2306.0 0.0 2306 33 742.7222222222222 18
200 0.1 2254.0 0.0 2306 33 825.0 19
210 0.1 2883.0 0.0 2883 33 896.45 20
220 0.1 2739.0 0.0 2883 33 991.047619047619 21
230 0.1 3590.0 0.0 3590 33 1070.5 22
240 0.1 3995.0 0.0 3995 33 1180.0434782608695 23
250 0.1 2287.0 0.0 3995 33 1297.3333333333333 24
260 0.1 2325.0 0.0 3995 33 1336.92 25
270 0.1 2418.0 0.0 3995 33 1374.923076923077 26
280 0.1 2395.0 0.0 3995 33 1413.5555555555557 27
290 0.1 1669.0 0.0 3995 33 1448.607142857143 28
300 0.1 1774.0 0.0 3995 33 1456.2068965517242 29
310 0.1 2012.0 0.0 3995 33 1466.8 30
320 0.1 1.4e3 0.0 3995 33 1484.3870967741937 31
330 0.1 704.0 0.0 3995 33 1481.75 32
340 0.1 270.0 0.0 3995 33 1458.1818181818182 33
350 0.1 211.0 0.0 3995 33 1423.235294117647 34
360 0.1 205.0 0.0 3995 33 1388.6 35
367 0.1 165.0 0.0 3995 33 1355.7222222222222 36
