0 0.1 3521.6328125 0 3521.6328125 3521.6328125 0 0
10 0.1 3522.88671875 0.0 3522.88671875 3521.6328125 3521.6328125 1
20 0.1 3523.74609375 0.0 3523.74609375 3521.6328125 3522.259765625 2
30 0.1 3523.7578125 0.0 3523.7578125 3521.6328125 3522.7552083333335 3
40 0.1 3523.0390625 0.0 3523.7578125 3521.6328125 3523.005859375 4
50 0.1 3522.8203125 0.0 3523.7578125 3521.6328125 3523.0125 5
60 0.1 3522.70703125 0.0 3523.7578125 3521.6328125 3522.98046875 6
70 0.1 3522.59375 0.0 3523.7578125 3521.6328125 3522.94140625 7
80 0.1 3521.87109375 0.0 3523.7578125 3521.6328125 3522.89794921875 8
90 0.1 3520.65234375 0.0 3523.7578125 3520.65234375 3522.7838541666665 9
100 0.1 3519.67578125 0.0 3523.7578125 3519.67578125 3522.570703125 10
110 0.1 3518.8203125 0.0 3523.7578125 3518.8203125 3522.307528409091 11
120 0.1 3518.4296875 0.0 3523.7578125 3518.4296875 3522.0169270833335 12
130 0.1 3518.2734375 0.0 3523.7578125 3518.2734375 3521.740985576923 13
140 0.1 3518.125 0.0 3523.7578125 3518.125 3521.4933035714284 14
150 0.1 3516.65625 0.0 3523.7578125 3516.65625 3521.26875 15
160 0.1 3514.19140625 0.0 3523.7578125 3514.19140625 3520.98046875 16
170 0.1 3513.91796875 0.0 3523.7578125 3513.91796875 3520.581112132353 17
180 0.1 3513.9296875 0.0 3523.7578125 3513.91796875 3520.2109375 18
190 0.1 3512.09375 0.0 3523.7578125 3512.09375 3519.8803453947367 19
200 0.1 3511.88671875 0.0 3523.7578125 3511.88671875 3519.491015625 20
210 0.1 3510.9765625 0.0 3523.7578125 3510.9765625 3519.12890625 21
220 0.1 3509.8046875 0.0 3523.7578125 3509.8046875 3518.7583451704545 22
230 0.1 3508.96484375 0.0 3523.7578125 3508.96484375 3518.3690557065215 23
240 0.1 3508.9765625 0.0 3523.7578125 3508.96484375 3517.9772135416665 24
250 0.1 3508.62109375 0.0 3523.7578125 3508.62109375 3517.6171875 25
253 0.1 3508.51171875 0.0 3523.7578125 3508.51171875 3517.271183894231 26
