0 1.9 27.67878947368421 28.825911137430626 145.656 13.236 0 0
10 2.7 19.10503703703703 3.5377259852589504 145.656 13.236 27.67878947368421 19
20 1.5 20.166400000000003 3.9208026865256387 145.656 13.236 22.646369565217384 46
30 3.2 22.501406250000002 13.771284117365775 145.656 13.236 22.036540983606553 61
40 3.3 20.928333333333327 6.86653755836259 145.656 10.725 22.196494623655912 93
50 1.5 20.18626666666666 4.682356720949635 145.656 10.725 21.86435714285714 126
60 5.1 22.59801960784314 10.470730430333578 145.656 10.725 21.68583687943262 141
70 6.1 18.40227868852459 3.2650173103808804 145.656 7.557 21.928135416666663 192
80 7 18.268914285714274 3.4335557485451362 145.656 7.557 21.078027667984188 253
90 9.8 18.862540816326522 3.7717750521806575 145.656 7.557 20.469241486068107 323
100 9.3 20.78235483870966 9.67030560463281 145.656 7.391 20.09523515439429 421
110 9.7 19.073773195876292 5.341322741510034 145.656 7.353 20.219558365758747 514
120 10.1 19.976881188118806 4.940963727871432 145.656 7.353 20.03765793780687 611
130 9.9 19.88385858585859 5.516158934815372 145.656 7.353 20.029036516853928 712
140 13.8 19.935666666666673 4.984047767604004 145.656 7.353 20.01131442663378 811
150 11.9 19.718378151260524 5.292538740452119 145.656 7.353 20.000314014752366 949
160 10.5 21.074095238095243 8.562333235107412 145.656 7.277 19.96889981273408 1068
170 7 20.07505714285715 6.520006498431719 145.656 7.277 20.067830349531114 1173
180 9 21.048744444444434 7.932208591924599 145.656 7.277 20.068237329042635 1243
190 6.6 17.792060606060616 7.408039604659637 145.656 7.277 20.134438109527377 1333
200 2.2 16.055772727272725 8.741306730543094 145.656 7.277 20.02393280914939 1399
210 3 15.819333333333335 7.870758507849729 145.656 7.238 19.962497536945808 1421
220 3.8 15.22794736842105 7.841237778053076 145.656 7.238 19.87683597518952 1451
230 2.4 15.419041666666667 7.597701612325306 145.656 7.238 19.758194089993278 1489
240 4.8 16.64933333333332 9.712883779061478 145.656 7.126 19.68936417713152 1513
250 4.4 15.284340909090908 7.015819413502026 145.656 7.126 19.595884689301723 1561
253 2.2 15.797909090909092 7.610918764924573 145.656 6.684 19.477686604361363 1605
