0 0.1 1.1452421550912375 0 1.1452421550912375 1.1452421550912375 0 0
10 0.1 0.39920159680638717 0.0 1.1452421550912375 0.39920159680638717 1.1452421550912375 1
20 0.1 0.1004016064257028 0.0 1.1452421550912375 0.1004016064257028 0.7722218759488123 2
30 0.1 0.3003003003003003 0.0 1.1452421550912375 0.1004016064257028 0.5482817861077758 3
40 0.1 0.4 0.0 1.1452421550912375 0.1004016064257028 0.48628641465590694 4
50 0.1 0.2004008016032064 0.0 1.1452421550912375 0.1004016064257028 0.46902913172472555 5
60 0.1 0.4 0.0 1.1452421550912375 0.1004016064257028 0.42425774337113903 6
70 0.1 0.4008016032064128 0.0 1.1452421550912375 0.1004016064257028 0.4207923514609763 7
80 0.1 0.6018054162487462 0.0 1.1452421550912375 0.1004016064257028 0.41829350792915587 8
90 0.1 0.8008008008008007 0.0 1.1452421550912375 0.1004016064257028 0.43868371996466593 9
100 0.1 2.7027027027027026 0.0 2.7027027027027026 0.1004016064257028 0.4748954280482794 10
110 0.1 0.6018054162487462 0.0 2.7027027027027026 0.1004016064257028 0.6774233621077724 11
120 0.1 0.6012024048096193 0.0 2.7027027027027026 0.1004016064257028 0.6711218666195201 12
130 0.1 1.001001001001001 0.0 2.7027027027027026 0.1004016064257028 0.665743446480297 13
140 0.1 0.9009009009009009 0.0 2.7027027027027026 0.1004016064257028 0.6896904146603473 14
150 0.1 0.8999999999999999 0.0 2.7027027027027026 0.1004016064257028 0.7037711137430508 15
160 0.1 0.9036144578313252 0.0 2.7027027027027026 0.1004016064257028 0.7160354191341102 16
170 0.1 0.6012024048096193 0.0 2.7027027027027026 0.1004016064257028 0.7270694802339464 17
180 0.1 0.7021063189568706 0.0 2.7027027027027026 0.1004016064257028 0.7200768649325949 18
190 0.1 0.6012024048096193 0.0 2.7027027027027026 0.1004016064257028 0.7191310467233463 19
200 0.1 0.5005005005005005 0.0 2.7027027027027026 0.1004016064257028 0.7132346146276599 20
210 0.1 2.5 0.0 2.7027027027027026 0.1004016064257028 0.7031044187168428 21
220 0.1 0.4008016032064128 0.0 2.7027027027027026 0.1004016064257028 0.78478149059335 22
230 0.1 0.7014028056112225 0.0 2.7027027027027026 0.1004016064257028 0.7680867128808745 23
240 0.1 0.30060120240480964 0.0 2.7027027027027026 0.1004016064257028 0.7653082167446391 24
250 0.1 2.4975024975024978 0.0 2.7027027027027026 0.1004016064257028 0.7467199361710459 25
258 0.1 0.2004008016032064 0.0 2.7027027027027026 0.1004016064257028 0.8140577269914864 26
