0 0.1 3517.29296875 0 3517.29296875 3517.29296875 0 0
10 0.1 3518.640625 0.0 3518.640625 3517.29296875 3517.29296875 1
20 0.1 3519.48046875 0.0 3519.48046875 3517.29296875 3517.966796875 2
30 0.1 3519.40625 0.0 3519.48046875 3517.29296875 3518.4713541666665 3
40 0.1 3518.91015625 0.0 3519.48046875 3517.29296875 3518.705078125 4
50 0.1 3518.453125 0.0 3519.48046875 3517.29296875 3518.74609375 5
60 0.1 3518.109375 0.0 3519.48046875 3517.29296875 3518.697265625 6
70 0.1 3517.734375 0.0 3519.48046875 3517.29296875 3518.61328125 7
80 0.1 3516.671875 0.0 3519.48046875 3516.671875 3518.50341796875 8
90 0.1 3515.11328125 0.0 3519.48046875 3515.11328125 3518.2999131944443 9
100 0.1 3511.7109375 0.0 3519.48046875 3511.7109375 3517.98125 10
110 0.1 3510.484375 0.0 3519.48046875 3510.484375 3517.411221590909 11
120 0.1 3509.7421875 0.0 3519.48046875 3509.7421875 3516.833984375 12
130 0.1 3508.3828125 0.0 3519.48046875 3508.3828125 3516.2884615384614 13
140 0.1 3508.23046875 0.0 3519.48046875 3508.23046875 3515.7237723214284 14
150 0.1 3508.234375 0.0 3519.48046875 3508.23046875 3515.22421875 15
160 0.1 3507.828125 0.0 3519.48046875 3507.828125 3514.787353515625 16
170 0.1 3507.609375 0.0 3519.48046875 3507.609375 3514.377987132353 17
180 0.1 3507.2578125 0.0 3519.48046875 3507.2578125 3514.001953125 18
190 0.1 3507.16015625 0.0 3519.48046875 3507.16015625 3513.6469983552633 19
200 0.1 3507.16796875 0.0 3519.48046875 3507.16015625 3513.32265625 20
210 0.1 3505.6328125 0.0 3519.48046875 3505.6328125 3513.0295758928573 21
220 0.1 3504.984375 0.0 3519.48046875 3504.984375 3512.693359375 22
230 0.1 3504.99609375 0.0 3519.48046875 3504.984375 3512.3581861413045 23
240 0.1 3505.00390625 0.0 3519.48046875 3504.984375 3512.0514322916665 24
250 0.1 3504.6484375 0.0 3519.48046875 3504.6484375 3511.76953125 25
258 0.1 3504.66015625 0.0 3519.48046875 3504.6484375 3511.495643028846 26
