10 0.1 71 0 71 71 0 0
20 0.1 125.0 0.0 125 71 71.0 1
30 0.1 86.0 0.0 125 71 98.0 2
40 0.1 128.0 0.0 128 71 94.0 3
50 0.1 77.0 0.0 128 71 102.5 4
60 0.1 132.0 0.0 132 71 97.4 5
70 0.1 225.0 0.0 225 71 103.16666666666667 6
80 0.1 307.0 0.0 307 71 120.57142857142857 7
90 0.1 322.0 0.0 322 71 143.875 8
100 0.1 538.0 0.0 538 71 163.66666666666666 9
110 0.1 404.0 0.0 538 71 201.1 10
120 0.1 402.0 0.0 538 71 219.54545454545453 11
130 0.1 634.0 0.0 634 71 234.75 12
140 0.1 405.0 0.0 634 71 265.46153846153845 13
150 0.1 468.0 0.0 634 71 275.42857142857144 14
160 0.1 588.0 0.0 634 71 288.26666666666665 15
170 0.1 247.0 0.0 634 71 307.0 16
180 0.1 429.0 0.0 634 71 303.47058823529414 17
190 0.1 410.0 0.0 634 71 310.44444444444446 18
200 0.1 233.0 0.0 634 71 315.6842105263158 19
210 0.1 393.0 0.0 634 71 311.55 20
220 0.1 197.0 0.0 634 71 315.42857142857144 21
230 0.1 440.0 0.0 634 71 310.04545454545456 22
240 0.1 207.0 0.0 634 71 315.69565217391306 23
250 0.1 417.0 0.0 634 71 311.1666666666667 24
258 0.1 264.0 0.0 634 71 315.4 25
