30 0.4 30059.02175 0.9998453317869398 30060.029 30057.647 0 0
40 0.5 30060.810599999997 0.94461094636858 30062.038 30057.647 30059.02175 4
50 0.4 30062.61125 4.587067711240664 30070.309 30057.647 30060.015555555558 9
60 1 30058.0237 2.6220209781766033 30070.309 30051.769 30060.814230769232 13
70 0.4 30060.8925 1.1962496603962973 30070.309 30051.769 30059.600956521743 23
80 0.9 30058.526333333328 2.8177300951095527 30070.309 30051.769 30059.792296296295 27
90 1.1 30057.428272727273 3.3115413080176523 30070.309 30051.769 30059.475805555554 36
100 1.6 51944.349875 32457.92298172134 100104.017 30051.769 30058.996595744677 47
110 2.2 55521.06468181818 33685.01310076943 100104.017 30051.769 35617.18155555556 63
120 2.1 53402.30566666667 33008.97509559391 100104.017 30051.769 40768.77483529412 85
130 1.9 48489.6127894737 30833.127527838136 100104.017 30051.769 43271.6441509434 106
140 1.6 30060.917687499998 2.829063310503824 100104.017 30051.769 44064.775384 125
150 2.1 50067.30890476189 31633.533671613837 100104.017 30051.769 42475.68514893617 141
160 1.9 52174.31978947369 32547.13322973598 100104.017 30051.769 43459.78452469136 162
170 4 65071.749699999986 35010.53289309434 100104.017 30051.769 44374.56999447514 181
180 4 56343.712250000004 33881.23266093078 100104.017 30051.769 48120.66586877828 221
190 2.1 83411.96138095237 29824.382582674316 100120.658 30051.769 49380.902862068964 261
200 1.8 100082.35522222224 5.175065244416292 100120.658 30051.769 51915.13062411347 282
210 1.2 100082.17924999999 3.178919604862329 100120.658 30051.769 54805.1641 300
220 3.3 100082.06678787878 4.007492987630198 100120.658 30051.769 56546.58775961539 312
230 2.3 100083.96143478258 3.7256678517268464 100120.658 30051.769 60710.85097101449 345
240 1.9 100086.84184210525 6.708352203847107 100120.658 30051.769 63171.670374999994 368
250 2.3 100075.70669565216 3.4056458167451544 100120.658 30051.769 64984.043134366926 387
258 0.4 100079.83374999999 2.7053056550964634 100120.658 30051.769 66952.5998707317 410
