0 0.1 0.1015625 0 0.1015625 0.1015625 0 0
10 0.1 0.078125 0.0 0.1015625 0.078125 0.1015625 1
20 0.1 0.0703125 0.0 0.1015625 0.0703125 0.08984375 2
30 0.1 0.05859375 0.0 0.1015625 0.05859375 0.08333333333333333 3
40 0.1 0.05078125 0.0 0.1015625 0.05078125 0.0771484375 4
50 0.1 0.12109375 0.0 0.12109375 0.05078125 0.071875 5
60 0.1 0.1015625 0.0 0.12109375 0.05078125 0.080078125 6
70 0.1 0.078125 0.0 0.12109375 0.05078125 0.08314732142857142 7
80 0.1 0.0703125 0.0 0.12109375 0.05078125 0.08251953125 8
90 0.1 0.05859375 0.0 0.12109375 0.05078125 0.08116319444444445 9
100 0.1 0.05078125 0.0 0.12109375 0.05078125 0.07890625 10
110 0.1 0.0390625 0.0 0.12109375 0.0390625 0.07634943181818182 11
120 0.1 0.03125 0.0 0.12109375 0.03125 0.0732421875 12
130 0.1 0.03125 0.0 0.12109375 0.03125 0.07001201923076923 13
140 0.1 0.01953125 0.0 0.12109375 0.01953125 0.06724330357142858 14
150 0.1 0.01953125 0.0 0.12109375 0.01953125 0.0640625 15
160 0.1 0.01953125 0.0 0.12109375 0.01953125 0.06127929687499999 16
170 0.1 0.01171875 0.0 0.12109375 0.01171875 0.0588235294117647 17
180 0.1 0.01171875 0.0 0.12109375 0.01171875 0.056206597222222224 18
190 0.1 0.01171875 0.0 0.12109375 0.01171875 0.053865131578947366 19
200 0.1 0.01171875 0.0 0.12109375 0.01171875 0.0517578125 20
210 0.1 0.0 0.0 0.12109375 0.0 0.04985119047619048 21
220 0.1 0.078125 0.0 0.12109375 0.0 0.04758522727272727 22
230 0.1 0.0703125 0.0 0.12109375 0.0 0.04891304347826087 23
240 0.1 0.19921875 0.0 0.19921875 0.0 0.0498046875 24
250 0.1 0.171875 0.0 0.19921875 0.0 0.05578125 25
260 0.1 0.140625 0.0 0.19921875 0.0 0.06024639423076923 26
270 0.1 0.12109375 0.0 0.19921875 0.0 0.06322337962962964 27
280 0.1 0.1015625 0.0 0.19921875 0.0 0.06529017857142858 28
290 0.1 0.171875 0.0 0.19921875 0.0 0.06654094827586207 29
300 0.1 0.21875 0.0 0.21875 0.0 0.07005208333333333 30
310 0.1 0.26171875 0.0 0.26171875 0.0 0.07484879032258064 31
320 0.1 0.37890625 0.0 0.37890625 0.0 0.0806884765625 32
330 0.1 0.48046875 0.0 0.48046875 0.0 0.08972537878787878 33
340 0.1 0.41015625 0.0 0.48046875 0.0 0.10121783088235294 34
350 0.1 0.51171875 0.0 0.51171875 0.0 0.11004464285714285 35
360 0.1 0.4296875 0.0 0.51171875 0.0 0.12120225694444445 36
370 0.1 0.359375 0.0 0.51171875 0.0 0.12953969594594594 37
380 0.1 0.30078125 0.0 0.51171875 0.0 0.13558799342105263 38
390 0.1 0.41015625 0.0 0.51171875 0.0 0.13982371794871795 39
