0 10.1 41.913871287128735 28.487865933738895 152.767 11.742 0 0
10 9.4 34.66819148936171 20.29602324808326 152.767 11.742 41.913871287128735 101
20 10.6 31.866518867924555 20.659013377248737 152.767 8.656 38.42108205128206 195
30 17.4 31.311344827586176 18.537346726613904 152.767 6.923 36.11283056478407 301
40 25.9 28.644088803088806 17.21963943058992 152.767 6.923 34.353970526315784 475
50 25.7 32.504739299610904 27.641235960468695 300.948 6.923 32.3391757493188 734
60 33.3 30.040546546546544 17.59510562530248 300.948 6.923 32.38211200807265 991
70 40.1 28.226970074812986 15.720858796860457 300.948 6.923 31.7931835347432 1324
80 44.9 25.331663697104673 16.664937719884016 300.948 6.696 30.96416811594203 1725
90 54.2 28.282929889298895 17.17031525011823 300.948 6.696 29.800877184912604 2174
100 50 26.430871999999994 17.09202557649666 300.948 6.696 29.497958394698085 2716
110 59.4 28.463932659932656 18.835782998158432 300.948 6.696 29.02111038557214 3216
120 68.2 28.06695454545455 18.237811379262546 300.948 6.696 28.934243307086614 3810
130 75.6 29.055808201058177 20.53902001827489 300.948 6.696 28.802566785396262 4492
140 74.3 29.71843203230147 20.248840026538467 300.948 6.696 28.83904744664634 5248
150 81.9 30.60816727716727 20.6116922222276 300.948 6.696 28.94810816224336 5991
160 88.7 31.519993235625712 20.62150106750945 300.948 6.696 29.14775403817914 6810
170 86.6 28.619394919168563 19.669349461802373 300.948 6.696 29.421130180589834 7697
180 97.8 33.86836503067493 23.224413876668873 300.948 6.696 29.340048464323242 8563
190 100.2 38.77288323353285 30.158064689957346 300.948 6.696 29.80422345666073 9541
200 102.9 45.757184645286635 157.10706000672957 3092.768 6.696 30.656599165322955 10543
210 107.5 295.7594669767448 431.6209288456538 3092.768 6.696 31.999366401659163 11572
220 108.8 62.14680055147049 98.03809726320024 3092.768 6.696 54.419079228275514 12647
230 114.6 42.023006980802805 31.35330545895271 3092.768 6.696 55.03122053148893 13735
240 123.4 61.70078444084274 55.11475605363261 3092.768 6.696 54.0294456017741 14881
250 134.1 90.8770663683818 76.37454067939714 3092.768 6.696 54.61687545764818 16115
260 139.6 76.4694713467051 60.57103302528875 3092.768 6.696 57.40244580659947 17456
270 140.3 77.50697434069835 60.252356952736676 3092.768 6.696 58.81436855506051 18852
280 137.3 195.74979970866684 155.88449316797332 3092.768 6.696 60.10914643297953 20255
290 139.3 640.8598198133517 480.58262866673016 3092.768 6.696 68.71995727760311 21628
300 144.7 881.5481368348285 602.3547272837035 3436.025 6.696 103.34012271404366 23021
310 136.4 1518.7286906158367 884.0919774920975 4681.284 6.696 149.36215134052622 24468
320 156 2233.714385897435 1461.3277851867579 6630.442 0.849 221.66843655156384 25832
330 147.8 2064.790848443843 1659.0509107234645 6705.254 0.844 336.2563337835863 27392
340 117.1 41.14342954739538 28.68025252952069 6705.254 0.844 424.7486792171803 28870
350 107.2 34.58017350746263 27.118367157980664 6705.254 0.844 409.795723344762 30041
360 78.3 23.739353767560694 16.736226695901653 6705.254 0.844 396.8676524603862 31113
370 49.6 14.501794354838708 6.55826733809101 6705.254 0.844 387.7079002069224 31896
380 47.5 14.06100631578946 6.344183502519795 6705.254 0.844 381.9932105149419 32392
390 48.1 16.150846153846135 10.322364830684146 6705.254 0.844 376.675785833815 32867
