10 0.1 844 0 844 844 0 0
20 0.1 763.0 0.0 844 763 844.0 1
30 0.1 699.0 0.0 844 699 803.5 2
40 0.1 1273.0 0.0 1273 699 768.6666666666666 3
50 0.1 1534.0 0.0 1534 699 894.75 4
60 0.1 1564.0 0.0 1564 699 1022.6 5
70 0.1 2.0e3 0.0 2000 699 1112.8333333333333 6
80 0.1 2490.0 0.0 2490 699 1239.5714285714287 7
90 0.1 2640.0 0.0 2640 699 1395.875 8
100 0.1 3166.0 0.0 3166 699 1534.111111111111 9
110 0.1 2881.0 0.0 3166 699 1697.3 10
120 0.1 3718.0 0.0 3718 699 1804.909090909091 11
130 0.1 4091.0 0.0 4091 699 1964.3333333333333 12
140 0.1 4497.0 0.0 4497 699 2127.923076923077 13
150 0.1 4588.0 0.0 4588 699 2297.1428571428573 14
160 0.1 4995.0 0.0 4995 699 2449.866666666667 15
170 0.1 5288.0 0.0 5288 699 2608.9375 16
180 0.1 4986.0 0.0 5288 699 2766.529411764706 17
190 0.1 6351.0 0.0 6351 699 2889.8333333333335 18
200 0.1 6833.0 0.0 6833 699 3072.0 19
210 0.1 6754.0 0.0 6833 699 3260.05 20
220 0.1 7717.0 0.0 7717 699 3426.4285714285716 21
230 0.1 7714.0 0.0 7717 699 3621.4545454545455 22
240 0.1 7858.0 0.0 7858 699 3799.391304347826 23
250 0.1 8878.0 0.0 8878 699 3968.5 24
260 0.1 9629.0 0.0 9629 699 4164.88 25
270 0.1 9654.0 0.0 9654 699 4375.038461538462 26
280 0.1 9750.0 0.0 9750 699 4570.555555555556 27
290 0.1 10187.0 0.0 10187 699 4755.535714285715 28
300 0.1 10001.0 0.0 10187 699 4942.827586206897 29
310 0.1 10486.0 0.0 10486 699 5111.433333333333 30
320 0.1 10105.0 0.0 10486 699 5284.806451612903 31
330 0.1 11168.0 0.0 11168 699 5435.4375 32
340 0.1 7309.0 0.0 11168 699 5609.151515151515 33
350 0.1 5927.0 0.0 11168 699 5659.14705882353 34
360 0.1 5088.0 0.0 11168 699 5666.8 35
370 0.1 3717.0 0.0 11168 699 5650.722222222223 36
380 0.1 2861.0 0.0 11168 699 5598.459459459459 37
390 0.1 2603.0 0.0 11168 699 5526.421052631579 38
