0 21.9 19.30250684931505 10.075974077964672 88.069 11.742 0 0
10 19.6 16.598775510204074 4.399382794212444 88.069 11.742 19.30250684931505 219
20 20.4 16.5316519607843 5.2929866167360675 88.069 8.656 18.025563855421673 415
30 29.6 18.33712162162162 6.598274343818182 88.069 6.923 17.533224555735043 619
40 40.7 18.20706142506142 5.614533358531659 88.069 6.923 17.79328306010928 915
50 43.7 19.153004576659043 15.08311322455021 256.099 6.667 17.920671709531007 1322
60 55.5 17.955318918918877 5.279068934519403 256.099 6.667 18.226828311540643 1759
70 59 19.193018644067823 5.575002162011422 256.099 6.667 18.161708297320644 2314
80 64.2 17.678419003115266 5.981528867728087 256.099 6.667 18.37123760330578 2904
90 81.4 18.85495700245697 5.812417193248639 256.099 6.667 18.245803440496328 3546
100 70.2 18.812641025640993 6.361865932844759 256.099 6.667 18.359530733944943 4360
110 86 19.603282558139558 7.077146832171452 256.099 6.667 18.422368233899633 5062
120 97.2 19.677883744855993 7.0408463547222615 256.099 6.667 18.593862039851395 5922
130 104.2 21.066139155470225 10.412037551042589 256.099 6.667 18.74670060922541 6894
140 107.5 20.523943255813926 8.59490558193407 256.099 6.667 19.051243825604832 7936
150 114.9 21.882816362053955 8.825211710133596 256.099 6.667 19.226934857396508 9011
160 123.3 22.638894566098998 9.178678775482801 256.099 6.667 19.52728996062991 10160
170 120.6 20.48083996683253 8.093909678415585 256.099 6.667 19.864041341174403 11393
180 141.6 23.511507062146944 10.455089306019467 256.099 6.667 19.92308246686245 12599
190 145.1 26.680393521709114 15.965777666811725 256.099 6.667 20.285637531216558 14015
200 141.6 33.178992937853046 132.5865644663305 3041.419 6.667 20.88558521919048 15466
210 149.4 216.50233868808587 292.824915272791 3041.419 6.667 21.916710993958056 16882
220 150.7 41.210228931652274 43.54407183381714 3041.419 6.667 37.73685290596431 18376
230 157.2 30.589622773536888 16.761724033899863 3041.419 6.667 38.00011185434794 19883
240 174.8 43.696938787185324 32.72715054586199 3041.419 6.667 37.45714803076207 21455
250 184.9 66.40341157382363 48.2833999672776 3041.419 6.667 37.927223203896055 23203
260 192.7 54.76170627919046 38.04851876407263 3041.419 6.667 40.02895050295386 25052
270 195.6 55.56349744376263 38.91847001565454 3041.419 6.667 41.081251195374186 26979
280 190.4 141.93652678571385 101.7936150933414 3041.419 6.667 42.06024803870744 28935
290 191.5 477.2735587467366 302.9468846603526 3041.419 6.667 48.22660994195658 30839
300 195.5 661.8382301790258 346.76895874498456 3041.419 6.667 73.3113295780668 32754
310 187.4 1171.1970458911414 361.02158690807636 3041.419 6.667 106.46037134460789 34709
320 212.8 1708.7701950187961 635.8687846767838 3041.419 0.798 161.00255017357773 36583
330 168.3 1625.3910071301214 727.3514034617543 3041.419 0.798 246.08558983234718 38711
340 117.1 41.14342954739538 28.68025252952069 3041.419 0.798 303.55380336188506 40394
350 107.2 34.58017350746263 27.118367157980664 3041.419 0.798 296.16098373631627 41565
360 78.3 23.739353767560694 16.736226695901653 3041.419 0.798 289.58419295447584 42637
370 49.6 14.501794354838708 6.55826733809101 3041.419 0.798 284.7901692537998 43420
380 47.5 14.06100631578946 6.344183502519795 3041.419 0.798 281.73745420803317 43916
390 48.1 16.150846153846135 10.322364830684146 3041.419 0.798 278.87321792705694 44391
