10 0.1 867 0 867 867 0 0
20 0.1 801.0 0.0 867 801 867.0 1
30 0.1 751.0 0.0 867 751 834.0 2
40 0.1 1549.0 0.0 1549 751 806.3333333333334 3
50 0.1 1735.0 0.0 1735 751 992.0 4
60 0.1 1767.0 0.0 1767 751 1140.6 5
70 0.1 2195.0 0.0 2195 751 1245.0 6
80 0.1 2792.0 0.0 2792 751 1380.7142857142858 7
90 0.1 3010.0 0.0 3010 751 1557.125 8
100 0.1 3597.0 0.0 3597 751 1718.5555555555557 9
110 0.1 3237.0 0.0 3597 751 1906.4 10
120 0.1 4262.0 0.0 4262 751 2027.3636363636363 11
130 0.1 4584.0 0.0 4584 751 2213.5833333333335 12
140 0.1 4997.0 0.0 4997 751 2395.923076923077 13
150 0.1 5048.0 0.0 5048 751 2581.714285714286 14
160 0.1 5530.0 0.0 5530 751 2746.133333333333 15
170 0.1 5871.0 0.0 5871 751 2920.125 16
180 0.1 5664.0 0.0 5871 751 3093.705882352941 17
190 0.1 6835.0 0.0 6835 751 3236.5 18
200 0.1 7471.0 0.0 7471 751 3425.8947368421054 19
210 0.1 7410.0 0.0 7471 751 3628.15 20
220 0.1 7811.0 0.0 7811 751 3808.2380952380954 21
230 0.1 8051.0 0.0 8051 751 3990.181818181818 22
240 0.1 8170.0 0.0 8170 751 4166.739130434783 23
250 0.1 9114.0 0.0 9114 751 4333.541666666667 24
260 0.1 9859.0 0.0 9859 751 4524.76 25
270 0.1 9857.0 0.0 9859 751 4729.923076923077 26
280 0.1 9768.0 0.0 9859 751 4919.814814814815 27
290 0.1 10073.0 0.0 10073 751 5092.964285714285 28
300 0.1 9860.0 0.0 10073 751 5264.689655172414 29
310 0.1 10535.0 0.0 10535 751 5417.866666666667 30
320 0.1 10047.0 0.0 10535 751 5582.935483870968 31
330 0.1 11225.0 0.0 11225 751 5722.4375 32
340 0.1 7697.0 0.0 11225 751 5889.181818181818 33
350 0.1 6722.0 0.0 11225 751 5942.35294117647 34
360 0.1 6057.0 0.0 11225 751 5964.628571428571 35
370 0.1 4420.0 0.0 11225 751 5967.194444444444 36
380 0.1 3287.0 0.0 11225 751 5925.378378378378 37
390 0.1 3039.0 0.0 11225 751 5855.9473684210525 38
