30 1.3 35063.406615384614 15.782870746665896 35117.509 35052.913 0 0
40 5.4 35061.35357407406 6.99212336371559 35117.509 35052.913 35063.406615384614 13
50 4.6 35059.58895652175 4.9599307102310055 35117.509 35052.16 35061.75192537312 67
60 6.1 35062.634836065576 14.172455645451402 35140.315 35049.702 35060.87142477876 113
70 7.2 35062.309069444455 8.011575249680199 35140.315 35048.479 35061.489632183904 174
80 14.3 54273.211741258725 22270.538940101156 80182.908 35048.479 35061.72946747968 246
90 13.5 52405.84142222223 21909.328933936442 80182.908 35048.479 42124.04814395886 389
100 13 50994.19223076923 21528.538476334455 80182.908 35048.479 44772.983435114504 524
110 16.4 51812.61332317071 21760.138650300138 80182.908 35048.479 46009.6151529052 654
120 17.7 54652.56424293785 22318.366294286843 80182.908 35048.479 47173.052438875304 818
130 22.9 52962.75680786031 22031.167002649327 80336.548 35048.479 48503.57865929648 995
140 20.8 58878.39857692306 22472.46362096534 80336.548 35048.479 49337.85300245098 1224
150 22.9 53356.04162882094 22108.316366218707 80336.548 35048.479 50723.63057192737 1432
160 27.2 51130.01478308827 21562.46032914546 80336.548 35048.479 51086.557803732685 1661
170 27.1 57667.05308118082 22509.775426388158 80336.548 35048.479 51092.67280548371 1933
180 26.3 52021.8527338403 21810.90474262964 80336.548 35048.479 51901.047149727776 2204
190 30.6 54801.488281045706 22329.915116548487 80336.548 35048.479 51913.92589663559 2467
200 31.7 55971.30219873819 22440.16712213118 80336.548 35048.479 52232.56783303281 2773
210 31.3 55453.51310223641 22335.24539229393 82110.438 35048.479 52616.1208407767 3090
220 35.5 56405.8650788732 22429.208509372387 82110.438 35048.479 52877.09756068175 3403
230 33.3 57408.84437537538 22509.15767248851 82110.438 35048.479 53210.44308195849 3758
240 38.6 55314.022505181376 22358.539508818532 82110.438 35048.479 53552.18535296993 4091
250 37.8 55498.46551058199 22280.540220662493 82110.438 35048.479 53704.088221130216 4477
260 44.6 56976.84812780272 22464.42255351806 82110.438 35048.479 53843.79463007209 4855
270 45.4 57588.25831497801 22470.873096424355 82110.438 35048.479 54107.394301829845 5301
280 41.6 56122.11047355774 22311.95224766285 83181.587 35048.479 54381.99243596873 5755
290 39.5 55237.81572658224 22242.861322000215 83427.762 35048.479 54499.29742764545 6171
300 48.2 59007.79851659759 22384.787367366564 83427.762 35048.479 54543.7255007615 6566
310 40.2 57605.918390547246 22147.039437470576 83427.762 35048.479 54849.015397701485 7048
320 47.6 59422.69664495795 22053.241918051153 83778.844 35048.479 54997.77714308726 7450
330 61 60380.84742622941 21986.520648381753 84218.81 35048.479 55263.51795596771 7926
340 63.8 58009.262865203724 22512.081302291503 84218.81 35048.479 55629.21277518744 8536
350 51.7 59958.484466150854 21742.167684318625 84218.81 35040.138 55794.73184619577 9174
360 47.4 60330.2902890295 21784.51035435548 84218.81 35037.415 56016.8616681457 9691
370 24.9 81381.2679518072 550.4797025971313 84218.81 35037.415 56217.99941200197 10165
380 25 81931.81271600004 581.82393424307 84218.81 35037.415 56819.65620731708 10414
390 22 83278.9753909091 814.5265464445093 84709.195 35037.415 57408.36955382596 10664
