0 104.01796875 104.01796875
10 90.92109375 194.9390625
20 89.69609375 284.63515625
30 150.42265625 435.0578125
40 212.74453125 647.80234375
50 240.08828125 887.890625
60 294.35625 1182.246875
70 340.6359375 1522.8828125
80 382.4359375 1905.31875
90 468.25859375 2373.57734375
100 412.05 2785.62734375
110 503.55234375 3289.1796875
120 570.4203125 3859.6
130 626.584375 4486.184375
140 641.36484375 5127.54921875
150 680.50546875 5808.0546875
160 760.18125 6568.2359375
170 714.95390625 7283.18984375
180 855.50234375 8138.6921875
190 878.76953125 9017.46171875
200 860.55390625 9878.015625
210 909.84140625 10787.85703125
220 901.58828125 11689.4453125
230 950.63046875 12640.07578125
240 1068.28828125 13708.3640625
250 1123.15234375 14831.51640625
260 1184.70859375 16016.225
270 1193.47265625 17209.69765625
280 1180.07265625 18389.7703125
290 1178.7375 19568.5078125
300 1224.3 20792.8078125
310 1245.8796875 22038.6875
320 1286.903125 23325.590625
330 1009.37265625 24334.96328125
340 939.11875 25274.08203125
350 830.490625 26104.57265625
360 614.1640625 26718.73671875
370 400.4546875 27119.19140625
380 384.53359375 27503.725
390 372.74140625 27876.46640625
