0 104.803125 104.803125
10 91.18046875 195.98359375
20 89.2109375 285.19453125
30 158.8546875 444.04921875
40 212.76796875 656.8171875
50 245.84609375 902.66328125
60 298.0765625 1200.73984375
70 391.06953125 1591.809375
80 376.68515625 1968.49453125
90 475.57734375 2444.071875
100 423.3609375 2867.4328125
110 516.53984375 3383.97265625
120 591.33984375 3975.3125
130 638.8046875 4614.1171875
140 644.09921875 5258.21640625
150 686.22109375 5944.4375
160 791.7921875 6736.2296875
170 700.95625 7437.1859375
180 881.93125 8319.1171875
190 895.43671875 9214.55390625
200 869.44453125 10083.9984375
210 921.85546875 11005.85390625
220 924.96171875 11930.815625
230 965.6015625 12896.4171875
240 1065.9265625 13962.34375
250 1161.090625 15123.434375
260 1216.38515625 16339.81953125
270 1190.91875 17530.73828125
280 1149.05390625 18679.7921875
290 1220.24453125 19900.03671875
300 1182.44140625 21082.478125
310 998.16171875 22080.63984375
320 1046.23515625 23126.875
330 1027.63046875 24154.50546875
340 675.63046875 24830.1359375
350 651.98046875 25482.11640625
360 383.75859375 25865.875
370 192.57109375 26058.44609375
380 167.92734375 26226.3734375
390 198.89921875 26425.27265625
