0 106 106
10 199 199
20 302 302
30 411 411
40 522 522
50 630 630
60 786 786
70 894 897
80 939 940
90 1065 1070
100 1146 1148
110 1253 1253
120 1369 1374
130 1437 1438
140 1537 1538
150 1654 1654
160 1704 1708
170 1784 1790
180 1929 1929
190 2018 2020
200 2084 2092
210 2201 2207
220 2277 2307
230 2386 2386
240 2485 2487
250 2639 2639
260 2672 2677
270 2736 2746
280 2875 2876
290 3031 3037
300 3096 3104
310 3263 3263
320 3375 3380
330 2788 3386
340 2150 3386
350 1633 3386
360 1159 3386
370 910 3386
380 660 3386
390 440 3386
