0 10.6 106
10 9.3 199
20 10.3 302
30 12.2 424
40 16.5 589
50 15.4 743
60 21.7 960
70 18 1140
80 18.8 1328
90 26.1 1589
100 21.1 1800
110 27.1 2071
120 29.3 2364
130 29.7 2661
140 30.8 2969
150 34.6 3315
160 32.2 3637
170 35.1 3988
180 40.8 4396
190 39.5 4791
200 38.3 5174
210 43 5604
220 43.1 6035
230 44.2 6477
240 48.5 6962
250 53.2 7494
260 47.9 7973
270 51.8 8491
280 55.5 9046
290 55.1 9597
300 54.7 10144
310 56.9 10713
320 58.8 11301
330 2.3 11324
340 0 11324
350 0 11324
360 0 11324
370 0 11324
380 0 11324
390 0 11324
