0 9.7 97
10 10.8 205
20 9.7 302
30 10.1 403
40 14.1 544
50 14.8 692
60 18.3 875
70 19.6 1071
80 24.5 1316
90 29.8 1614
100 29.1 1905
110 32 2225
120 32.8 2553
130 36.3 2916
140 38.3 3299
150 47.4 3773
160 45.8 4231
170 48.3 4714
180 47.1 5185
190 53.3 5718
200 50.4 6222
210 59.8 6820
220 56.5 7385
230 60.1 7986
240 69.7 8683
250 66.3 9346
260 65 9996
270 73.4 10730
280 75.7 11487
290 77.4 12261
300 76.9 13030
310 74.5 13775
320 76.1 14536
330 39.1 14927
340 30.3 15230
350 25.6 15486
360 28.5 15771
370 28.1 16052
