0 9.7 6.786092783505157 30.444063939226663 192.32 0.827 0 0
10 10.9 1.473412844036698 0.7924100992160674 192.32 0.827 6.786092783505157 97
20 9.6 3.113822916666667 9.996507480735033 192.32 0.827 3.9750145631067975 206
30 10.2 1.2254411764705881 1.0557194979275972 192.32 0.827 3.701258278145696 302
40 14 1.1797642857142858 0.6024979503310042 192.32 0.797 3.0761757425742577 404
50 14.8 0.9747229729729723 0.12193955198009947 192.32 0.786 2.588128676470588 544
60 18.3 1.01179781420765 0.5691447112029631 192.32 0.786 2.243065028901734 692
70 24.1 0.9755145228215765 0.18155814997482944 192.32 0.749 1.9855542857142856 875
80 25.8 1.051996124031008 0.5463844197023777 192.32 0.749 1.7674363799283153 1116
90 28.6 0.9674405594405598 0.5961322320385061 192.32 0.73 1.6330960698689956 1374
100 29.4 1.407108843537416 1.6055391877469636 192.32 0.73 1.518410843373494 1660
110 34.4 1.1398197674418602 0.6668330890702827 192.32 0.73 1.5016642784032754 1954
120 33.5 1.0111492537313416 0.6995727022854913 192.32 0.674 1.4474978241949523 2298
130 37.7 1.0221777188328913 0.2756233114149216 192.32 0.674 1.391980630459552 2633
140 39.3 1.0252849872773517 0.3036889566571089 192.32 0.674 1.345663122923588 3010
150 47 5.041472340425539 21.239482070614585 192.32 0.674 1.3086638260358503 3403
160 48.5 1.0261608247422678 0.37583005442021966 192.32 0.674 1.7616511747998973 3873
170 48.5 0.957713402061856 0.14228824500198725 192.32 0.674 1.6797987608994955 4358
180 48.7 1.9248275154004078 8.445487249528803 192.32 0.674 1.6074858558744585 4843
190 51.6 0.8817887596899227 0.11473373265321388 192.32 0.67 1.6364812382739216 5330
200 51.9 0.9352524084778423 0.40304966043343765 192.32 0.67 1.5698679438932608 5846
210 60.3 0.9454908789386405 0.5141026616989006 192.32 0.67 1.5181216025137474 6365
220 61.7 2.662197730956237 13.898679308308308 192.32 0.67 1.4685670206659016 6968
230 58.1 10.28382444061961 47.542420702044005 363.177 0.67 1.5656626235992088 7585
240 69.8 1.361216332378223 3.4348910457509776 363.177 0.67 2.1859481998530486 8166
250 63.3 0.9761548183254356 0.49404140322527246 363.177 0.67 2.1210042870036094 8864
260 70 0.8809442857142866 0.1411619375405568 363.177 0.67 2.044697062230177 9497
270 73.4 0.8970544959128065 0.3931158072402203 363.177 0.666 1.9648081788761393 10197
280 79.6 1.0289045226130633 0.6154511099782951 363.177 0.666 1.8931101454578714 10931
290 74.5 0.9213932885906048 0.42629933360744526 363.177 0.666 1.834449987209004 11727
300 79.2 1.003136363636364 1.2011751922663363 363.177 0.666 1.7799096375881969 12472
310 83.4 1.000441247002397 0.7218672194519622 363.177 0.666 1.7335281212303975 13264
320 81.8 1.017433985330075 0.3164700183855161 363.177 0.666 1.6901606610866784 14098
330 36.4 1.0864532967032954 0.3979627868116991 363.177 0.666 1.653268034325556 14916
340 25.5 1.0135764705882349 0.3043032946463798 363.177 0.666 1.6397653795811515 15280
350 28.5 0.951522807017544 0.1727911537468666 363.177 0.666 1.6294867718055999 15535
360 28.1 0.9096085409252667 0.6498632019735888 363.177 0.666 1.6172731352718075 15820
370 26.4 0.903375 0.5200862030638999 363.177 0.666 1.6049227377181539 16101
