0 0.1 3520.5859375 0 3520.5859375 3520.5859375 0 0
10 0.1 3518.17578125 0.0 3520.5859375 3518.17578125 3520.5859375 1
20 0.1 3514.77734375 0.0 3520.5859375 3514.77734375 3519.380859375 2
30 0.1 3511.578125 0.0 3520.5859375 3511.578125 3517.8463541666665 3
40 0.1 3501.90625 0.0 3520.5859375 3501.90625 3516.279296875 4
50 0.1 3494.0234375 0.0 3520.5859375 3494.0234375 3513.4046875 5
60 0.1 3491.796875 0.0 3520.5859375 3491.796875 3510.1744791666665 6
70 0.1 3488.22265625 0.0 3520.5859375 3488.22265625 3507.5491071428573 7
80 0.1 3479.92578125 0.0 3520.5859375 3479.92578125 3505.13330078125 8
90 0.1 3477.91015625 0.0 3520.5859375 3477.91015625 3502.332465277778 9
100 0.1 3475.9296875 0.0 3520.5859375 3475.9296875 3499.890234375 10
110 0.1 3466.72265625 0.0 3520.5859375 3466.72265625 3497.712002840909 11
120 0.1 3454.328125 0.0 3520.5859375 3454.328125 3495.1295572916665 12
130 0.1 3447.23046875 0.0 3520.5859375 3447.23046875 3491.990985576923 13
140 0.1 3445.296875 0.0 3520.5859375 3445.296875 3488.7938058035716 14
150 0.1 3444.14453125 0.0 3520.5859375 3444.14453125 3485.894010416667 15
160 0.1 3442.01171875 0.0 3520.5859375 3442.01171875 3483.28466796875 16
170 0.1 3440.60546875 0.0 3520.5859375 3440.60546875 3480.8568474264707 17
180 0.1 3439.56640625 0.0 3520.5859375 3439.56640625 3478.620659722222 18
190 0.1 3423.625 0.0 3520.5859375 3423.625 3476.5651726973683 19
200 0.1 3421.12109375 0.0 3520.5859375 3421.12109375 3473.9181640625 20
210 0.1 3420.39453125 0.0 3520.5859375 3420.39453125 3471.4040178571427 21
220 0.1 3418.31640625 0.0 3520.5859375 3418.31640625 3469.0854048295455 22
230 0.1 3417.39453125 0.0 3520.5859375 3417.39453125 3466.8780570652175 23
240 0.1 3415.87109375 0.0 3520.5859375 3415.87109375 3464.8162434895835 24
250 0.1 3400.56640625 0.0 3520.5859375 3400.56640625 3462.8584375 25
260 0.1 3396.12109375 0.0 3520.5859375 3396.12109375 3460.462590144231 26
270 0.1 3394.4921875 0.0 3520.5859375 3394.4921875 3458.079571759259 27
280 0.1 3392.4453125 0.0 3520.5859375 3392.4453125 3455.80859375 28
290 0.1 3376.6953125 0.0 3520.5859375 3376.6953125 3453.6236530172414 29
300 0.1 3375.79296875 0.0 3520.5859375 3375.79296875 3451.059375 30
310 0.1 3363.78515625 0.0 3520.5859375 3363.78515625 3448.6314264112902 31
320 0.1 3344.5859375 0.0 3520.5859375 3344.5859375 3445.97998046875 32
330 0.1 3326.7734375 0.0 3520.5859375 3326.7734375 3442.907433712121 33
340 0.1 3326.04296875 0.0 3520.5859375 3326.04296875 3439.4917279411766 34
350 0.1 3326.140625 0.0 3520.5859375 3326.04296875 3436.2503348214286 35
360 0.1 3324.6796875 0.0 3520.5859375 3324.6796875 3433.1917317708335 36
370 0.1 3324.70703125 0.0 3520.5859375 3324.6796875 3430.2589738175675 37
