10 0.1 821 0 821 821 0 0
20 0.1 780.0 0.0 821 780 821.0 1
30 0.1 641.0 0.0 821 641 800.5 2
40 0.1 1166.0 0.0 1166 641 747.3333333333334 3
50 0.1 1472.0 0.0 1472 641 852.0 4
60 0.1 1362.0 0.0 1472 641 976.0 5
70 0.1 1840.0 0.0 1840 641 1040.3333333333333 6
80 0.1 2383.0 0.0 2383 641 1154.5714285714287 7
90 0.1 2582.0 0.0 2582 641 1308.125 8
100 0.1 3148.0 0.0 3148 641 1449.6666666666667 9
110 0.1 3183.0 0.0 3183 641 1619.5 10
120 0.1 3395.0 0.0 3395 641 1761.6363636363637 11
130 0.1 3856.0 0.0 3856 641 1897.75 12
140 0.1 4053.0 0.0 4053 641 2048.3846153846152 13
150 0.1 4296.0 0.0 4296 641 2191.5714285714284 14
160 0.1 5101.0 0.0 5101 641 2331.866666666667 15
170 0.1 5099.0 0.0 5101 641 2504.9375 16
180 0.1 5176.0 0.0 5176 641 2657.529411764706 17
190 0.1 5604.0 0.0 5604 641 2797.4444444444443 18
200 0.1 6093.0 0.0 6093 641 2945.157894736842 19
210 0.1 5854.0 0.0 6093 641 3102.55 20
220 0.1 6835.0 0.0 6835 641 3233.5714285714284 21
230 0.1 7109.0 0.0 7109 641 3397.2727272727275 22
240 0.1 7244.0 0.0 7244 641 3558.6521739130435 23
250 0.1 7668.0 0.0 7668 641 3712.2083333333335 24
260 0.1 7765.0 0.0 7765 641 3870.44 25
270 0.1 8524.0 0.0 8524 641 4020.230769230769 26
280 0.1 9012.0 0.0 9012 641 4187.037037037037 27
290 0.1 10041.0 0.0 10041 641 4359.357142857143 28
300 0.1 9537.0 0.0 10041 641 4555.275862068966 29
310 0.1 9931.0 0.0 10041 641 4721.333333333333 30
320 0.1 10155.0 0.0 10155 641 4889.387096774193 31
330 0.1 10115.0 0.0 10155 641 5053.9375 32
340 0.1 6994.0 0.0 10155 641 5207.30303030303 33
350 0.1 5836.0 0.0 10155 641 5259.85294117647 34
360 0.1 5761.0 0.0 10155 641 5276.314285714286 35
370 0.1 4212.0 0.0 10155 641 5289.777777777777 36
