0 18.7 21.219823529411762 26.798410456809535 206.577 8.168 0 0
10 22 15.043827272727277 3.7617557768561665 206.577 8.082 21.219823529411762 187
20 18.9 16.735121693121695 9.178146721378944 206.577 8.082 17.881447174447175 407
30 27.2 17.06062132352941 5.8751761757052625 206.577 7.102 17.517931208053692 596
40 39.6 17.359704545454512 7.195069761637323 206.577 6.283 17.3746267281106 868
50 40.5 22.379399999999976 38.43254806724678 397.29 6.104 17.369951740506316 1264
60 47.3 16.394646934460905 5.015991564837006 397.29 6.104 18.585545835829823 1669
70 58.1 17.292936316695343 5.945112544029489 397.29 6.104 18.101747899159655 2142
80 63.1 16.788578446909632 6.786629259551729 397.29 6.104 17.929173705471896 2723
90 76.4 17.098674083769637 5.952305482752792 397.29 6.104 17.71458944543827 3354
100 78.4 18.91316836734692 7.004279990726323 397.29 6.104 17.600320543953366 4118
110 87.2 18.810331422018336 7.186693406454075 397.29 6.104 17.81029049367604 4902
120 89 18.477246067415717 6.772024209948232 397.29 6.104 17.961318496709374 5774
130 98.4 19.630597560975634 7.907592738714877 397.29 6.104 18.03022238895557 6664
140 102.5 20.544209756097555 10.19777281700381 397.29 6.104 18.23612839958158 7648
150 121.3 26.219049464138536 31.23094525394797 397.29 5.814 18.508904070102613 8673
160 121.9 21.908502871205904 10.247308976298813 397.29 5.814 19.454929395104188 9886
170 124.4 21.249949356913206 9.23636658692922 397.29 5.677 19.72425907248987 11105
180 126.9 24.055421591804556 12.347946737285145 397.29 5.677 19.877952384808488 12349
190 142.3 23.791527055516475 11.102042757995369 397.29 5.677 20.267231898957263 13618
200 139.2 24.754406609195396 13.673057892830835 397.29 5.677 20.600658666312075 15041
210 157.1 26.442646721833185 13.263404414500473 397.29 5.677 20.95251268788413 16433
220 155.9 33.1430128287363 31.08977299067599 397.29 5.677 21.43157292823816 18004
230 154.7 34.15538332255982 44.72594675945065 510.239 5.677 22.364872258855993 19563
240 179.2 34.59885323660718 24.912481053058002 510.239 5.677 23.228913974419697 21110
250 169.8 35.75481566548881 27.606523864468148 510.239 5.677 24.118571260151946 22902
260 185.4 39.67271682847903 23.865164219495377 510.239 5.677 24.921755934959343 24600
270 193.3 50.52619037765113 33.835670727929504 510.239 5.677 25.95556108717018 26454
280 206.6 115.73469941916731 86.18309423442128 510.239 5.677 27.62868703984217 28387
290 200.7 67.0476616841055 46.6280073120866 510.239 5.677 33.60599704462612 30453
300 202.6 126.26394323790736 80.28899288620683 510.239 5.677 35.67369331484902 32460
310 197.3 532.5492067916886 230.6438829280948 1103.996 5.677 40.99573258713679 34486
320 211.8 1090.1039981114227 291.2705163529511 1577.47 0.508 67.59643487204808 36459
330 156.6 932.2548058748403 550.9439327071707 1654.065 0.508 123.73535233429229 38577
340 112.7 38.80218633540374 27.049927267472853 1654.065 0.508 155.27613065789785 40143
350 110.8 35.190055956678705 25.96627793101529 1654.065 0.508 152.0954634601404 41270
360 84.5 25.262186982248533 21.986310333501038 1654.065 0.508 149.03889657369376 42378
370 54.4 12.672272058823523 5.018958820601713 1654.065 0.508 146.61908953566376 43223
