10 0.1 876 0 876 876 0 0
20 0.1 824.0 0.0 876 824 876.0 1
30 0.1 769.0 0.0 876 769 850.0 2
40 0.1 1333.0 0.0 1333 769 823.0 3
50 0.1 1681.0 0.0 1681 769 950.5 4
60 0.1 1554.0 0.0 1681 769 1096.6 5
70 0.1 2040.0 0.0 2040 769 1172.8333333333333 6
80 0.1 2643.0 0.0 2643 769 1296.7142857142858 7
90 0.1 2891.0 0.0 2891 769 1465.0 8
100 0.1 3689.0 0.0 3689 769 1623.4444444444443 9
110 0.1 3566.0 0.0 3689 769 1830.0 10
120 0.1 3818.0 0.0 3818 769 1987.8181818181818 11
130 0.1 4357.0 0.0 4357 769 2140.3333333333335 12
140 0.1 4590.0 0.0 4590 769 2310.846153846154 13
150 0.1 4827.0 0.0 4827 769 2473.6428571428573 14
160 0.1 5657.0 0.0 5657 769 2630.5333333333333 15
170 0.1 5695.0 0.0 5695 769 2819.6875 16
180 0.1 5778.0 0.0 5778 769 2988.823529411765 17
190 0.1 6367.0 0.0 6367 769 3143.777777777778 18
200 0.1 6789.0 0.0 6789 769 3313.4210526315787 19
210 0.1 6510.0 0.0 6789 769 3487.2 20
220 0.1 7421.0 0.0 7421 769 3631.1428571428573 21
230 0.1 7665.0 0.0 7665 769 3803.409090909091 22
240 0.1 7945.0 0.0 7945 769 3971.304347826087 23
250 0.1 8265.0 0.0 8265 769 4136.875 24
260 0.1 8283.0 0.0 8283 769 4302.0 25
270 0.1 8774.0 0.0 8774 769 4455.115384615385 26
280 0.1 9278.0 0.0 9278 769 4615.074074074074 27
290 0.1 9945.0 0.0 9945 769 4781.607142857143 28
300 0.1 9557.0 0.0 9945 769 4959.6551724137935 29
310 0.1 9816.0 0.0 9945 769 5112.9 30
320 0.1 10072.0 0.0 10072 769 5264.612903225807 31
330 0.1 10087.0 0.0 10087 769 5414.84375 32
340 0.1 7257.0 0.0 10087 769 5556.424242424242 33
350 0.1 6417.0 0.0 10087 769 5606.441176470588 34
360 0.1 6554.0 0.0 10087 769 5629.6 35
370 0.1 4921.0 0.0 10087 769 5655.277777777777 36
