30 2.6 35061.70703846153 18.072864745629552 35117.311 35049.59 0 0
40 5.9 35064.846220338986 42.32039590546841 35295.66 35049.339 35061.70703846153 26
50 5 35070.46066000001 55.15116670229596 35418.859 35048.493 35063.886 85
60 4.8 35072.91564583333 67.4387348068874 35438.319 35048.489 35066.32105925926 135
70 6.7 35059.82310447762 14.18300362493503 35438.319 35046.884 35068.050786885244 183
80 10.4 55409.243240384654 22412.251438168318 80295.45 35045.093 35065.845768 250
90 14.1 52944.18569503549 22025.33074651299 80295.45 35045.093 41042.43711581922 354
100 14 49210.947221428585 20901.012473654824 80295.45 35045.093 44432.632165656585 495
110 14.4 51007.28627083332 21531.210180732283 80295.45 35045.093 45486.118949606316 635
120 18.6 52490.25844623657 21929.146732653622 80295.45 35045.093 46506.719840821585 779
130 19.4 52935.434427835055 22028.173256478887 80342.793 35045.093 47660.0236549223 965
140 21.3 54723.359253521136 22326.272279899866 80342.793 35045.093 48543.05186022435 1159
150 22.9 55531.836934497784 22403.49214643366 80342.793 35045.093 49502.531069241995 1372
160 23.5 53851.21534893616 22200.266951036665 80389.327 35045.093 50364.93646783261 1601
170 26.1 56977.78306896548 22501.22616628439 80389.327 35045.093 50811.16497385621 1836
180 29.5 54311.40505084743 22261.974865218544 80389.327 35045.093 51578.683964234624 2097
190 32.5 55027.120452307645 22361.993824295685 80389.327 35045.093 51915.704332357855 2392
200 30.5 54122.044754098395 22235.424138901028 80389.327 35045.093 52287.88329407434 2717
210 30.5 55902.04171147541 22438.74198590354 80389.327 35045.093 52472.99886168099 3022
220 34.9 54186.91171346699 22242.57107987924 80389.327 35045.093 52787.35355635707 3327
230 38.7 57559.96507493538 22507.07654939295 80413.902 35045.093 52920.22782100108 3676
240 36.9 56832.755796747966 22491.984235866552 80577.016 35045.093 53362.16193797685 4063
250 40 55149.07774750006 22363.148007345524 80577.016 35045.093 53651.11706746389 4432
260 37.9 53190.06250131928 22045.558626691854 80577.016 35045.093 53775.12043501655 4832
270 43.3 56047.130602771365 22422.007833451822 80577.016 35045.093 53732.568725772406 5211
280 44.8 54730.70171205362 22256.323306460185 80577.016 35045.093 53910.13876346563 5644
290 47.6 57295.23695378152 22452.130155445968 80577.016 35045.093 53970.48219763625 6092
300 43.4 56546.09803225809 22420.893254593695 80600.676 35045.093 54211.43580054812 6568
310 45 55450.67566888888 22191.399169736145 81315.605 35045.093 54356.143513853196 7002
320 49.5 58472.97859191917 22218.49917383011 82396.087 35045.093 54422.23845075149 7452
330 55.5 56785.05560360362 22254.157719212813 82656.066 35045.093 54674.549558072235 7947
340 59.2 58371.31239695942 22660.096111602652 82656.066 35045.093 54812.32077134793 8502
350 54.2 57005.8307472325 22106.543064400194 82656.066 35037.809 55044.0035338685 9094
360 48.4 62239.84266115708 21708.07432604668 82656.066 35031.867 55154.35122478208 9636
370 27.8 80212.90708273384 81.0727876989021 82656.066 35031.867 55493.222554347834 10120
