0 81.96796875 81.96796875
10 100.80546875 182.7734375
20 83.5671875 266.340625
30 153.1015625 419.4421875
40 220.38203125 639.82421875
50 223.5859375 863.41015625
60 254.88125 1118.29140625
70 361.796875 1480.08828125
80 379.390625 1859.47890625
90 438.57890625 2298.0578125
100 461.0421875 2759.1
110 528.30546875 3287.40546875
120 543.29765625 3830.703125
130 604.26328125 4434.96640625
140 630.65625 5065.62265625
150 713.8703125 5779.49296875
160 749.26875 6528.76171875
170 752.67421875 7281.4359375
180 795.50546875 8076.94140625
190 862.69375 8939.63515625
200 869.4140625 9809.04921875
210 953.25390625 10762.303125
220 993.79296875 11756.09609375
230 940.62421875 12696.7203125
240 1086.2578125 13782.978125
250 1007.659375 14790.6375
260 1179.88125 15970.51875
270 1189.54140625 17160.06015625
280 1299.46953125 18459.5296875
290 1222.96796875 19682.49765625
300 1255.346875 20937.84453125
310 1239.653125 22177.49765625
320 1263.42890625 23440.9265625
330 1199.7546875 24640.68125
340 808.103125 25448.784375
350 802.03125 26250.815625
360 426.675 26677.490625
370 186.1625 26863.653125
