0 82.5515625 82.5515625
10 100.72109375 183.27265625
20 83.98125 267.25390625
30 145.4203125 412.67421875
40 218.84453125 631.51875
50 218.2859375 849.8046875
60 249.41640625 1099.22109375
70 328.42890625 1427.65
80 363.971875 1791.621875
90 444.27890625 2235.90078125
100 454.871875 2690.77265625
110 506.77421875 3197.546875
120 532.08828125 3729.63515625
130 591.03515625 4320.6703125
140 616.0234375 4936.69375
150 711.9578125 5648.6515625
160 726.78359375 6375.43515625
170 748.69375 7124.12890625
180 773.0703125 7897.19921875
190 868.3828125 8765.58203125
200 851.1390625 9616.72109375
210 940.93515625 10557.65625
220 954.603125 11512.259375
230 949.209375 12461.46875
240 1070.42109375 13531.88984375
250 1026.23984375 14558.1296875
260 1132.70390625 15690.83359375
270 1176.7046875 16867.53828125
280 1274.91953125 18142.4578125
290 1221.9359375 19364.39375
300 1244.265625 20608.659375
310 1299.3015625 21907.9609375
320 1304.43125 23212.3921875
330 983.4296875 24195.821875
340 901.82890625 25097.65078125
350 870.228125 25967.87890625
360 678.884375 26646.76328125
370 441.79453125 27088.5578125
